0.568537 0.53595
0.247868 0.839014
0.00592478 0.0647763
0.781229 0.221766
0.333768 0.23843
0.875642 0.245721
0.86484 0.962535
0.876391 0.980174
0.739406 0.735934
0.648147 0.0348981
0.140824 0.059677
0.521697 0.729803
0.120417 0.289168
0.565283 0.163107
0.592151 0.500962
0.448896 0.231761
0.408632 0.061768
0.415846 0.250899
0.527391 0.493435
0.635099 0.736629
0.860244 0.874319
0.896447 0.164784
0.336015 0.101192
0.775208 0.221855
0.980011 0.826175
0.824404 0.10427
0.663371 0.435458
0.134381 0.634588
0.385622 0.432416
0.894566 0.658083
0.519723 0.395622
0.59495 0.913491
0.126504 0.571216
0.463757 0.685237
0.852335 0.777399
0.256718 0.653021
0.245376 0.520899
0.17901 0.454412
0.845311 0.602
0.0432647 0.183893
0.930013 0.719987
0.0572137 0.47496
0.319969 0.651194
0.283946 0.826567
0.847086 0.101614
0.213901 0.914932
0.630508 0.988544
0.36678 0.556048
0.88824 0.756424
0.500037 0.65699
0.721179 0.796919
0.477915 0.473697
0.468463 0.955447
0.264537 0.271892
0.403062 0.0220924
0.143876 0.691354
0.214244 0.210929
0.345408 0.831176
0.38674 0.161333
0.914847 0.682964
0.233363 0.393352
0.387675 0.0136427
0.791191 0.939898
0.169145 0.520134
0.863142 0.790016
0.34524 0.403564
0.0376757 0.744089
0.550026 0.16206
0.0584743 0.00463708
0.755771 0.604723
0.789749 0.534931
0.345501 0.457408
0.00882218 0.167676
0.96654 0.0244447
0.791893 0.788141
0.86403 0.547243
0.0979557 0.427678
0.920634 0.480334
0.46377 0.360155
0.134846 0.246327
0.915837 0.642909
0.97606 0.191975
0.0967852 0.480484
0.332009 0.596954
0.0951391 0.477423
0.375586 0.133395
0.389553 0.051828
0.0849087 0.55148
0.664614 0.257549
0.0986198 0.477187
0.913528 0.845613
0.952831 0.112833
0.170466 0.0372805
0.284248 0.824671
0.49057 0.619856
0.58231 0.178402
0.641398 0.0559486
0.295715 0.680443
0.0199487 0.953303
0.393077 0.167621
