2.88607 1.8975
2.88397 1.92336
2.88239 1.91725
2.88746 1.87514
2.88453 1.90917
2.88808 1.86907
2.88808 1.87705
2.88801 1.87785
2.88719 1.88623
2.88659 1.86047
2.88327 1.90599
2.88576 1.90242
2.88314 1.92677
2.88605 1.88797
2.88622 1.89538
2.88529 1.90033
2.88502 1.88654
2.88507 1.90353
2.8858 1.90012
2.8865 1.89401
2.88798 1.87787
2.88821 1.86341
2.88455 1.89902
2.88742 1.87559
2.88876 1.86874
2.88774 1.86303
2.88669 1.88925
2.88323 1.93068
2.88487 1.90991
2.8882 1.8742
2.88575 1.89934
2.88624 1.89779
2.88318 1.93077
2.88538 1.90648
2.88792 1.87803
2.88403 1.92169
2.88396 1.92143
2.88352 1.9256
2.88788 1.87746
2.88264 1.92821
2.88273 1.93494
2.88843 1.87194
2.88444 1.91697
2.88421 1.92062
2.88789 1.86099
2.88375 1.92619
2.88647 1.8954
2.88475 1.91273
2.88816 1.87525
2.88562 1.90359
2.88707 1.8879
2.88548 1.90357
2.88541 1.90736
2.88408 1.91551
2.88499 1.87289
2.88329 1.93035
2.88375 1.91689
2.88461 1.91606
2.88488 1.90115
2.88833 1.87285
2.88388 1.92064
2.88489 1.86905
2.88752 1.88326
2.88346 1.92711
2.88461 1.91248
2.88799 1.87729
2.8826 1.93857
2.88595 1.88903
2.88729 1.88415
2.88274 1.8868
2.88751 1.88101
2.88461 1.91324
2.88867 1.8321
2.88241 1.92975
2.88753 1.88259
2.888 1.87559
2.88299 1.93127
2.88837 1.87066
2.88538 1.90287
2.88323 1.9243
2.88834 1.87251
2.88873 1.85915
2.88299 1.93206
2.88452 1.91567
2.88297 1.93214
2.88481 1.8997
2.8849 1.88539
2.88291 1.93369
2.8867 1.88522
2.883 1.93188
2.88832 1.87378
2.88858 1.85452
2.88347 1.89698
2.88421 1.92059
2.88556 1.90403
2.88616 1.88771
2.88655 1.86774
2.88429 1.91897
2.88248 1.94078
2.88492 1.90111
