2.90271 2.13211
2.90118 2.07376
2.90003 2.00967
2.90372 2.16684
2.90159 2.08392
2.90417 2.18519
2.90417 2.19136
2.90412 2.18916
2.90352 2.16506
2.90309 2.12177
2.90067 2.03382
2.90248 2.12443
2.90057 2.04543
2.90269 2.12404
2.90282 2.13624
2.90214 2.10519
2.90195 2.08419
2.90198 2.09959
2.90251 2.1241
2.90302 2.14561
2.9041 2.18807
2.90427 2.18588
2.9016 2.07648
2.90369 2.16572
2.90467 2.21025
2.90393 2.16788
2.90316 2.14891
2.90064 2.05176
2.90184 2.09708
2.90426 2.19364
2.90247 2.12166
2.90283 2.1387
2.9006 2.04992
2.90221 2.11343
2.90406 2.18628
2.90122 2.07467
2.90117 2.07173
2.90085 2.05878
2.90403 2.18415
2.90021 2.02773
2.90027 2.03626
2.90443 2.20054
2.90152 2.08645
2.90135 2.08045
2.90403 2.17183
2.90102 2.06765
2.903 2.14552
2.90175 2.09462
2.90423 2.19289
2.90238 2.12006
2.90343 2.16189
2.90228 2.1147
2.90223 2.11522
2.90126 2.07191
2.90192 2.07084
2.90069 2.05381
2.90102 2.06072
2.90164 2.09193
2.90184 2.09064
2.90436 2.19754
2.90111 2.06823
2.90185 2.06336
2.90377 2.17537
2.90081 2.05751
2.90164 2.08922
2.90411 2.18834
2.90018 2.03423
2.90262 2.12113
2.9036 2.16747
2.90028 1.9955
2.90376 2.17335
2.90165 2.08985
2.9046 2.17701
2.90004 2.02051
2.90377 2.17504
2.90411 2.18729
2.90047 2.04338
2.90438 2.19732
2.90221 2.11074
2.90064 2.04706
2.90436 2.19753
2.90465 2.20204
2.90046 2.04369
2.90158 2.0884
2.90045 2.04335
2.90179 2.08676
2.90186 2.07844
2.9004 2.04203
2.90316 2.14616
2.90047 2.044
2.90435 2.19792
2.90454 2.19269
2.90081 2.0335
2.90135 2.0805
2.90234 2.1181
2.90277 2.128
2.90305 2.12636
2.90141 2.08207
2.90009 2.03158
2.90187 2.09216
