2.90722 2.18131
2.90584 2.1735
2.90479 2.14899
2.90814 2.18284
2.90621 2.17058
2.90855 2.18622
2.90856 2.19176
2.90851 2.19139
2.90796 2.18717
2.90757 2.15998
2.90537 2.15188
2.90702 2.18095
2.90528 2.1657
2.90721 2.17434
2.90733 2.18174
2.90671 2.17367
2.90653 2.15991
2.90656 2.17325
2.90705 2.17983
2.90751 2.1842
2.90849 2.19105
2.90864 2.18386
2.90622 2.16333
2.90812 2.18267
2.909 2.19432
2.90833 2.17756
2.90763 2.1832
2.90534 2.1695
2.90643 2.17526
2.90863 2.19127
2.90701 2.17869
2.90734 2.18359
2.90531 2.16894
2.90677 2.17912
2.90845 2.19053
2.90587 2.17308
2.90582 2.172
2.90554 2.16958
2.90842 2.18959
2.90495 2.16044
2.90501 2.16629
2.90879 2.19254
2.90615 2.17487
2.90599 2.17449
2.90843 2.17794
2.90569 2.17274
2.90749 2.18477
2.90635 2.17569
2.90861 2.19148
2.90693 2.18003
2.90788 2.18686
2.90683 2.17826
2.90679 2.18008
2.90591 2.16944
2.90651 2.14795
2.90538 2.17003
2.90569 2.16633
2.90626 2.17626
2.90644 2.16917
2.90872 2.19196
2.90577 2.17051
2.90644 2.14303
2.90819 2.18924
2.90549 2.16982
2.90626 2.17381
2.9085 2.19088
2.90493 2.16721
2.90714 2.17385
2.90803 2.18705
2.90502 2.12727
2.90818 2.18761
2.90626 2.17435
2.90895 2.16507
2.9048 2.15872
2.90819 2.18885
2.9085 2.1898
2.90519 2.16702
2.90875 2.19093
2.90677 2.17665
2.90535 2.16513
2.90873 2.19181
2.90899 2.18734
2.90518 2.16746
2.9062 2.17494
2.90517 2.16739
2.90639 2.16717
2.90645 2.1573
2.90513 2.16763
2.90764 2.1805
2.90519 2.16749
2.90872 2.19249
2.90889 2.18201
2.9055 2.14715
2.90599 2.1745
2.90689 2.17958
2.90728 2.17556
2.90754 2.16538
2.90604 2.17431
2.90485 2.1673
2.90646 2.16966
