2.92743 2.16093
2.92658 2.14091
2.92594 2.11326
2.92799 2.17186
2.92681 2.14308
2.92824 2.17845
2.92824 2.182
2.92821 2.18122
2.92788 2.17266
2.92764 2.14944
2.9263 2.12133
2.92731 2.15849
2.92624 2.12998
2.92742 2.15626
2.92749 2.16231
2.92711 2.15044
2.92701 2.13904
2.92703 2.14863
2.92732 2.15807
2.92761 2.16588
2.9282 2.18079
2.9283 2.17786
2.92681 2.13828
2.92798 2.17147
2.92852 2.1885
2.92811 2.17026
2.92768 2.16659
2.92628 2.13305
2.92695 2.14851
2.92829 2.18256
2.9273 2.15698
2.9275 2.1636
2.92626 2.13232
2.92715 2.15461
2.92818 2.1801
2.92661 2.14106
2.92658 2.13985
2.9264 2.1352
2.92816 2.17918
2.92604 2.12296
2.92608 2.12739
2.92839 2.18502
2.92677 2.14517
2.92668 2.14323
2.92817 2.17155
2.92649 2.13882
2.92759 2.16602
2.9269 2.14789
2.92828 2.18239
2.92725 2.1569
2.92783 2.17161
2.92719 2.15475
2.92717 2.15544
2.92663 2.13912
2.92699 2.12937
2.92631 2.13383
2.92649 2.13475
2.92684 2.14724
2.92695 2.14459
2.92835 2.18394
2.92654 2.13834
2.92695 2.1245
2.92802 2.1764
2.92637 2.13489
2.92684 2.14569
2.92821 2.18083
2.92603 2.12705
2.92738 2.15523
2.92793 2.17337
2.92608 2.09724
2.92801 2.17532
2.92684 2.14605
2.92848 2.1669
2.92595 2.12023
2.92802 2.17619
2.92821 2.1802
2.92619 2.12977
2.92836 2.18357
2.92715 2.15306
2.92628 2.13028
2.92835 2.1839
2.92851 2.18384
2.92618 2.13
2.9268 2.14578
2.92618 2.12987
2.92692 2.14273
2.92696 2.13625
2.92615 2.12954
2.92768 2.16492
2.92619 2.1301
2.92834 2.18421
2.92845 2.17917
2.92638 2.11898
2.92668 2.14325
2.92722 2.15617
2.92747 2.15786
2.92762 2.15331
2.92671 2.14367
2.92598 2.12626
2.92697 2.14521
