2.9453 1.90748
2.94482 1.92488
2.94445 1.93019
2.94562 1.89454
2.94495 1.91834
2.94576 1.88983
2.94576 1.89185
2.94574 1.89244
2.94555 1.89883
2.94542 1.89234
2.94466 1.92259
2.94523 1.9103
2.94462 1.93005
2.94529 1.90498
2.94533 1.90615
2.94512 1.91219
2.94506 1.90867
2.94507 1.91414
2.94524 1.90954
2.9454 1.90433
2.94574 1.89261
2.94579 1.88755
2.94495 1.91513
2.94561 1.89486
2.94592 1.88625
2.94568 1.88951
2.94544 1.90218
2.94465 1.93059
2.94502 1.91682
2.94579 1.89053
2.94522 1.9096
2.94534 1.90664
2.94463 1.93088
2.94514 1.9133
2.94572 1.89293
2.94483 1.92417
2.94481 1.92449
2.94471 1.9278
2.94571 1.89303
2.94451 1.93291
2.94453 1.93429
2.94584 1.88875
2.94492 1.92083
2.94487 1.92296
2.94572 1.8882
2.94477 1.92674
2.94539 1.90482
2.94499 1.91817
2.94578 1.89101
2.9452 1.91134
2.94553 1.89987
2.94516 1.91209
2.94515 1.91335
2.94484 1.92231
2.94505 1.90211
2.94466 1.93018
2.94477 1.92431
2.94496 1.91972
2.94502 1.91436
2.94582 1.8895
2.94479 1.9247
2.94503 1.89976
2.94563 1.89631
2.9447 1.92851
2.94496 1.91884
2.94574 1.89237
2.9445 1.93585
2.94527 1.90576
2.94558 1.89776
2.94453 1.91195
2.94563 1.89581
2.94496 1.91903
2.9459 1.87308
2.94446 1.93443
2.94563 1.89613
2.94574 1.89192
2.94459 1.93198
2.94583 1.88876
2.94514 1.91239
2.94465 1.92891
2.94582 1.88938
2.94591 1.88385
2.94459 1.93222
2.94494 1.92009
2.94459 1.93229
2.94501 1.91424
2.94503 1.9086
2.94457 1.93303
2.94544 1.90108
2.94459 1.93211
2.94582 1.88977
2.94588 1.8831
2.9447 1.91799
2.94487 1.92294
2.94518 1.91177
2.94532 1.90438
2.94541 1.89579
2.94489 1.92215
2.94447 1.937
2.94503 1.91416
