2.94814 1.99834
2.9477 1.94814
2.94738 1.90315
2.94842 2.03035
2.94782 1.95989
2.94855 2.0455
2.94855 2.04748
2.94854 2.04565
2.94837 2.02563
2.94824 2.00082
2.94756 1.92399
2.94807 1.99126
2.94753 1.92663
2.94813 1.9954
2.94817 2.00198
2.94797 1.978
2.94792 1.96646
2.94793 1.97297
2.94808 1.99174
2.94823 2.00917
2.94853 2.04485
2.94858 2.04771
2.94782 1.95743
2.94841 2.0294
2.94869 2.06371
2.94848 2.03466
2.94826 2.01304
2.94755 1.92998
2.94789 1.96918
2.94858 2.05003
2.94807 1.99022
2.94817 2.003
2.94754 1.92863
2.94799 1.98205
2.94852 2.04351
2.94771 1.94932
2.9477 1.94729
2.94761 1.93663
2.94851 2.04216
2.94743 1.91335
2.94745 1.91747
2.94862 2.05571
2.9478 1.95931
2.94775 1.95383
2.94851 2.03813
2.94766 1.94285
2.94822 2.00867
2.94786 1.96653
2.94857 2.04915
2.94804 1.98774
2.94834 2.02282
2.94801 1.98388
2.948 1.98306
2.94773 1.94925
2.94791 1.95914
2.94756 1.93156
2.94766 1.94072
2.94783 1.96354
2.94789 1.96718
2.9486 2.05326
2.94768 1.94501
2.94789 1.95369
2.94844 2.034
2.9476 1.93525
2.94783 1.96271
2.94853 2.04523
2.94742 1.91486
2.94811 1.99297
2.94839 2.02803
2.94745 1.89667
2.94843 2.03326
2.94783 1.96293
2.94867 2.04876
2.94738 1.90764
2.94844 2.03398
2.94853 2.04501
2.9475 1.92375
2.94861 2.05379
2.94799 1.98124
2.94755 1.92856
2.9486 2.05336
2.94869 2.06073
2.9475 1.92373
2.94782 1.96112
2.9475 1.92346
2.94788 1.96477
2.94789 1.96245
2.94748 1.92202
2.94827 2.0123
2.9475 1.92401
2.9486 2.05324
2.94865 2.05526
2.9476 1.92584
2.94775 1.95387
2.94803 1.98619
2.94815 1.99836
2.94823 2.00265
2.94777 1.95552
2.94739 1.91226
2.9479 1.9683
