2.96121 2.0434
2.96097 2.00065
2.96079 1.96411
2.96137 2.07101
2.96104 2.01112
2.96144 2.08381
2.96144 2.08498
2.96144 2.08342
2.96134 2.06649
2.96127 2.04771
2.96089 1.9819
2.96118 2.0373
2.96087 1.98277
2.96121 2.04155
2.96123 2.04652
2.96112 2.02652
2.96109 2.01793
2.9611 2.0222
2.96118 2.03782
2.96126 2.0525
2.96143 2.08276
2.96146 2.08596
2.96104 2.00973
2.96137 2.0702
2.96152 2.0988
2.96141 2.07529
2.96128 2.05596
2.96089 1.9853
2.96107 2.01872
2.96146 2.08723
2.96118 2.03662
2.96123 2.04722
2.96088 1.98418
2.96113 2.0295
2.96143 2.08165
2.96098 2.00171
2.96097 2.00005
2.96092 1.99106
2.96142 2.08057
2.96082 1.97178
2.96083 1.97476
2.96149 2.09203
2.96103 2.01019
2.961 2.00548
2.96142 2.07826
2.96095 1.99613
2.96126 2.05201
2.96106 2.01637
2.96145 2.08645
2.96116 2.03434
2.96133 2.06408
2.96114 2.03116
2.96114 2.03028
2.96098 2.00201
2.96109 2.01268
2.96089 1.98662
2.96095 1.99492
2.96104 2.01372
2.96108 2.01759
2.96147 2.08997
2.96096 1.99822
2.96108 2.00828
2.96138 2.07354
2.96091 1.98983
2.96104 2.01324
2.96143 2.08311
2.96081 1.97242
2.9612 2.03949
2.96135 2.06857
2.96083 1.95985
2.96138 2.07305
2.96104 2.01338
2.96151 2.08872
2.96079 1.967
2.96138 2.07356
2.96144 2.08302
2.96086 1.98014
2.96148 2.09052
2.96113 2.02903
2.96089 1.9845
2.96147 2.09007
2.96152 2.0969
2.96086 1.98008
2.96103 2.01176
2.96086 1.97985
2.96107 2.01571
2.96108 2.01471
2.96085 1.97858
2.96129 2.05558
2.96086 1.98032
2.96147 2.08989
2.9615 2.0927
2.96091 1.98396
2.961 2.00552
2.96115 2.03303
2.96122 2.04399
2.96127 2.04877
2.96101 2.00696
2.9608 1.97015
2.96108 2.01851
