2.97792 2.09018
2.97784 2.08583
2.97778 2.08101
2.97797 2.09281
2.97786 2.08667
2.97799 2.09416
2.97799 2.09453
2.97799 2.09437
2.97796 2.0926
2.97794 2.08882
2.97781 2.08275
2.97791 2.08959
2.97781 2.0838
2.97792 2.08965
2.97792 2.09049
2.97789 2.08824
2.97788 2.0865
2.97788 2.08782
2.97791 2.08959
2.97793 2.09116
2.97799 2.09429
2.978 2.09423
2.97786 2.08609
2.97797 2.09273
2.97802 2.09594
2.97798 2.09287
2.97794 2.09144
2.97781 2.08422
2.97787 2.0876
2.978 2.09472
2.9779 2.08942
2.97792 2.09063
2.97781 2.08409
2.97789 2.08878
2.97799 2.09416
2.97784 2.08591
2.97784 2.08571
2.97782 2.08476
2.97798 2.09402
2.97779 2.08252
2.97779 2.08309
2.978 2.09522
2.97786 2.08678
2.97785 2.08633
2.97798 2.09315
2.97783 2.08537
2.97793 2.09113
2.97787 2.0874
2.97799 2.09466
2.9779 2.08927
2.97795 2.09236
2.97789 2.0889
2.97789 2.08889
2.97784 2.08577
2.97788 2.0844
2.97781 2.08436
2.97783 2.08495
2.97786 2.08717
2.97787 2.08718
2.978 2.09501
2.97783 2.08547
2.97787 2.08292
2.97797 2.09335
2.97782 2.08466
2.97786 2.08702
2.97799 2.09432
2.97779 2.08291
2.97791 2.08943
2.97796 2.09279
2.97779 2.07552
2.97797 2.09323
2.97786 2.08706
2.97801 2.09243
2.97778 2.08198
2.97797 2.09333
2.97799 2.09426
2.9778 2.08362
2.978 2.09501
2.97789 2.08862
2.97781 2.08393
2.978 2.09501
2.97802 2.09542
2.9778 2.08364
2.97786 2.08693
2.9778 2.08361
2.97787 2.08688
2.97787 2.08597
2.9778 2.08351
2.97794 2.09127
2.9778 2.08366
2.978 2.09502
2.97801 2.09471
2.97782 2.08235
2.97785 2.08633
2.9779 2.08913
2.97792 2.08994
2.97793 2.08957
2.97785 2.08646
2.97778 2.0827
2.97787 2.08729
