2.97839 1.96851
2.97832 1.99197
2.97826 2.00818
2.97844 1.95272
2.97834 1.98537
2.97847 1.94588
2.97847 1.94617
2.97846 1.94701
2.97843 1.95612
2.97841 1.96034
2.97829 1.99823
2.97838 1.97198
2.97829 2.001
2.97839 1.96829
2.9784 1.96678
2.97837 1.97696
2.97836 1.97876
2.97836 1.97941
2.97838 1.97149
2.97841 1.96372
2.97846 1.94733
2.97847 1.94415
2.97834 1.98462
2.97844 1.95316
2.97849 1.93859
2.97845 1.94905
2.97842 1.96155
2.97829 2.00019
2.97835 1.9818
2.97847 1.94479
2.97838 1.972
2.9784 1.96668
2.97829 2.00075
2.97837 1.9762
2.97846 1.94789
2.97832 1.99128
2.97832 1.99206
2.9783 1.99687
2.97846 1.94836
2.97827 2.00641
2.97827 2.00576
2.97848 1.94222
2.97834 1.98667
2.97833 1.98933
2.97846 1.94737
2.97831 1.99445
2.97841 1.96409
2.97835 1.98323
2.97847 1.94527
2.97838 1.97355
2.97843 1.95746
2.97837 1.97509
2.97837 1.9759
2.97832 1.99047
2.97836 1.97721
2.97829 1.99952
2.97831 1.99402
2.97834 1.98485
2.97835 1.9813
2.97848 1.94331
2.97832 1.99287
2.97835 1.97709
2.97845 1.95237
2.9783 1.99762
2.97834 1.98472
2.97846 1.94711
2.97827 2.00727
2.97839 1.9694
2.97844 1.95489
2.97827 1.99829
2.97845 1.95239
2.97834 1.98474
2.97849 1.93637
2.97826 2.00887
2.97845 1.9523
2.97846 1.94698
2.97828 2.00276
2.97848 1.94282
2.97837 1.97605
2.97829 1.99988
2.97848 1.94323
2.97849 1.93844
2.97828 2.00288
2.97834 1.98578
2.97828 2.003
2.97835 1.98198
2.97835 1.97989
2.97828 2.00377
2.97842 1.96129
2.97828 2.00274
2.97847 1.94344
2.97848 1.93976
2.9783 1.99529
2.97833 1.98931
2.97838 1.97423
2.9784 1.9671
2.97841 1.96165
2.97833 1.98845
2.97827 2.0086
2.97835 1.98086
