2.97885 1.95441
2.97878 1.92989
2.97872 1.90997
2.9789 1.97044
2.9788 1.93616
2.97892 1.97773
2.97892 1.97811
2.97892 1.97723
2.97889 1.96757
2.97887 1.95824
2.97875 1.92021
2.97884 1.95087
2.97875 1.91988
2.97885 1.95372
2.97886 1.95621
2.97882 1.94498
2.97881 1.94079
2.97882 1.94248
2.97884 1.95124
2.97887 1.95957
2.97892 1.97686
2.97892 1.97912
2.9788 1.93577
2.9789 1.96998
2.97894 1.98604
2.97891 1.97326
2.97887 1.96164
2.97875 1.92115
2.97881 1.94034
2.97892 1.97945
2.97884 1.9506
2.97886 1.95652
2.97875 1.92052
2.97883 1.94642
2.97891 1.97624
2.97878 1.93053
2.97878 1.92962
2.97876 1.9245
2.97891 1.97566
2.97873 1.91375
2.97874 1.91517
2.97893 1.98219
2.97879 1.93539
2.97879 1.93266
2.97891 1.97497
2.97877 1.9273
2.97886 1.95926
2.97881 1.93895
2.97892 1.97899
2.97884 1.9492
2.97888 1.96618
2.97883 1.94744
2.97883 1.94683
2.97878 1.9309
2.97881 1.93847
2.97876 1.92189
2.97877 1.92694
2.9788 1.93737
2.97881 1.94002
2.97893 1.98101
2.97878 1.92863
2.97881 1.93609
2.9789 1.97157
2.97876 1.92378
2.9788 1.93722
2.97892 1.97707
2.97873 1.91376
2.97885 1.95254
2.97889 1.96879
2.97874 1.90809
2.9789 1.97138
2.9788 1.93727
2.97894 1.98192
2.97872 1.91106
2.9789 1.97161
2.97892 1.97708
2.97874 1.91827
2.97893 1.98139
2.97883 1.94628
2.97875 1.92092
2.97893 1.98108
2.97894 1.98531
2.97874 1.91821
2.9788 1.93629
2.97874 1.91808
2.97881 1.93904
2.97881 1.93908
2.97874 1.91733
2.97887 1.96156
2.97875 1.91835
2.97893 1.98094
2.97894 1.98317
2.97876 1.92173
2.97879 1.93268
2.97883 1.94846
2.97885 1.95508
2.97887 1.95851
2.97879 1.93353
2.97873 1.91243
2.97881 1.94053
