0.894449 0.0311128
0.894504 0.050848
0.82049 0.200914
0.892424 0.0497046
0.835748 0.148057
0.74816 0.222308
0.897546 0.189842
0.877061 0.155594
0.808709 -0.116728
0.820179 0.135672
0.829936 -0.12534
0.858528 -0.164506
0.878066 0.0636977
0.880097 -0.0341108
0.898799 -0.0504102
0.898229 0.0432641
0.882026 -0.0583414
0.909042 -0.0795654
0.892486 -0.0541295
0.899379 -0.125549
0.893169 0.0310025
0.816844 0.19392
0.895103 0.0187456
0.851527 0.171063
0.867479 -0.0591038
0.838269 0.152593
0.804029 -0.140211
0.888785 0.0872593
0.77514 -0.129469
0.888714 0.0413713
0.748753 0.169069
0.782039 0.106438
0.876938 0.107253
0.8431 -0.0571596
0.661538 -0.297142
0.811994 -0.154999
0.569658 0.476149
0.898035 0.272104
0.90261 0.0179956
0.901573 0.0892693
0.827147 -0.120206
0.902574 -0.133256
0.812992 -0.0398389
0.902567 -0.0999766
0.864781 -0.050744
0.866134 -0.144476
0.901554 0.0252337
0.775238 -0.152493
0.823503 -0.0223361
0.411751 0.481058
0.906686 0.206335
0.906907 0.143414
0.863333 0.177086
0.908194 0.0263237
0.891782 -0.097169
0.87137 0.0920134
0.883819 0.156806
0.902603 -0.026986
0.853425 0.0866282
0.835642 0.15609
0.891011 -0.0247925
0.870129 0.102156
0.794049 0.215539
0.907735 0.137232
0.909053 -6.2639e-05
0.882037 -0.0749738
0.908202 -0.0762953
0.813015 -0.0158962
0.781585 0.0571114
0.803756 -0.169517
0.892412 -0.100047
0.775168 -0.203884
0.832691 -0.142395
0.881965 -0.136833
0.856938 -0.206958
0.89992 -0.15819
0.879127 -0.00122597
0.864747 -0.00794228
0.88469 0.0853909
0.794132 0.207476
0.823567 0.118246
0.855091 0.00430394
0.864688 0.0946943
0.849503 0.111215
0.904107 0.0834784
0.788505 0.275406
0.908162 0.0728332
0.882955 0.0748003
0.723881 0.222652
0.873762 -0.12787
0.908622 -0.14573
0.899949 -0.131586
0.758772 -0.187213
0.832645 -0.13827
0.832855 -0.107231
0.840646 0.0292147
0.906429 -0.0250524
0.838285 0.158684
0.863223 0.102533
0.907765 0.087774
0.905059 0.118882
0.907783 0.0917398
0.889582 0.13961
0.851516 0.218991
0.77909 0.207141
0.896961 0.123292
0.7241 0.246781
0.885426 0.0931328
0.908629 -0.14374
0.898816 -0.0973284
0.875985 -0.0202467
0.745842 0.262482
0.885445 0.0967774
0.838315 0.215556
0.766949 -0.182297
0.891681 -0.180003
0.576494 0.460567
0.733253 0.472718
0.77395 0.00296283
0.90203 0.00446706
0.905071 0.0209356
0.833062 -0.0323108
0.826021 0.204087
0.736519 0.394457
0.793289 0.344912
0.888728 0.232815
0.88722 -0.0032922
0.708322 -0.0831916
0.880901 -0.149884
0.893156 0.019318
0.57662 0.540192
0.904916 0.262126
0.894511 0.142391
0.887225 -0.0392908
0.905533 -0.086182
0.813004 -0.0204003
0.880033 -0.0593423
0.907772 0.0219898
0.782236 0.0970081
0.90306 -0.0512851
0.905072 -0.00145036
0.887234 -0.0965149
0.804264 -0.247531
0.870019 0.0024063
0.909037 -0.0558613
0.782245 0.066198
0.735946 0.335033
0.684562 -0.243464
0.851116 0.0502844
0.891741 -0.0873366
0.788428 0.205306
0.706057 -0.0839687
0.837854 0.137161
0.418927 0.553396
0.904361 0.313298
0.908212 0.076871
0.89704 0.0852579
0.737448 0.35385
0.878963 0.216855
0.906895 0.144991
0.87376 -0.0398756
0.901558 0.0668744
0.905979 -0.0585298
0.708277 -0.0808665
0.897522 0.0666317
0.799466 -0.0193584
0.774456 -0.184607
0.832689 -0.134794
0.826961 -0.17342
0.888754 0.0286205
0.868848 -0.00015627
0.895137 -0.064521
0.906454 -0.0585883
0.907349 0.073614
0.888035 0.039798
0.849551 0.0931656
0.874854 -0.0617159
0.875977 -0.0586093
0.87578 -0.125138
0.873723 -0.143957
0.898214 0.00723313
0.856967 -0.150822
0.873701 -0.151831
0.900481 -0.0394789
0.88803 -0.00622244
0.903113 -0.0913711
0.895797 -0.146904
0.866177 -0.186516
0.767188 -0.346598
0.890225 -0.117433
0.899939 -0.121019
0.823926 -0.0322204
0.835563 0.103456
0.829983 -0.138355
0.867449 -0.183181
0.861768 0.0652078
0.748396 0.0800803
0.890947 -0.046428
0.86617 -0.145766
0.906889 -0.00127147
0.453444 0.5391
0.904598 0.0536423
0.874892 -0.111027
0.843095 -0.144121
0.868788 -0.0750986
0.840734 0.0373806
0.882893 0.0520998
0.883829 0.14167
0.898802 0.0195011
0.449401 0.542597
0.75438 0.21508
0.812378 0.0689969
0.881946 -0.053587
0.799385 -0.0638262
0.907302 0.0682925
0.867554 -0.0994105
0.861768 0.0987268
0.896397 -0.0145669
0.887227 -0.102018
0.83832 0.136098
0.808537 -0.126631
0.895737 -0.15769
0.8408 0.000829232
0.871307 0.130903
0.889573 0.099266
0.907776 0.0848461
0.879135 0.095347
0.88956 0.141406
0.872571 0.0869558
0.898795 -0.00117453
0.89642 -0.0519628
0.900494 0.00282969
0.872584 0.0302821
0.860216 0.0402213
0.889545 0.119589
0.901032 0.14562
0.877065 0.138357
0.855188 0.00374613
0.861749 0.138692
0.879089 0.120643
0.886395 -0.0643232
0.901031 0.0718305
0.894508 0.0665926
0.576736 0.559007
0.755621 0.184162
0.823436 0.115861
0.895108 -0.0131924
0.896418 -0.057025
0.868799 0.0230351
0.863276 0.130307
0.871335 0.182831
0.843087 -0.0259677
0.875928 -0.0625268
0.823845 -0.0044963
0.87905 0.0664628
0.856933 -0.125373
0.873701 -0.141647
0.885554 -0.0803746
0.866163 -0.158723
0.899364 -0.165787
0.794215 0.105637
0.900981 0.133244
0.840813 0.116519
0.823726 0.0734506
0.411863 0.519506
0.899671 0.114204
0.903619 0.0402677
0.838362 0.19357
0.888763 0.176479
0.885567 0.0450499
0.823877 0.0367973
0.858518 -0.100007
0.573649 0.494888
0.81933 0.385218
0.897589 0.258469
0.893843 0.213398
0.887224 -0.0109078
0.867527 -0.131379
0.909036 -0.109499
0.871392 0.0871863
0.866143 -0.0900661
0.884691 0.0524756
0.902088 0.0133628
0.838358 0.182756
0.758171 -0.043347
0.900961 0.0710816
0.767487 -0.247895
0.851278 0.0547721
0.901012 0.116965
0.884721 0.133647
0.866161 -0.0730185
0.627525 0.102172
0.908518 -0.0432987
0.82054 0.162963
0.891719 -0.042132
0.878101 0.114061
0.888794 0.148379
0.707976 -0.0780479
0.867498 -0.172945
0.907766 -0.0226802
0.849591 0.0714776
0.851438 0.18872
0.626816 0.213558
0.892288 0.0364835
0.867534 -0.11235
0.90102 0.0512754
0.80433 -0.190576
0.903071 -0.166067
0.903621 -0.07153
0.906458 -0.0607755
0.903622 -0.0291042
0.663516 -0.310674
0.893685 -0.0189967
0.812955 0.00403536
0.88634 -0.105433
0.89316 0.0376725
0.576621 0.547534
0.907203 0.306124
0.881093 -0.00574288
0.90311 -0.0912586
0.89451 0.00118571
0.884699 0.0565037
0.860059 -0.0532648
0.907763 0.0256495
0.823953 0.0250367
0.864667 0.0103338
0.88877 0.0574765
0.893161 0.103093
0.892475 0.0174348
0.708046 -0.129373
0.816129 0.099093
0.86743 -0.0884006
0.8903 -0.0246819
0.861804 0.131005
0.866129 -0.0714331
0.903102 -0.117705
0.882031 -0.122415
0.873731 -0.143666
0.901024 0.0391907
0.882029 -0.0597902
0.908202 -0.070221
0.89385 0.0821367
0.827123 -0.121739
0.908602 -0.141305
0.895801 -0.167071
0.897032 -0.0136717
0.874883 -0.137762
0.877037 0.0216135
0.9082 -0.0371803
0.880127 -0.0783561
0.847486 -0.115477
0.423743 0.458072
0.796996 0.247323
0.890247 0.117005
0.767395 -0.22819
0.867548 -0.17475
0.893147 0.00796197
0.905536 -0.0678249
0.840824 0.0354971
0.901006 0.10851
0.871382 0.174341
0.905526 0.000726436
0.879133 0.0618827
0.860227 0.0538562
0.875947 -0.0289151
0.906894 0.0463967
0.907349 0.115621
0.724262 0.247223
0.829647 -0.0799156
0.87372 -0.0798601
0.840746 0.034833
0.420373 0.514185
0.879645 0.20523
0.884703 0.169959
0.903112 -0.0209367
0.896423 -0.0595685
0.898809 -0.0623481
0.855227 -0.0800322
0.788201 0.202989
0.905487 0.0198281
0.884725 0.0945818
0.90103 0.135273
0.843156 -0.0500826
0.888767 0.0794646
0.895788 -0.0780667
0.748832 0.119883
0.891668 -0.059052
0.799435 -0.0682716
0.575046 0.479083
0.907314 0.0183201
0.90646 -0.0245673
0.758835 -0.146322
0.887114 -0.158788
0.882935 -0.0205076
0.893833 0.101511
0.904591 0.133996
0.888815 0.158822
0.870126 0.175332
0.872547 0.102736
0.908621 -0.0534361
0.804367 -0.233652
0.90901 -0.153537
0.9021 -0.0714381
0.688602 -0.414863
0.873505 -0.235966
0.892461 -0.120044
0.894503 -0.00945107
0.871374 0.127117
0.90048 0.0718584
0.872584 0.0578949
0.788309 0.26065
0.895724 -0.00206846
0.835757 0.127917
0.808525 -0.130042
0.893783 0.0561909
0.6884 -0.36337
0.901985 -0.133638
0.886414 -0.167951
0.85151 0.0957278
0.900469 0.0572381
0.688563 -0.363306
0.854848 -0.166609
0.788198 0.168304
0.896351 0.00816744
0.892477 -0.0202345
0.820482 0.172524
0.884651 0.15966
0.775108 -0.101087
0.890231 -0.0200606
0.888021 0.000375775
0.901031 0.097826
0.851539 0.203142
0.893136 0.157429
0.775173 -0.100793
0.908157 -0.0763669
0.905073 -0.0393884
0.794247 0.155664
0.832746 0.00438496
0.867453 -0.126045
0.892457 -0.0766467
0.799439 -0.0754929
0.855048 -0.069312
0.881986 -0.106158
0.799385 -0.0848639
0.896358 -0.0923248
0.758737 -0.170452
0.622349 0.112015
0.886181 -0.0462929
0.895148 -0.0848544
0.847518 -0.116483
0.82032 0.134961
0.874797 -0.0763812
0.878083 0.0996405
0.86022 -0.0302363
0.767137 -0.283344
0.899307 -0.209616
0.90821 -0.13181
0.804286 -0.243607
0.894444 -0.0516129
0.903616 -0.0265366
0.882031 -0.0859142
0.872562 -0.00311617
0.823833 0.0198747
0.873663 -0.0793244
0.873721 -0.125362
0.864739 -0.0568353
0.845312 -0.192576
0.804063 -0.279383
0.803864 -0.307639
0.890252 -0.105701
0.903614 -0.0485548
0.909051 -0.0745816
0.830205 -0.210186
0.874808 -0.214688
0.832976 -0.131256
0.866089 -0.173014
0.895135 -0.133365
0.893841 0.0566146
0.879121 0.0851924
0.758353 -0.168625
0.893749 0.0397423
0.868854 0.00493206
0.881056 -0.123986
0.891763 -0.194826
0.890327 0.016811
0.889568 0.109854
0.889568 0.14708
0.880109 -0.00224431
0.877043 0.0764985
0.860223 0.0593848
0.70743 -0.121813
0.897522 0.0502116
0.840804 0.0837572
0.858546 -0.0802302
0.908615 -0.12603
0.860274 -0.0168321
0.872535 0.0269905
0.890304 0.0209384
0.888021 0.0167837
0.856949 -0.146067
0.890292 -0.0466476
0.847508 -0.101716
0.864701 -0.043685
0.904587 0.0397894
0.890278 0.0630546
0.884712 0.112588
0.882933 0.0877393
0.804243 -0.173155
0.845177 -0.235698
0.861734 0.0418639
0.898207 0.0822251
0.904109 0.114702
0.861825 0.188208
0.875796 0.0343476
0.799353 -0.0272229
0.896973 0.0317551
0.909048 -0.0427865
0.849594 0.0636495
0.799216 -0.0094132
0.83276 -0.0608748
0.863222 0.0980413
0.431611 0.552842
0.904367 0.313115
0.893848 0.235393
0.901568 0.176457
0.892481 0.0475739
0.891771 -0.0886006
0.855214 -0.0894017
0.816697 0.139468
0.886343 -0.0515728
0.883846 0.154819
0.875973 0.0137881
0.8847 0.0935547
0.878094 0.168037
0.906895 0.125381
0.767538 -0.226915
0.887122 -0.190768
0.894499 -0.0373009
0.904107 0.0665698
0.858652 -0.0833922
0.879086 0.0320626
0.767299 -0.260776
0.896953 -0.0651599
0.863319 0.094015
0.812829 0.0429908
0.747903 0.184853
0.888032 0.0145782
0.903113 -0.0830511
0.884723 0.0535419
0.442362 0.547836
0.873218 0.180531
0.882003 -0.00504819
0.858615 -0.113336
0.856898 -0.195419
0.909031 -0.135641
0.863337 0.0653875
0.903601 0.0174215
0.905541 -0.0650013
0.882033 -0.101176
0.886398 -0.153297
0.871364 0.0695295
0.905988 -0.067812
0.903122 -0.115802
0.887232 -0.142313
0.83832 0.11998
0.901539 0.131743
0.872585 0.0817285
0.794063 0.207139
0.853222 0.189184
0.707296 -0.0718948
0.780857 0.00710718
0.793541 0.185839
0.781451 0.13272
0.858447 -0.0641261
0.898787 -0.0600893
0.880118 -0.0863032
0.575502 0.498857
0.903951 0.25331
0.900498 0.125722
0.90821 0.00221131
0.897631 0.128126
0.878107 0.182416
0.872557 0.104662
0.907769 0.0880513
0.864788 0.0237345
0.907765 0.0561581
0.880127 -0.0409646
0.868836 -0.0290948
0.827043 -0.161958
0.840632 0.00808193
0.774415 -0.122441
0.864595 -0.0416803
0.808653 -0.196315
0.900988 0.0134926
0.82393 0.0213953
0.871286 0.139026
0.662459 -0.230196
0.89809 -0.0155699
0.90778 0.0383877
0.813013 0.0298901
0.757924 -0.097033
0.904525 0.0541628
0.893848 0.131816
0.864768 0.0432012
0.903602 0.00867787
0.898232 0.0666334
0.799469 -0.019523
0.894441 0.0384175
0.894504 0.0537706
0.708085 -0.114259
0.84712 -0.14808
0.896388 -0.114304
0.906903 0.0141809
0.856982 -0.148839
0.88554 -0.0812245
0.84312 -0.134026
0.838207 0.121796
0.904564 0.14194
0.899947 -0.0166838
0.909049 -0.0620148
0.868874 -0.0338118
0.86021 0.0140203
0.903099 -0.0835915
0.847535 -0.115135
0.897003 0.00184192
0.901036 0.0990526
0.875992 -0.00683123
0.437996 0.518492
0.736679 0.404951
0.892365 0.123409
0.845373 -0.122033
0.881977 -0.12787
0.905062 -0.0303415
0.758822 -0.148221
0.812397 -0.0754093
0.706515 -0.189403
0.887875 -0.0883133
0.788374 0.245807
0.905017 0.126867
0.907783 0.0949363
0.889582 0.140888
0.830146 -0.123835
0.892431 -0.0792837
0.898225 0.0320669
0.900495 0.0366293
0.748885 0.164822
0.896942 0.103072
0.906455 0.00858005
0.886418 -0.111438
0.894499 -0.00551088
0.872577 0.0276274
0.903105 -0.0780077
0.886415 -0.145793
0.891767 -0.165921
0.812947 -0.055129
0.874788 -0.152232
0.894491 -0.0208705
0.909047 -0.0639595
0.905978 -0.0587506
0.898233 0.0395303
0.891775 -0.0918432
0.87137 0.0941438
0.838279 0.214024
0.838194 0.260852
0.847397 0.0157602
0.838218 0.181856
0.900462 0.0903078
0.90778 0.0210436
0.883851 0.13104
0.823872 0.0715026
0.868763 0.00868983
0.892458 -0.022629
0.89994 -0.0830062
0.830177 -0.21348
0.820257 0.096524
0.840616 0.11236
0.905042 0.0691696
0.858654 -0.0822974
0.881046 -0.158283
0.845348 -0.234073
0.889534 0.0100551
0.899938 -0.0700521
0.577202 0.503969
0.896837 0.220018
0.80431 -0.122423
0.840577 0.026861
0.87138 0.113239
0.788301 0.282615
0.897571 0.215918
0.90157 0.16857
0.878111 0.198761
0.451298 0.507469
0.699611 -0.0594788
0.905909 -0.116499
0.85698 -0.20102
0.847437 -0.166997
0.895762 -0.175202
0.895793 -0.180179
0.882943 -0.0279674
0.845352 -0.182053
0.904083 0.00439781
0.866189 -0.12695
0.891033 -0.141079
0.748779 0.0956263
0.904521 0.131198
0.906003 -0.0437075
0.76753 -0.294439
0.871217 0.01235
0.906443 -0.0295776
0.908596 -0.100263
0.861832 0.102693
0.774934 -0.127065
0.83543 0.0570569
0.898192 0.0897581
0.903118 -0.0528633
0.886384 -0.126155
0.89763 0.0571826
0.908634 -0.0728563
0.876 -0.0748492
0.909039 -0.0864671
0.799526 -0.0832746
0.808364 -0.216487
0.706438 -0.246987
0.847116 -0.201346
0.897606 0.0251954
0.72411 0.20776
0.819874 0.267231
0.808454 -0.0751793
0.873645 -0.115384
0.882923 -0.00484781
0.84954 0.0744514
0.904085 0.107363
0.902098 0.0334071
0.884722 0.100173
0.833066 -0.0566701
0.823699 0.00557118
0.905966 -0.0925858
0.838368 0.140508
0.829991 -0.123558
0.876989 0.0214734
0.830108 -0.171496
0.88466 0.0215994
0.853318 -0.0174173
0.835642 0.114454
0.843004 -0.0471983
0.902582 -0.105322
0.907782 0.00221055
0.885583 -0.026963
0.881072 -0.137718
0.895145 -0.120871
0.888025 -0.0393878
0.723961 0.17869
0.657643 -0.154073
0.89867 -0.0744857
0.88881 0.074877
0.748754 0.182452
0.884588 0.167007
0.866161 -0.0596591
0.853357 0.0765492
0.864784 0.0194239
0.737026 0.324371
0.621303 0.31981
0.756056 0.0753652
0.895704 -0.075051
0.909048 -0.0855718
0.877074 0.0469202
0.767282 -0.254582
0.331782 0.275613
0.528462 0.682022
0.899171 0.191036
0.629116 0.192793
0.8886 0.156667
0.875978 0.0149939
0.895142 -0.0592338
0.835755 0.10495
0.898774 0.00998005
0.899943 -0.0697044
0.858645 -0.138146
0.838247 0.120676
0.904564 0.141492
0.767518 -0.22018
0.774212 -0.269404
0.81246 -0.120715
0.905498 -0.111882
0.875997 -0.0907673
0.864742 -0.0433178
0.903602 -0.0259321
0.62933 0.103993
0.8565 -0.0874657
0.906885 0.0211309
0.867554 -0.118281
0.808667 -0.226794
0.873737 -0.0835248
0.875962 -0.0825416
0.905528 -0.102448
0.845391 -0.176465
0.878053 0.0583547
0.84953 0.0989172
0.858561 -0.0736544
0.838246 0.14647
0.887179 -0.0393229
0.906451 -0.0490872
0.903622 -0.0244292
0.688639 -0.39614
0.908544 -0.245208
0.840831 -0.0358484
0.868785 -0.0320792
0.877031 0.0630959
0.840754 0.0915835
0.902581 -0.0496293
0.861823 0.122315
0.907764 0.0957729
0.904597 0.131743
0.893832 0.0961055
0.873744 -0.0577633
0.905058 -0.00161812
0.782218 0.0868562
0.897567 0.137318
0.882026 -0.0207625
0.909042 -0.0645338
0.663693 -0.327063
0.892314 -0.176285
0.84956 0.00744875
0.8982 0.0691329
0.906456 -0.00490416
0.897039 0.0523565
0.905538 -0.0504249
0.80411 -0.227705
0.402055 0.387371
0.839593 0.283246
0.781767 0.183708
0.823525 0.110968
0.908601 -0.04807
0.853437 0.0777025
0.893137 0.107453
0.76742 -0.232371
0.904108 0.0609933
0.851545 0.188641
0.905975 -0.142144
0.897016 0.0740215
0.576951 0.561803
0.837522 0.391082
0.849448 0.225223
0.781835 0.163072
0.855016 0.0289446
0.906436 -0.0241165
0.838369 0.167912
0.858542 -0.046711
0.903598 -0.0278557
0.833058 -0.0520561
0.884723 0.0351918
0.90549 -0.00905746
0.904596 0.0898043
0.891061 -0.058237
0.847509 -0.10627
0.832898 -0.0921245
0.774712 -0.209039
0.735847 0.224203
0.897539 0.190001
0.884718 0.163025
0.856943 -0.0872676
0.907327 0.0606501
0.816898 0.208124
0.874793 -0.04703
0.758527 -0.145986
0.902539 -0.138077
0.87913 0.0066054
0.867516 -0.12449
0.898792 -0.0852096
0.794212 0.137921
0.826804 -0.0823989
0.858523 -0.147514
0.659298 -0.300019
0.756426 -0.18375
0.885454 -0.0829985
0.861781 0.116944
0.788242 0.28272
0.909003 0.0522134
0.863337 0.14053
0.88105 -0.0694252
0.723852 0.164318
0.849216 0.115487
0.878057 0.175298
0.89937 -0.0329012
0.833046 -0.0547302
0.893123 0.0523278
0.853407 0.119132
0.870081 0.155107
0.88009 0.00348471
0.897022 0.0528383
0.864773 0.0111629
0.864726 -0.000965024
0.892455 -0.026872
0.905997 -0.106731
0.804354 -0.254559
0.85135 0.0548897
0.909029 -0.0357925
0.835793 0.116725
0.903087 -0.0427878
0.838361 0.160329
0.626186 0.208144
0.908093 0.0615067
0.907349 0.121701
0.90778 0.0124387
0.9005 0.0297713
0.895158 -0.0559807
0.799453 -0.0678542
0.885491 -0.0418563
0.881072 -0.14367
0.905992 -0.153256
0.891781 -0.168991
0.884714 0.0776684
0.894498 0.0702719
0.89879 0.0246404
0.897034 0.0633385
0.892478 0.00189877
0.907343 0.0973876
0.894513 0.0762958
0.788446 0.271157
0.905017 0.137001
0.882033 -0.0204086
0.737252 0.31012
0.859998 0.131606
0.904574 0.14593
0.826851 -0.215242
0.89699 -0.0404553
0.900494 0.00749214
0.861819 0.144944
0.864722 0.0529634
0.707516 -0.123096
0.86152 0.0724597
0.890299 -0.0645394
0.888021 -0.0174077
0.804268 -0.216011
0.892478 0.00854319
0.758699 -0.128962
0.873587 -0.130549
0.83835 0.147175
0.804029 -0.142391
0.896997 0.105064
0.864773 0.0320569
0.799295 -0.0255776
0.799182 -0.10221
0.908167 -0.0792379
0.89704 0.0228094
0.827133 -0.146016
0.900998 0.0349293
0.86182 0.155972
0.85516 0.0132435
0.899357 -0.0963316
0.892479 -0.0617504
0.853406 0.0735533
0.843045 -0.0666046
0.76699 -0.295751
0.898151 -0.0475772
0.878108 0.112156
0.903108 -0.044133
0.845397 -0.189655
0.903092 -0.16523
0.788499 0.175778
0.853211 0.177096
0.877014 0.144746
0.782025 0.138079
0.899878 -0.0232367
0.873751 -0.106272
0.707688 -0.184209
0.905912 -0.166528
0.902099 -0.0763293
0.892482 -0.00957004
0.856957 -0.157017
0.884683 0.0261275
0.891047 -0.0817061
0.849557 0.0450682
0.87701 0.0914611
0.898216 0.101218
0.892479 0.0171619
0.823901 0.0243964
0.900997 0.102864
0.90312 -0.0475889
0.737528 0.301304
0.87118 0.250465
0.84074 0.167294
0.864691 0.0648723
0.899363 -0.0762593
0.737479 0.28947
0.875812 0.0532839
0.878084 0.15155
0.886389 -0.0801012
0.901031 0.0655189
0.788486 0.267782
0.895724 0.000778134
0.880115 -0.0615606
0.882929 0.0174989
0.870119 0.11808
0.812857 0.0540162
0.881002 -0.10109
0.87597 -0.0888546
0.908197 -0.0195523
0.893175 0.0743322
0.893165 0.1103
0.843138 -0.0587232
0.886365 -0.133062
0.812925 -0.0430971
0.855072 -0.0585221
0.86612 -0.146468
0.830075 -0.238581
0.89877 -0.126822
0.899382 -0.155008
0.892479 -0.0852184
0.808778 -0.212215
0.823617 -0.0522696
0.853277 0.0829956
0.866117 -0.0896536
0.853357 0.0645548
0.907325 0.121271
0.843171 -0.0567628
0.908609 -0.115993
0.748976 0.102155
0.847207 -0.0571786
0.887186 -0.120518
0.904104 0.0326475
0.758812 -0.122743
0.874727 -0.177917
0.775032 -0.237506
0.83536 0.15563
0.758142 -0.0533149
0.896332 -0.0825622
0.688462 -0.419007
0.344231 0.242039
0.905745 0.0101432
0.833064 -0.0365234
0.90507 -0.0490385
0.864784 -0.0307214
0.816734 0.164526
0.88377 0.181878
0.767339 -0.201434
0.871216 0.0495508
0.894499 -0.00626355
0.758719 -0.13548
0.37936 0.397253
0.877567 0.267998
0.863289 0.227976
0.812829 0.096569
0.867426 -0.0894576
0.812846 -0.0295532
0.89445 0.0333036
0.867537 -0.11359
0.832955 -0.091945
0.908605 -0.129634
0.7376 0.269021
0.8879 0.0986015
0.909044 -0.0164976
0.816905 0.17755
0.897588 0.175284
0.851532 0.233865
0.887991 0.0975327
0.835706 0.158944
0.820277 0.245378
0.72411 0.244375
0.823329 0.145625
0.905503 -0.006345
0.767526 -0.279432
0.820031 0.0714491
0.766792 -0.237661
0.622737 0.0814707
0.84901 0.0654199
0.86174 0.162713
0.897011 0.114529
0.833039 0.00387583
0.888759 0.100105
0.899938 -0.0340638
0.909049 -0.0689673
0.867557 -0.154289
0.855157 -0.0537193
0.816697 0.153732
0.906867 0.113833
0.875998 -0.000346966
0.868831 -0.0133763
0.804176 -0.21139
0.896976 -0.041386
0.875988 -0.0634053
0.888792 0.0771956
0.89515 -0.0357418
0.849575 0.0307681
0.902069 0.00813902
0.853424 0.100722
0.870081 0.147745
0.863278 0.180145
0.907765 0.118815
0.813013 0.0620579
0.906417 -0.0139227
0.881092 -0.133716
0.835717 0.072731
0.876995 0.100732
0.804215 -0.167027
0.899328 -0.165343
0.838351 0.11118
0.823717 0.0717587
0.900997 0.121796
0.86182 0.190719
0.838255 0.25233
0.907326 0.0553269
0.748962 0.170939
0.906883 0.113789
0.909052 -0.00948204
0.895139 -0.0484987
0.775188 -0.182884
0.898739 -0.0986438
0.887228 -0.13558
0.866165 -0.180998
0.845315 -0.242321
0.893132 -0.0214134
0.887224 -0.104853
0.853396 0.0567433
0.873697 -0.068349
0.812872 -0.019819
0.871273 0.122474
0.808683 -0.13029
0.90455 0.0410151
0.875996 -0.0297016
0.868831 -0.0251185
0.81675 0.167438
0.896984 0.111516
0.888027 0.0537767
0.804268 -0.187538
0.823601 -0.041586
0.875907 -0.0706864
0.827065 -0.179802
0.774933 -0.143927
0.83543 0.0503119
0.812714 0.01977
0.853257 0.112706
0.830036 -0.134804
0.876989 0.0169808
0.806742 0.02789
0.908593 -0.0805913
0.870152 0.081996
0.843084 -0.0660988
0.897604 0.079098
0.90261 -0.0591723
0.833055 -0.0647358
0.781722 0.0428081
0.812492 0.00571515
0.870121 0.133458
0.840737 0.12063
0.68711 -0.334782
0.803302 -0.311463
0.808381 -0.307557
0.781553 -0.060763
0.888719 0.0694514
0.906451 -0.00546572
0.577761 0.529348
0.881725 0.115417
0.891763 -0.0614166
0.843135 -0.12717
0.774791 -0.221625
0.899311 -0.185394
0.889575 0.0288608
0.871368 0.142412
0.90458 0.150288
0.878114 0.191576
0.872557 0.108325
0.897018 0.0939532
0.804311 -0.172878
0.890253 -0.0518439
0.904105 0.0603836
0.452053 0.562105
0.889234 0.333379
0.89515 0.0666835
0.874881 -0.105573
0.882924 -0.000767236
0.855198 -0.0528456
0.909031 -0.0786963
0.629591 0.08042
0.70302 -0.17933
0.887069 -0.173641
0.662975 -0.361718
0.887036 -0.247781
0.748734 0.0537427
0.895699 -0.0834429
0.748831 0.11775
0.88094 -0.0718672
0.883827 0.0919431
0.845354 -0.134139
0.838212 0.121827
0.874817 -0.0820845
0.888009 -0.0261913
0.863305 0.109925
0.881994 -0.0339302
0.723866 0.178835
0.896311 0.00792337
0.864772 -0.00670293
0.905523 -0.0710839
0.856979 -0.182819
0.891745 -0.180603
0.907777 -0.0272351
0.877072 0.0700902
0.896966 0.133636
0.890327 0.0726189
0.897029 0.0816077
0.900494 0.0563214
0.863324 0.14248
0.84745 -0.028924
0.900467 0.00695535
0.886413 -0.111587
0.84536 -0.215697
0.85513 -0.132777
0.908191 -0.0968342
0.887236 -0.134576
0.893836 0.0559704
0.799447 -0.0227666
0.866042 -0.125753
0.867498 -0.177622
0.847459 -0.156522
0.889573 0.118413
0.908628 -0.0478854
0.724282 0.182252
0.893726 0.179404
0.89384 0.181694
0.724051 0.269087
0.905457 0.0521612
0.906003 -0.0753382
0.907783 0.0139937
0.895162 -0.0630808
0.83834 0.151943
0.867461 -0.0669413
0.90689 0.030381
0.904113 0.0947195
0.83578 0.168081
0.903087 -0.0222455
0.843161 -0.113443
0.840672 0.0253856
0.823725 0.0370228
0.881012 -0.108521
0.707827 -0.183032
0.872353 -0.0221559
0.889555 0.0944886
0.856951 -0.115125
0.860191 -0.0203154
0.799271 -0.0454615
0.90859 -0.109616
0.888036 -0.0333524
0.903113 -0.102223
0.903621 -0.0459886
0.872587 0.010399
0.900481 0.0252973
0.89823 0.0734538
0.905538 -0.0420951
0.823945 -0.00165987
0.737351 0.353461
