0.902905 -0.0549759
0.840818 0.0409799
0.885526 -0.00333737
0.885564 -0.0264841
0.900488 0.0118929
0.891777 -0.102908
0.864765 -0.0503967
0.845312 -0.190002
0.826968 -0.2223
0.874804 -0.219453
0.437402 0.432736
0.834517 0.222682
0.793846 0.267068
0.901515 0.19174
0.882949 0.121523
0.880102 -0.0116118
0.788356 0.233926
0.895145 -0.106877
0.873746 -0.139124
0.874857 -0.187358
0.887209 -0.171772
0.885566 -0.0940621
0.899936 -0.111861
0.901572 0.0373964
0.899384 -0.0894912
0.853419 0.0618903
0.87594 -0.0263696
0.904098 0.0693293
0.864783 0.0167627
0.748485 0.163999
0.902533 -0.0132797
0.907782 0.0390304
0.888035 0.0260138
0.901032 0.0919036
0.90554 -0.0349725
0.840824 0.0486374
0.793882 0.196862
0.907735 0.129772
0.886419 -0.0630684
0.830136 -0.205391
0.885569 -0.0981099
0.737298 0.279384
0.858374 -0.00805014
0.900473 0.0164404
0.885577 -0.0203853
0.838316 0.168695
0.903588 0.0564589
0.905072 0.0416036
0.866184 -0.1112
0.901554 0.0385427
0.804333 -0.195753
0.787884 0.149398
0.86008 0.0750057
0.89577 -0.0788439
0.804305 -0.241801
0.886333 -0.203044
0.812925 -0.0710965
0.906417 -0.0671907
0.893849 0.0833126
0.856959 -0.11999
0.904089 0.0302317
0.88558 -0.0153069
0.872566 0.0247231
0.88382 0.129976
0.900487 0.0742957
0.893845 0.139787
0.870133 0.168336
0.849514 0.141584
0.843036 -0.0387249
0.812745 -0.0142795
0.838129 0.168662
0.906428 0.0305435
0.868871 0.0028762
0.840734 0.0685598
0.883791 0.145219
0.907774 0.103583
0.891782 -0.0662635
0.886406 -0.140148
0.89316 0.0237935
0.888024 0.0182514
0.903113 -0.081582
0.820521 0.147763
0.706671 -0.0978115
0.704494 -0.228587
0.683797 -0.467244
0.878908 -0.107202
0.820277 0.225834
0.747986 0.256505
0.798686 0.0913428
0.900983 0.127845
0.895114 -0.102529
0.907341 0.131692
0.835788 0.183428
0.889571 0.16813
0.860243 0.09794
0.906438 0.00386121
0.860212 0.0867178
0.723526 0.219734
0.798559 0.0823189
0.909007 -0.027436
0.890331 -0.00466232
0.856953 -0.154857
0.82378 -0.0380086
0.909018 -0.0743178
0.897643 0.0790187
0.89881 -0.00704407
0.902611 -0.0937256
0.863327 0.0823847
0.871335 0.163662
0.877033 0.141723
0.863289 0.177486
0.835669 0.194137
0.804016 -0.123186
0.907739 0.00112893
0.874896 -0.132111
0.879102 0.0112487
0.9041 0.0846517
0.45205 0.571809
0.86957 0.286883
0.899366 0.0122486
0.845389 -0.166891
0.736772 0.247954
0.62129 0.289358
0.90678 0.14954
0.879134 0.121306
0.78835 0.286955
0.906406 0.0742445
0.894512 0.0671154
0.628892 0.145342
0.862917 0.187872
0.825666 0.128555
0.832835 -0.00158366
0.867453 -0.128431
0.433727 0.464771
0.834507 0.234861
0.855111 0.0491908
0.891744 -0.0877912
0.864765 -0.0443453
0.903101 -0.106886
0.812994 -0.0291824
0.86012 0.00738678
0.906886 0.0594156
0.90646 -0.00815996
0.882034 -0.0783799
0.875971 -0.0796693
0.838291 0.144655
0.884667 0.147675
0.849334 0.0861111
0.879076 0.100625
0.871355 0.171054
0.909037 0.011664
0.835793 0.135709
0.758146 -0.0614107
0.900443 -0.0213879
0.894508 0.0293538
0.708085 -0.124024
0.90897 -0.114455
0.906461 -0.077557
0.816895 0.152698
0.887963 0.0611156
0.853398 0.12307
0.774869 -0.120094
0.903557 -0.0648531
0.737534 0.294441
0.859999 0.125377
0.875947 -0.000329038
0.868831 -0.0133756
0.890301 0.00518097
0.863309 0.122391
0.873709 -0.0433546
0.868828 -0.0308725
0.90689 0.044938
0.868872 0.00869295
0.73708 0.320477
0.735355 0.432341
0.863076 0.298836
0.885545 0.0971067
0.905994 -0.0570216
0.909052 -0.0778505
0.904114 0.051615
0.902098 0.011105
0.875993 -0.0419062
0.860221 0.0118638
0.883829 0.141302
0.891763 -0.116871
0.905535 -0.117631
0.782221 0.0405756
0.659547 -0.233147
0.880854 -0.207025
0.864749 -0.0905051
0.856908 -0.186849
0.888777 0.0260398
0.89105 -0.0821528
0.874877 -0.165004
0.687941 -0.450846
0.787158 0.0306614
0.909002 -0.0486639
0.896426 -0.0702513
0.448213 0.505282
0.825698 0.123673
0.826905 -0.0934787
0.892428 -0.0674471
0.88957 0.0761245
0.85521 -0.0231574
0.883853 0.0941974
0.893158 0.117262
0.891771 -0.0607283
0.838354 0.161564
0.868782 0.0465684
0.812852 0.0251363
0.879039 0.0792131
0.895782 -0.0778262
0.902609 -0.121796
0.88203 -0.124083
0.908625 -0.144565
0.890265 0.0746109
0.748771 0.182055
0.803599 -0.114395
0.849379 0.0173525
0.899916 -0.0687741
0.901007 0.0461288
0.893845 0.128531
0.898807 0.0131689
0.901037 0.103712
0.896421 -0.00985266
0.904108 0.0777161
0.868868 0.021448
0.823821 0.0303661
0.840624 0.0854318
0.885499 -0.100947
0.794136 0.132865
0.876951 0.119393
0.887211 -0.0490092
0.845362 -0.19071
0.85513 -0.122783
0.889541 0.0544504
0.808764 -0.156508
0.89994 -0.0449399
0.858402 -0.0327699
0.890293 -0.00148138
0.855211 -0.0543161
0.85857 -0.134614
0.843057 -0.150757
0.77479 -0.231071
0.898738 -0.117876
0.830173 -0.227418
0.571217 0.445908
0.904914 0.224859
0.897641 0.19849
0.897636 0.187588
0.907345 0.171819
0.881093 -0.0594732
0.748668 0.130251
0.832616 -0.0128523
0.84524 -0.173174
0.42262 0.433657
0.864085 0.230307
0.799291 0.0538823
0.909008 -0.0387745
0.788536 0.227208
0.766521 -0.171431
0.83801 0.104231
0.86746 -0.0860309
0.903603 -0.042769
0.899946 -0.0906066
0.868863 -0.0464141
0.904095 0.0606967
0.904596 0.117702
0.908201 0.0132959
0.905543 -0.0670744
0.82716 -0.183422
0.864672 -0.0735015
0.867496 -0.15674
0.687761 -0.447149
0.812103 -0.209605
0.884644 0.00720306
0.861737 0.0836106
0.893819 0.142729
0.866174 -0.0704346
0.87367 -0.148174
0.893151 0.0192386
0.897031 0.0605635
0.748846 0.175087
0.865971 -0.0407772
0.886384 -0.127794
0.902604 -0.141031
0.758798 -0.191773
0.70549 -0.251271
0.86728 -0.230136
0.851473 0.0694093
0.838228 0.203454
0.707009 -0.0704732
0.826526 -0.150855
0.886351 -0.168524
0.443175 0.459978
0.846556 0.0535259
0.626581 0.161699
0.908093 0.0428907
0.893175 0.0992984
0.904107 0.121094
0.908635 -0.0474277
0.900501 0.00591332
0.863324 0.122316
0.885545 0.0264686
0.758631 -0.119751
0.878984 0.0256852
0.902085 0.00320865
0.875993 -0.0450659
0.901559 0.06474
0.901573 0.107994
0.887231 -0.0528408
0.73732 0.297654
0.8944 0.170408
0.877058 0.147413
0.823849 0.0792761
0.808472 -0.150145
0.569356 0.478337
0.826086 0.0921927
0.885513 0.0189338
0.827096 -0.145596
0.901533 0.0258058
0.897639 0.118704
0.904593 0.140885
0.799503 0.00869949
0.900441 0.0170209
0.827144 -0.148912
0.845228 -0.22729
0.856875 -0.239773
0.858573 -0.2087
0.875945 -0.1341
0.886038 0.159779
0.812923 0.073972
0.908596 -0.06242
0.68876 -0.4116
0.89502 -0.20958
0.908631 -0.179313
0.90646 -0.103525
0.820533 0.138916
0.900452 0.0712936
0.905071 0.0477968
0.899386 -0.0855435
0.866182 -0.162386
0.574306 0.469399
0.896217 0.113788
0.892477 -0.0831572
0.891771 -0.140893
0.888023 -0.0477814
0.879115 0.043909
0.62815 0.143057
0.890859 -0.00915216
0.895151 -0.070505
0.849565 0.0502357
0.902586 -0.0668731
0.890918 -0.13266
0.881077 -0.180308
0.8515 0.0903821
0.573047 0.571535
0.903456 0.19336
0.823938 0.0928974
0.891002 -0.0488934
0.883836 0.101857
0.737276 0.359202
0.864541 0.156208
0.902077 0.0568407
0.788493 0.26446
0.845142 -0.0597654
0.903091 -0.113277
0.861824 0.0969093
0.898789 0.00396176
0.886412 -0.112644
0.576042 0.48788
0.900863 0.270591
0.895796 -0.00204068
0.906902 0.05903
0.907349 0.120675
0.855175 0.0182833
0.863256 0.128897
0.905522 -0.0167046
0.905073 0.0121781
0.577643 0.536502
0.907204 0.301742
0.663633 -0.179801
0.861452 0.0451729
0.868812 0.00296935
0.820397 0.182298
0.882874 0.107497
0.885575 -0.0142443
0.8888 0.0977534
0.838324 0.21606
0.774754 -0.0850059
0.867374 -0.162635
0.905986 -0.16061
0.884726 0.0223831
0.864755 0.000712736
0.867496 -0.127054
0.891034 -0.141252
0.893839 0.0533768
0.845377 -0.150129
0.835621 0.0599975
0.886359 -0.0849446
0.882935 0.00893423
0.847492 -0.080263
0.895123 -0.0942492
0.812858 0.0395476
0.893109 0.0879079
0.812953 0.0466788
0.812621 0.013691
0.899895 -0.0717413
0.879127 0.0333557
0.875968 -0.0352602
0.849526 0.0611222
0.888772 0.12454
0.905514 -0.161061
0.904113 0.0180231
0.866189 -0.121504
0.840728 0.0191576
0.78811 0.240585
0.89757 0.199097
0.908632 -0.01595
0.876 -0.0520869
0.896406 -0.0739067
0.812966 -0.0173687
0.890304 0.00318879
0.871368 0.132148
0.89315 0.131124
0.76742 -0.222904
0.628175 0.207344
0.858191 -0.0432663
0.887996 -0.0125603
0.886403 -0.11835
0.904587 0.0460287
0.843164 -0.0863901
0.799182 -0.0679345
0.823584 0.00717222
0.884725 0.098315
0.867524 -0.0877258
0.894486 0.00553031
0.863315 0.12238
0.808648 -0.13076
0.887155 -0.15109
0.799412 -0.104038
0.793647 0.139652
0.903621 0.0111112
0.874891 -0.128015
0.882004 -0.128359
0.891763 -0.158928
0.899939 -0.137554
0.85342 0.0426196
0.899918 -0.0585022
0.877064 0.0565642
0.845339 -0.14791
0.804063 -0.261521
0.87903 -0.0347321
0.897625 0.0933939
0.904109 0.119119
0.896423 -0.00347706
0.833037 -0.0434178
0.887175 -0.115432
0.820463 0.134555
0.885509 0.0365603
0.902604 -0.0752197
0.888752 0.0921656
0.748754 0.189379
0.868864 0.0388155
0.882919 0.0562277
0.89315 0.129113
0.903616 0.0456356
0.882951 0.0633471
0.853388 0.124374
0.878061 0.179031
0.823852 0.0917425
0.855092 -0.00634348
0.900471 0.0167821
0.882028 -0.0687895
0.901028 0.0697324
0.78219 0.114344
0.90306 -0.0443512
0.872587 0.011118
0.882007 0.00514827
0.861766 0.107928
0.864498 -0.052998
0.906888 0.0356771
0.896425 -0.0366613
0.449686 0.496464
0.842104 0.171785
0.788119 0.301833
0.906406 0.0801789
0.893849 0.14226
0.864768 0.0473786
0.901019 0.11497
0.856971 -0.107984
0.886377 -0.153923
0.885565 -0.0868217
0.891047 -0.126975
0.833022 -0.0936511
0.902061 -0.0399979
0.897639 0.0924082
0.867548 -0.151964
0.882918 -0.0202502
0.889563 0.0951207
0.905065 0.0582278
0.748936 0.17255
0.896326 0.00714604
0.880115 -0.0590912
0.908624 -0.118487
0.908636 -0.143451
0.889582 0.0455229
0.895789 -0.0916721
0.886409 -0.150646
0.888018 -0.0522941
0.908205 -0.0677974
0.908213 0.00405707
0.9021 -0.00832199
0.888031 0.006425
0.902605 -0.0874755
0.80411 -0.213475
0.887953 -0.0868117
0.864782 -0.0380943
0.874847 -0.146721
0.890306 -0.0487888
0.576376 0.513149
0.906309 0.149323
0.890329 0.0663246
0.860245 0.0573331
0.89936 -0.0790046
0.906904 0.0285826
0.888816 0.116872
0.833016 0.00354149
0.816611 0.172967
0.570054 0.607012
0.89154 0.136577
0.907777 0.0996495
0.856983 -0.114732
0.867486 -0.173343
0.888786 0.032428
0.845365 -0.158224
0.843026 -0.157937
0.898778 -0.0959562
0.867543 -0.165232
0.87485 -0.197645
0.827062 -0.230405
0.893795 0.0164209
0.905536 -0.0645008
0.855239 -0.0819751
0.427619 0.476086
0.895494 0.0967597
0.891055 -0.0545398
0.782121 0.062031
0.899316 -0.0723771
0.866182 -0.157111
0.78195 0.014508
0.902557 -0.00878441
0.812992 0.00994644
0.884645 0.0949816
0.868842 0.0258624
0.627655 0.140506
0.815818 0.193723
0.840605 0.151818
0.898195 0.127376
0.860257 0.082948
0.899922 -0.0420915
0.808811 -0.194561
0.569385 0.460547
0.899194 0.0999591
0.874886 -0.0923641
0.897008 0.00339568
0.895793 -0.108783
0.888808 0.0608901
0.898805 -0.0133461
0.886412 -0.119568
0.909044 -0.103839
0.833073 -0.0816043
0.847386 -0.121765
0.830019 -0.228543
0.894461 -0.047707
0.90863 -0.11454
0.767553 -0.323099
0.885582 -0.0413037
0.890314 -0.00774942
0.87374 -0.0988561
0.888791 0.0628057
0.873738 -0.0704398
0.871348 0.102595
0.864736 0.0346817
0.823807 0.0364043
0.880044 -0.0380167
0.895799 -0.0640631
0.816854 0.156329
0.888746 0.159578
0.898804 0.0261358
0.888028 0.0198323
0.900489 0.0306754
0.89248 -0.0108407
0.892475 -0.028203
0.708046 -0.147628
0.871143 0.0707127
0.82705 -0.122429
0.812679 -0.0510511
0.838193 0.243228
0.897601 0.202591
0.757055 -0.0221543
0.854971 -0.0411613
0.893138 0.0600699
0.775173 -0.139736
0.864596 -0.0487051
0.707513 -0.163799
0.893037 -0.00455141
0.901034 0.0962127
0.81278 0.0484126
0.884644 0.110378
0.90645 0.010609
0.816895 0.187963
0.757962 -0.0349465
0.89238 -0.0505407
0.894503 0.0183568
0.895154 -0.0598963
0.891773 -0.1316
0.799436 -0.0973152
0.847314 -0.131616
0.849468 0.0177827
0.883799 0.125537
0.864754 0.0421049
0.812835 0.0225221
0.835533 0.123438
0.900492 0.104042
0.884721 0.128502
0.907339 0.147795
0.86183 0.201784
0.873707 -0.0114087
0.835697 0.120378
0.793853 0.226037
0.901926 0.222374
0.879129 0.150836
0.866154 -0.0654981
0.851471 0.135179
0.891742 -0.0533802
0.872573 0.00879326
0.830095 -0.176531
0.835579 0.0467973
0.899908 -0.0575606
0.883844 0.099031
0.843116 -0.0616326
0.895759 -0.132904
0.882943 -0.00906166
0.883829 0.117209
0.88107 -0.0799473
0.79938 -0.0741666
0.861662 0.101671
0.874843 -0.0907362
0.794076 0.137942
0.887143 -0.0440402
0.89763 0.0900655
0.882026 -0.0396596
0.707513 -0.160989
0.907697 -0.00805521
0.888035 0.00717012
0.873738 -0.0925977
0.890236 0.0554846
0.897029 0.0747442
0.838345 0.207136
0.896997 0.129749
0.688478 -0.334117
0.908961 -0.199463
0.855245 -0.136511
0.891025 -0.143803
0.899939 -0.131534
0.851537 0.111316
0.843041 -0.0511789
0.799182 -0.0538215
0.895092 -0.0784365
0.907344 0.065332
0.9021 0.0162736
0.889577 0.109494
0.870141 0.150309
0.898212 0.125138
0.902095 0.0410956
0.907347 0.113356
0.901576 0.12729
0.840814 0.11406
0.904565 0.138853
0.861826 0.197916
0.687623 -0.304986
0.882753 -0.104193
0.878092 0.0888544
0.898217 0.100116
0.855226 -0.0149514
0.793964 0.170085
0.856786 -0.076123
0.881044 -0.155705
0.881067 -0.188951
0.871357 0.0552355
0.891756 -0.0854443
0.851521 0.129134
0.838228 0.227346
0.864688 0.0892469
0.90644 0.000706924
0.874894 -0.132247
0.871349 0.0778796
0.870104 0.14081
0.88009 -0.00223706
0.856935 -0.152948
0.887985 0.00212908
0.866166 -0.126002
0.820387 0.130765
0.872488 0.0905645
0.90458 0.129552
0.820526 0.232186
0.893115 0.165773
0.737397 0.385673
0.787466 0.372365
0.877992 0.27542
0.575319 0.643695
0.854644 0.254401
0.908614 0.00798709
0.723922 0.193743
0.887086 -0.0237942
0.849549 0.0675699
0.832904 -0.022272
0.887175 -0.106978
0.870124 0.0688106
0.884694 0.115839
0.835727 0.173175
0.887177 -0.0287154
0.898222 0.0525853
0.851533 0.184834
0.900469 0.0928829
0.882924 -0.0194426
0.628333 0.115985
0.860266 0.0102889
0.858579 -0.108476
0.901015 0.0521867
0.812985 0.0340175
0.884645 0.10461
0.878949 0.15707
0.767298 -0.210756
0.838012 0.0885275
0.870062 0.140974
0.901556 0.139311
0.835773 0.185476
0.723145 0.25098
0.898125 0.173542
0.901571 0.151605
0.891777 -0.0470277
0.898806 -0.0568324
0.88881 0.0819513
0.903614 0.0263743
0.853427 0.107889
0.7073 -0.104354
0.807953 -0.229928
0.898758 -0.120983
0.877063 0.0314213
0.77505 -0.153444
0.8298 -0.240608
0.835578 0.0211156
0.908182 -0.0334005
0.782239 0.0749587
0.887134 -0.0695834
0.902605 -0.117807
0.827151 -0.203213
0.883779 0.0355324
0.835725 0.140894
0.892435 0.0271345
0.816841 0.19225
0.840814 0.130572
0.860165 0.0755129
0.88878 0.131288
0.89105 -0.0400539
0.902091 -0.0242756
0.899945 -0.0832712
0.904594 0.0601017
0.868736 -0.0957796
0.799407 -0.115251
0.886329 -0.152014
0.888018 -0.0528504
0.899376 -0.124766
0.799475 -0.0963485
0.908171 -0.127974
0.879136 0.0101868
0.758217 -0.14564
0.735632 0.247955
0.902527 0.0213312
0.860264 0.0411878
0.898788 -0.018159
0.903119 -0.0960233
0.901573 0.0436484
0.863325 0.137372
0.863268 0.176239
0.901552 0.153595
0.897036 0.115222
0.856964 -0.107518
0.868806 -0.0586817
0.904579 0.0698421
0.851546 0.192216
0.78185 0.150417
0.890327 0.0298698
0.907776 0.0570413
0.820538 0.203115
0.909016 0.0219712
0.881094 -0.11951
0.893156 0.0314879
0.662609 -0.289185
0.866177 -0.172115
0.687729 -0.453229
0.877059 0.0615414
0.812886 0.0328289
0.816534 0.181347
0.904553 0.165694
0.724218 0.266307
0.894391 0.158948
0.820489 0.244157
0.887165 -0.000773161
0.904104 0.0805436
0.849584 0.112154
0.887229 -0.14161
0.847501 -0.140025
0.893809 0.0529866
0.838337 0.198324
0.886361 -0.0298411
0.816817 0.168454
0.408409 0.553396
0.868217 0.148254
0.897015 0.109452
0.894506 0.0819722
0.872577 0.0626198
0.870106 0.134857
0.823825 0.0755066
0.722959 0.202955
0.808023 -0.106154
0.855063 -0.0829567
0.884681 0.0558406
0.902088 0.0147098
0.885578 -0.0212731
0.898206 0.132108
0.901037 0.151245
0.838356 0.237873
0.87368 0.00602187
0.867509 -0.124802
0.908619 -0.144238
0.903124 -0.146343
0.88295 -0.0135067
0.887216 -0.101992
0.904588 0.0525744
0.888815 0.126253
0.804272 -0.158672
0.87801 0.0637211
0.794094 0.19943
0.881928 -0.00259344
0.843112 -0.101954
0.906879 0.0140652
0.887235 -0.0902555
0.849549 0.0410104
0.872523 0.0513467
0.758504 -0.105967
0.900418 -0.0331069
0.899383 -0.117622
0.907346 0.0497873
0.864788 0.00848847
0.903101 -0.0857521
0.902097 -0.043742
0.835774 0.112348
0.860157 0.067458
0.889545 0.130485
0.897028 0.104669
0.782163 0.127274
0.877987 0.177158
0.851494 0.233135
0.816683 0.267867
0.886343 -0.000212067
0.816817 0.180302
0.866154 -0.115496
0.851471 0.11518
0.881039 -0.078874
0.89031 -0.0223003
0.794164 0.163875
0.889495 0.169866
0.861802 0.20874
0.906887 0.140116
0.855241 -0.000345495
0.881042 -0.125304
0.90553 -0.120019
0.87707 0.0326852
0.788337 0.25121
0.908162 0.0631709
0.887236 -0.0705752
0.901031 0.0693896
0.78219 0.114208
0.901509 0.130901
0.890325 0.0594599
0.897632 0.13162
0.890323 0.0601547
0.893163 0.104328
0.908207 -0.00564233
0.889582 0.100652
0.891039 -0.107671
0.886405 -0.156649
0.909044 -0.118672
0.820542 0.132803
0.900462 0.0757322
0.899383 -0.0740894
0.893844 0.080411
0.879121 0.0947105
0.893831 0.147521
0.903116 -0.0298078
0.451558 0.52544
0.785685 0.38726
0.896965 0.196059
0.849569 0.157165
0.898782 0.0293813
0.870139 0.12478
0.774997 -0.117068
0.883782 0.0663949
0.840771 0.0920225
0.880061 -0.0179613
0.906895 0.0511687
0.890329 0.0270015
0.866169 -0.116323
0.866136 -0.170868
0.888002 -0.062695
0.838322 0.151854
0.865932 -0.129312
0.879093 0.0131002
0.787536 0.261824
0.860079 0.119923
0.736965 0.364112
0.904993 0.178439
0.884725 0.158049
0.902088 0.0555887
0.856973 -0.131835
0.661991 -0.332686
0.8548 -0.150088
0.788198 0.174906
0.898164 0.139512
0.860257 0.0877977
0.788232 0.270843
0.82984 -0.0710038
0.845234 -0.196279
0.723293 0.101475
0.905457 -0.014814
0.820529 0.174421
0.894455 0.11426
0.906454 0.0128746
0.708313 -0.127201
0.560763 0.494529
0.878783 0.287552
0.904085 0.12375
0.888814 0.154676
0.888802 0.165623
0.794155 0.239185
0.867401 -0.0326796
0.877029 0.062676
0.838294 0.201629
0.84301 -0.012783
0.875928 -0.0572604
0.895142 -0.08813
0.866176 -0.162931
0.908619 -0.159433
0.901043 0.0353705
0.891777 -0.093519
0.898806 -0.0754288
0.88472 0.0567934
0.898802 -0.0145455
0.890323 0.00156541
0.816869 0.117097
0.889512 0.150874
0.898224 0.124292
0.833043 0.00796924
0.890274 0.0174774
0.886404 -0.106525
0.833009 -0.0861916
0.758119 -0.149352
0.871205 0.0703276
0.906443 -0.00638724
0.867553 -0.129294
0.900478 -0.0311031
0.882028 -0.0879431
0.899373 -0.138439
0.812979 -0.0425708
0.736348 0.294522
0.867322 -0.0113757
0.574404 0.529724
0.88953 0.120963
0.628652 0.169145
0.897474 0.162762
0.724108 0.262742
0.904024 0.171779
0.870146 0.182383
0.856918 -0.0781884
0.882908 0.0079171
0.863297 0.123752
0.767164 -0.222132
0.900423 -0.0786728
0.905539 -0.103147
0.856979 -0.195645
0.893143 0.10621
0.86585 -0.244453
0.799301 -0.136432
0.896358 -0.112958
0.895793 -0.155302
0.827129 -0.217047
0.87129 0.0436691
0.808683 -0.161811
0.812603 -0.0705838
0.820194 0.154049
0.884651 0.152284
0.870121 0.172205
0.90862 -0.0255459
0.883852 0.112464
0.748699 0.198476
0.823413 0.122834
0.900454 0.0651601
0.899376 -0.14797
0.82714 -0.214727
0.867445 -0.21377
0.832955 -0.132031
0.416478 0.442804
0.908003 0.175497
0.905074 0.0888538
0.874893 -0.0969539
0.873722 -0.132571
0.899368 -0.155785
0.87599 -0.10893
0.845337 -0.214047
0.781807 -0.0137093
0.90356 -0.0216653
0.799521 -0.0621563
0.399761 0.450861
0.893831 0.0891377
0.685976 -0.319271
0.853019 -0.0125111
0.823945 -0.0566776
0.881995 -0.108854
0.897024 0.00811033
0.833039 -0.0386898
0.723102 0.16039
0.657615 -0.161041
0.780515 -0.0415236
0.898742 -0.0426724
0.893168 0.0640861
0.840794 0.0898747
0.871307 0.166521
0.908198 0.0213325
0.89385 0.118758
0.86025 0.078841
0.898788 -0.00309627
0.888028 0.00813768
0.906899 0.0623644
0.838371 0.20252
0.905041 0.105419
0.845402 -0.129943
0.736773 0.262735
0.892365 0.0665319
0.663148 -0.267815
0.746226 0.0903865
0.826651 -0.0932123
0.906872 0.0159999
0.866193 -0.122631
0.687729 -0.433436
0.812103 -0.204126
0.887158 -0.180334
0.898222 -0.00806125
0.856967 -0.15694
0.902073 -0.0676724
0.823934 -0.0112662
0.766825 -0.271233
0.905991 -0.0351177
0.838368 0.163496
0.853305 0.168092
0.851446 0.227646
0.880123 -0.0496651
0.867517 -0.146984
0.888003 -0.0529839
0.8618 0.119443
0.900475 0.0677937
0.861819 0.169063
0.849497 0.140483
0.893134 0.13215
0.903116 -0.0359642
0.895797 -0.124742
0.8408 0.0140006
0.875926 -0.0467636
0.816548 0.259479
0.898181 0.171772
0.863282 0.177955
0.843068 -0.0265372
0.888767 0.0888748
0.891768 -0.072064
0.874877 -0.160987
0.873722 -0.158182
0.898796 -0.0993534
0.858643 -0.150073
0.871329 0.0706503
0.849517 0.10271
0.845278 -0.127901
0.847412 -0.13899
0.902584 -0.142391
0.866187 -0.185493
0.887202 -0.171282
0.902605 -0.158492
0.900497 -0.039139
0.907346 0.0812141
0.86183 0.175152
0.838149 0.259756
0.882797 0.182932
0.835684 0.175211
0.89638 0.0142197
0.898729 -0.0728273
0.903119 -0.117891
0.909008 -0.0904876
0.904045 -0.0471626
0.89764 0.0896387
0.888809 0.140431
0.804272 -0.152999
0.568995 0.47749
0.903948 0.244198
0.812997 0.111426
0.874788 -0.0856112
0.832976 -0.0796283
0.758119 -0.146716
0.849286 -0.00318991
0.626712 0.137772
0.8658 -0.0416221
0.886384 -0.128117
0.723935 0.142644
0.854912 0.0300835
0.895767 -0.0966318
0.907779 0.00610582
0.782237 0.0906563
0.909 -0.0249097
0.902616 -0.101687
0.845396 -0.212649
0.75824 -0.203581
0.853154 0.0278355
0.832914 -0.0376066
0.842997 -0.107555
0.837899 0.246482
0.418949 0.597151
0.872006 0.322764
0.905526 0.0600383
0.870148 0.137871
0.83837 0.186572
0.889529 0.178399
0.808764 -0.106929
0.847334 -0.134473
0.874827 -0.184834
0.904098 0.00584699
0.887233 -0.0936249
0.872568 -0.00679205
0.574854 0.53119
0.822823 0.287251
0.851386 0.273008
0.880071 0.053061
0.838302 0.197887
0.908607 -0.0139273
0.9021 -0.0155544
0.816878 0.176777
0.903578 0.0577331
0.812996 0.0367634
0.781584 0.07817
0.737565 0.273496
0.858659 -0.141649
0.83293 -0.104546
0.887175 -0.139886
0.905995 -0.151847
0.88958 0.0421971
0.861803 0.157681
0.774933 -0.105074
0.90858 -0.132432
0.823956 -0.0383429
0.87905 0.0529149
0.895782 -0.0883458
0.902609 -0.126004
0.737521 0.269888
0.90095 0.194904
0.868864 0.0679188
0.808672 -0.152243
0.884641 0.0303093
0.799399 -0.0308941
0.908167 -0.0507323
0.9005 0.00454308
0.870141 0.115056
0.627717 0.175593
0.553849 0.62129
0.83206 0.153335
0.875916 0.0081122
0.872554 0.0351895
0.882922 0.0552439
0.905993 -0.0737223
0.788517 0.212797
0.567644 0.624911
0.859725 0.231767
0.880079 0.035487
0.893155 0.0933796
0.88957 0.140446
0.886404 -0.0572789
0.853395 0.0758402
0.799487 -0.0231174
0.803842 -0.204415
0.722647 0.0842344
0.87237 0.0830655
0.860216 0.061302
0.799271 -0.0128205
0.891704 -0.112353
0.858631 -0.155689
0.855154 -0.110908
0.826999 -0.192345
0.907749 -0.0279486
0.9005 0.0136128
0.877065 0.0854856
0.905059 0.0554069
0.896424 -0.028896
0.883841 0.110246
0.748699 0.197591
0.905931 -0.0145043
0.870148 0.108104
0.860212 0.0709802
0.906887 0.0848615
0.861829 0.176563
0.853349 0.171393
0.880073 0.0121613
0.908202 -0.0412528
0.908214 -0.0653181
0.895163 -0.0948523
0.887226 -0.134169
0.816821 0.126866
0.856825 -0.0955062
0.860191 -0.012487
0.830057 -0.184939
0.86171 0.0605809
0.901021 0.154421
0.904594 0.155182
0.882952 0.107289
0.406357 0.491481
0.906684 0.209992
0.906004 -0.0122266
0.894512 0.0325601
0.888807 0.117308
0.758663 -0.0843759
0.904525 0.0592278
0.903122 -0.0650031
0.866187 -0.1546
0.891752 -0.169356
0.880111 -0.129101
0.782046 0.029349
0.907729 0.0634946
0.858658 -0.0844098
0.908192 -0.077826
0.884728 0.0553929
0.909043 -0.0339379
0.891064 -0.108181
0.808771 -0.221477
