0.901975 0.256773
0.904951 0.274501
0.812426 0.136897
0.862731 0.407271
0.887825 0.186454
0.906107 0.296049
0.882115 -0.0495706
0.855885 0.0607924
0.876398 0.185723
0.866206 0.139977
0.797229 0.235211
0.891237 -0.0326476
0.903546 -0.00789234
0.902918 -0.0669391
0.897451 0.18128
0.839079 0.55172
0.81473 0.106804
0.899027 0.145072
0.860604 0.269603
0.892404 0.278263
0.903639 0.0503204
0.870127 0.162902
0.881594 0.0812482
0.746476 0.348152
0.786523 0.315887
0.906673 0.234903
0.875876 -0.0435415
0.906555 0.147671
0.874555 0.177199
0.886484 0.117172
0.883472 0.247667
0.840919 0.252543
0.906714 0.249559
0.896519 0.185802
0.797388 0.409055
0.84628 0.157599
0.894728 0.316691
0.850444 0.329092
0.878547 0.469306
0.877266 0.22794
0.885294 0.146886
0.882508 0.0443163
0.906846 0.214988
0.870483 0.305741
0.868653 0.275803
0.904379 0.130386
0.904117 0.149102
0.903329 0.128642
0.86784 -0.018095
0.898958 0.284883
0.0200625 0.193668
0.904952 0.23406
0.905813 0.0664636
0.856706 -0.0668061
0.86074 0.407435
0.900521 0.123187
0.832959 0.217375
0.867514 0.189805
0.903269 0.0740825
0.876754 0.3528
0.8485 0.119664
0.864922 0.0247268
0.867361 0.25681
0.907841 0.124715
0.895303 0.188202
0.807865 0.201509
0.900675 0.0905569
0.89856 0.158428
0.869606 0.146144
0.903179 -0.0590084
0.842976 0.0380275
0.908793 0.30159
0.904541 0.261487
0.875862 0.154841
0.898164 0.275181
0.902763 0.00477842
0.886224 -0.0834809
0.905353 -0.0080063
0.906605 0.317018
0.83421 0.335969
0.861206 0.143519
0.79147 0.4335
0.880256 0.00134348
0.850103 0.177117
0.871678 0.225375
0.868526 0.27001
0.887524 0.201418
0.906691 0.270191
0.904537 0.276029
0.906959 0.350226
0.7761 0.0256987
0.825873 -0.0666005
0.901651 0.272731
0.90145 0.13231
0.895262 0.0236443
0.870825 0.483836
0.870666 0.460041
0.867637 0.0170479
0.83964 0.289697
0.90075 0.246961
0.881595 0.0742676
0.894518 0.0898772
0.902308 0.277611
0.854757 0.140885
0.880681 0.0553752
0.902578 0.0876061
0.787056 0.327093
0.897336 0.330828
0.746898 0.354398
0.840816 0.150482
0.890401 0.351082
0.883884 0.29768
0.827123 0.0646785
0.78921 0.273738
0.876229 -0.0133313
0.846023 0.116745
0.901413 0.402041
0.859767 -0.0102351
0.605453 0.732515
0.834381 0.167931
0.905758 -0.00577113
0.866271 -0.0726109
0.877895 0.350976
0.897696 0.169189
0.889131 0.489929
0.88491 0.187344
0.904635 0.249308
0.906228 0.0759646
0.879992 0.180287
0.804239 -0.19198
0.82801 -0.105968
0.845982 0.0646562
0.863915 0.339867
0.865007 0.0205404
0.885427 0.00125716
0.815962 0.232824
0.737432 0.387153
0.879793 0.116853
0.898563 0.036869
0.889331 0.440642
0.894911 0.0178516
0.907515 0.236735
0.906509 -0.0067934
0.902692 0.171106
0.884102 0.265691
0.848678 0.403918
0.906177 0.171199
0.894261 0.233787
0.89782 0.162222
0.798259 0.0872838
0.802856 0.195259
0.800392 -0.0401976
0.903087 0.0562575
0.88912 0.141218
0.894203 0.289093
0.880247 0.101409
0.908652 0.00766667
0.872659 0.286565
0.559267 0.939879
0.899455 -0.0610916
0.88161 0.167975
0.820518 0.555034
0.892018 0.124354
0.90575 0.177296
0.827924 -0.119106
0.572863 0.647166
0.849505 0.266156
0.761572 -0.0980897
0.831979 -0.0579738
0.637095 0.213276
0.803065 -0.0640696
0.870903 0.449503
0.884143 0.464987
0.889321 0.212917
0.881271 0.138385
0.90518 0.19029
0.823882 0.140039
0.897471 0.219718
0.851814 0.204424
0.899962 0.0167363
0.862302 0.286192
0.781819 0.268493
0.888114 0.254288
0.721481 0.35281
0.757491 0.0568716
0.788178 0.518787
0.855452 0.258553
0.897286 0.351703
0.885885 0.337682
0.882442 -0.018175
0.907906 0.0818322
0.796065 0.350511
0.888356 0.122206
0.880033 -0.0231366
0.906483 0.170311
0.887596 0.122307
0.857958 0.0734135
0.867104 0.00711702
0.89492 0.018601
0.904451 0.451597
0.87989 0.118952
0.548966 0.877256
0.84134 0.306526
0.868852 0.105651
0.883041 0.2173
0.870933 0.230397
0.881946 -0.0464354
0.865548 0.272249
0.908245 0.218854
0.907948 0.337733
0.691399 -0.347231
0.744599 0.392312
0.628244 0.244849
0.591772 0.679148
0.802681 0.170885
0.908122 -0.0053192
0.892187 0.243822
0.908036 0.188355
0.833077 -0.0231695
0.90128 0.389566
0.900989 0.241227
0.888636 0.168571
0.903509 0.211216
0.834219 0.0355771
0.869095 0.180065
0.882297 0.154983
0.539411 0.779793
0.889993 0.258086
0.897446 0.405473
0.664261 -0.079122
0.886679 0.273889
0.902087 0.151497
0.846433 0.0613097
0.899051 0.22891
0.883284 0.292757
0.895351 0.0984078
0.884372 0.427964
0.900151 0.191596
0.811093 0.164729
0.886299 0.233012
0.889471 0.337057
0.871259 0.138196
0.893768 0.43008
0.869411 0.193173
0.861996 0.433858
0.593773 0.656834
0.872492 0.0729385
0.90121 0.431203
0.905841 0.293411
0.604073 0.592784
0.907981 0.359646
0.89149 -0.0795238
0.885767 -0.0467521
0.845214 0.217169
0.893188 0.0876099
0.908216 0.235887
0.851244 0.211565
0.881959 0.0468532
0.785585 0.495525
0.904604 0.301217
0.857956 0.223335
0.906012 0.196303
0.89614 0.114077
0.904303 0.214711
0.842893 -0.0403716
0.904321 0.394874
0.872098 0.186179
0.877359 0.295956
0.72599 0.531382
0.877181 0.452331
0.898752 0.205613
0.875334 -0.00691086
0.831618 -0.117271
0.866328 -0.0526922
0.432773 0.526335
0.90135 0.286413
0.838789 0.271833
0.877869 0.392912
0.878688 0.10304
0.786685 0.265758
0.872727 0.200121
0.7056 -0.13326
0.908576 0.287819
0.89903 -0.0312746
0.808858 0.119188
0.900558 0.139612
0.899671 -0.0399111
0.879814 0.238364
0.765386 0.150473
0.902033 0.13952
0.592075 0.502276
0.876222 0.123801
0.624174 0.242015
0.852222 0.161577
0.907176 0.380064
0.876757 0.369861
0.89402 0.127731
0.890632 0.348497
0.858014 -0.00970291
0.802672 0.235502
0.850291 0.311332
0.847908 0.171765
0.886582 0.0841115
0.891281 0.0778833
0.754614 0.29219
0.882167 0.0379499
0.860977 0.189574
0.889228 0.130734
0.884328 0.162366
0.86226 0.417187
0.620488 0.332818
0.861746 0.462741
0.815131 0.356477
0.8831 0.418293
0.846491 -0.00580394
0.860566 0.170722
0.762065 0.148457
0.879548 0.190348
0.899571 0.214926
0.796985 0.340022
0.90432 0.356036
0.811131 -0.0506828
0.906066 0.19579
0.834379 0.158529
0.905217 0.0449924
0.908314 0.0955234
0.840151 0.327307
0.729543 0.278643
0.81756 0.316077
0.123078 0.387597
0.835088 0.299243
0.829185 0.0294411
0.896644 0.0771552
0.908278 0.0321536
0.751097 0.239069
0.706413 0.135927
0.899974 0.20575
0.886881 0.268204
0.871401 0.448105
0.908387 0.305719
0.792921 0.30297
0.88574 0.000213506
0.626663 0.314997
0.846577 0.224554
0.900312 0.379909
0.875366 0.215185
0.906535 0.144182
0.887991 0.138246
0.865131 0.104111
0.872668 0.0770003
0.903631 0.219276
0.864354 0.045848
0.907307 0.0971074
0.586434 0.875292
0.865338 -0.000736096
0.805799 0.0804413
0.899174 0.273446
0.902926 0.227713
0.88202 -0.0184444
0.863564 0.186873
0.905702 0.0866185
0.88789 0.0384852
0.883643 0.157146
0.883624 0.434891
0.834511 0.348583
0.905791 0.2356
0.89498 0.323858
0.852842 0.427603
0.888034 0.359391
0.904897 0.379137
0.391656 0.632757
0.600468 0.645578
0.882778 0.151664
0.898439 0.138067
0.905126 0.235425
0.898133 0.206745
0.886482 0.113334
0.86002 0.141477
0.876068 0.080071
0.863047 0.186821
0.901032 0.186632
0.906273 0.173449
0.834926 0.152519
0.889785 0.27013
0.896927 0.189145
0.906368 0.316573
0.857911 0.0142868
0.791267 0.234172
0.753951 0.10338
0.733764 0.551606
0.889151 0.422387
0.846346 0.220981
0.907965 0.38225
0.878546 0.315113
0.813245 0.0837635
0.834788 0.30653
0.904813 0.0908286
0.87774 0.511034
0.906816 0.0590629
0.843918 -0.128658
0.839678 0.160325
0.887325 0.306794
0.845394 0.15682
0.897636 0.304899
0.684101 -0.173408
0.906568 0.157578
0.878921 0.275929
0.859746 0.0335221
0.902377 0.00885348
0.876317 0.241287
0.860677 0.275284
0.883841 0.483565
0.773196 -0.170474
0.90702 0.347735
0.888807 0.293582
0.882677 0.1019
0.802703 0.192386
0.899298 -0.0573545
0.847588 0.024099
0.84728 0.126156
0.874641 0.0364791
0.886334 -0.0214166
0.730082 0.493524
0.903513 0.107164
0.867781 0.267881
0.824468 0.223767
0.723598 0.50315
0.77041 -0.0664626
0.867814 0.23892
0.896964 0.178899
0.79997 0.267241
0.903574 -0.0126222
0.905905 0.0886111
0.877177 0.366725
0.901575 0.480808
0.879994 0.0797443
0.78482 0.188444
0.884594 0.404741
0.894439 0.204949
0.893557 0.496883
0.748865 0.298062
0.797757 0.316914
0.897509 0.25067
0.885387 0.140906
0.902427 0.116275
0.852217 0.267283
0.866153 -0.0614441
0.906039 -0.0791032
0.830107 0.12259
0.839833 0.468594
0.777231 0.0585808
0.866131 0.259895
0.797777 0.319512
0.829836 0.142807
0.890711 0.0961646
0.843519 0.260935
0.821985 0.429172
0.88005 0.327059
0.908241 0.13218
0.843569 0.158269
0.895379 0.0910042
0.904205 0.421618
0.792673 0.222353
0.869438 0.264097
0.861993 0.527018
0.904052 0.231354
0.805777 0.072385
0.864899 0.145906
0.887962 0.141006
0.60341 0.544021
0.90781 0.376692
0.866881 -0.018921
0.876727 0.197616
0.85321 0.460225
0.842696 0.0315445
0.908168 0.0842764
0.833877 0.306759
0.868827 0.181109
0.899076 0.0862925
0.880839 -0.112852
0.895963 -0.0840762
0.811356 0.266696
0.810055 0.0229425
0.863855 0.174291
0.832049 0.0406429
0.881318 0.139224
0.858251 0.214288
0.885203 0.0809333
0.81782 0.419642
0.88723 0.241004
0.869606 0.181306
0.899834 0.194516
0.845596 -0.0939135
0.880129 0.217156
0.885388 0.132483
0.729908 0.603324
0.900471 0.393258
0.716675 0.195344
0.867811 -0.032946
0.838879 0.480035
0.812422 0.0199075
0.883376 0.136752
0.817074 0.274294
0.907886 0.19063
0.845194 0.0370889
0.888283 0.159833
0.891042 0.0926853
0.849381 0.0845187
0.908115 0.0471219
0.867807 0.0964685
0.841408 0.332015
0.581431 0.659865
0.847758 -0.0494111
0.881819 -0.0557746
0.840065 0.150151
0.901324 0.202915
0.872632 0.212531
0.889955 0.246113
0.509451 0.733403
0.90327 0.0096316
0.908915 0.143455
0.834952 0.364489
0.902499 0.300644
0.897981 0.127562
0.837445 0.165587
0.794711 0.463013
0.860097 0.111075
0.841228 0.247318
0.815845 0.395466
0.681426 -0.222711
0.808598 -0.150991
0.870012 0.192107
0.898403 0.418753
0.858904 0.0687159
0.816636 0.397346
0.887107 0.0964921
0.798098 0.151127
0.887296 0.219186
0.907929 0.0680284
0.807571 0.120693
0.87334 0.100595
0.863573 0.194942
0.890011 0.0927376
0.882069 0.0664502
0.905695 -0.0446713
0.841044 0.110156
0.769085 0.106761
0.82533 0.0928509
0.521498 0.940967
0.839328 0.31531
0.895406 0.042682
0.893806 0.433033
0.901471 0.306936
0.739816 0.327584
0.864475 0.182478
0.710682 0.26766
0.849015 0.210984
0.899591 0.0657478
0.853441 0.373465
0.814203 0.0708976
0.901986 0.058915
0.886346 -0.0133843
0.905666 0.0415749
0.890958 0.010536
0.88535 0.0444591
0.844276 -0.0662509
0.895286 0.0620843
0.900965 0.298769
0.903823 0.424365
0.781772 0.440739
0.808822 0.0484603
0.806114 0.00577487
0.897536 0.41233
0.894461 0.423596
0.843097 -0.0135194
0.869485 0.198328
0.870964 0.372634
0.896858 0.141363
0.904094 0.317107
0.867268 -0.0504321
0.908288 -0.0546773
0.869384 0.28788
0.8786 0.311586
0.870736 0.397608
0.852681 0.230976
0.906422 0.173786
0.75576 0.282598
0.812797 0.243532
0.511146 0.777588
0.878047 0.381779
0.343606 0.514485
0.901648 0.262211
0.899474 0.1383
0.89705 0.304783
0.894554 0.193451
0.82525 0.101737
0.892382 -0.00594051
0.901841 0.210771
0.88858 0.330461
0.87268 0.394726
0.852542 0.309591
0.907477 0.290074
0.878679 0.396741
0.824968 0.130752
0.704833 -0.182773
0.903071 -0.0511954
0.891167 -0.0372193
0.904337 0.24847
0.746538 0.261153
0.868927 0.34876
0.869203 0.327726
0.908787 0.209028
0.896607 0.0579851
0.905031 0.210326
0.905379 -0.0339715
0.890392 0.376392
0.83251 -0.0551767
0.852426 0.33212
0.883176 0.466959
0.898216 0.389812
0.881492 0.25149
0.907391 0.330274
0.748997 0.32778
0.8892 0.414292
0.695228 -0.195426
