0.906097 0.203034
0.837748 0.252188
0.883225 0.184788
0.822266 0.25441
0.859053 0.193146
0.867236 0.140287
0.908297 0.302546
0.896148 -0.0411709
0.893978 0.207492
0.872403 0.356137
0.89631 0.0718483
0.839985 0.325664
0.893479 0.458938
0.870448 0.455848
0.907049 0.330849
0.773371 -0.0886275
0.909014 0.0679795
0.765889 -0.105142
0.907768 0.357507
0.876455 0.306466
0.854422 0.377171
0.852288 0.415835
0.812454 0.213975
0.864751 0.334406
0.890836 0.141086
0.780185 0.291914
0.795818 0.129844
0.812622 0.200637
0.886918 0.0761944
0.694952 -0.0622615
0.756295 0.0645798
0.64522 -0.00152504
0.903701 0.138321
0.807867 -0.108771
0.789602 0.600115
0.87314 0.304445
0.907224 0.125665
0.875745 0.11438
0.906013 0.214223
0.895732 0.0120331
0.905281 0.338003
0.748238 0.292024
0.895568 0.212573
0.737528 0.563507
0.755642 0.0558607
0.657665 -0.141275
0.744105 0.413684
0.898908 -0.0458811
0.862408 0.276285
0.881139 -0.0476266
0.882559 0.255361
0.898295 0.318884
0.876659 0.395085
0.875975 0.00764937
0.908625 0.277086
0.88886 0.13696
0.882572 0.337039
0.901635 0.166493
0.887074 -0.000816616
0.846549 0.134603
0.889906 0.418162
0.899538 -0.0283662
0.234514 0.298661
0.897775 0.252201
0.789255 0.385203
0.858009 0.117765
0.78166 0.368961
0.905893 0.282625
0.873524 -0.0596369
0.907729 0.227823
0.887224 -0.0511995
0.868795 0.0936358
0.905014 0.385573
0.888589 0.295129
0.891754 -0.0157128
0.841511 0.128067
0.545766 0.761399
0.858196 -0.0674825
0.902384 0.313352
0.883702 0.470981
0.861371 0.329213
0.878408 0.199485
0.900596 0.274685
0.514627 0.83802
0.886636 0.278672
0.864784 0.128555
0.893979 0.110132
0.839823 0.389581
0.862542 0.381364
0.90694 0.333002
0.8866 0.212638
0.873129 0.231951
0.713956 0.215576
0.818628 0.350745
0.803148 0.00629357
0.902165 0.187656
0.848334 0.112404
0.867606 -0.049908
0.897145 0.284335
0.85275 0.186937
0.90518 0.187612
0.808351 -0.106225
0.802632 -0.092606
0.906214 0.126132
0.821873 0.494544
0.850266 0.173883
0.850804 0.373625
0.877936 0.146121
0.907386 0.143881
0.850993 0.372894
0.817573 0.208009
0.890102 0.0745411
0.906424 0.238603
0.767302 0.0849426
0.904156 0.365067
0.734766 0.407831
0.871882 0.451802
0.522269 0.878126
0.904385 0.433409
0.824571 0.24078
0.889836 0.120677
0.865499 -0.0376908
0.893616 0.198941
0.873859 0.0195806
0.85709 0.233946
0.899034 0.112925
0.761219 -0.157278
0.894807 0.227901
0.734645 0.423524
0.88574 0.0884517
0.752113 0.345499
0.825497 0.167713
0.890092 0.396375
0.473091 0.627589
0.89476 0.021998
0.907563 0.374318
0.879425 0.412695
0.88709 0.249303
0.871363 0.229869
0.891654 -0.0199687
0.745744 0.585685
0.875967 0.106951
0.908655 0.181833
0.898336 0.207861
0.905502 0.239123
0.896007 0.0135884
0.905063 0.339911
0.907722 0.0638599
0.86168 0.406023
0.847488 0.214598
0.817016 0.564304
0.831364 0.209524
0.87335 0.131748
0.875282 0.0017918
0.867859 0.233103
0.829388 0.124877
0.860722 0.358517
0.904865 0.278257
0.813789 0.359352
0.169275 0.465398
0.872064 0.244213
0.836494 0.301256
0.8551 -0.00932215
0.906418 0.0244882
0.710784 -0.0587879
0.800815 0.0703737
0.820281 0.340896
0.868538 -0.0191366
0.849462 0.233637
0.634645 0.414427
0.890189 0.229086
0.868125 0.236605
0.895561 0.0685195
0.885426 0.000608711
0.873963 -0.056063
0.800597 0.0638894
0.871872 0.1217
0.877173 0.240438
0.797269 0.0779867
0.905508 -0.027175
0.906087 -0.0822801
0.448363 0.55967
0.879575 0.190912
0.781036 0.305668
0.813235 0.129181
0.865993 0.193869
0.902908 0.148691
0.768476 -0.137978
0.900429 0.159047
0.898514 0.0958306
0.871634 0.179921
0.879846 0.31828
0.847779 -0.0161858
0.785188 0.300721
0.775396 0.0316285
0.886754 0.193813
0.796558 0.363939
0.893394 0.43742
0.893186 0.152109
0.802279 0.121507
0.865406 0.276834
0.897225 0.444457
0.905629 0.10152
0.849036 0.366348
0.865675 0.0590546
0.874949 0.0781746
0.881379 0.0227165
0.817712 0.454403
0.904803 0.352203
0.858663 -0.0742011
0.887819 0.241288
0.831806 -0.10187
0.905253 0.253958
0.901394 0.241052
0.902358 -0.000248027
0.886584 -0.0481353
0.679696 -0.214305
0.908231 0.052387
0.905169 0.0253061
0.856529 0.203756
0.887609 0.169203
0.634452 0.293194
0.89631 0.0322377
0.780612 0.300021
0.897197 0.178177
0.847748 -0.0670437
0.907581 0.0738694
0.649441 -0.0677141
0.869184 0.0581191
0.787102 0.257553
0.685821 -0.325315
0.769204 0.0085985
0.885888 0.239746
0.854351 0.0305726
0.849507 0.305769
0.907667 0.442798
0.904444 0.476146
0.902289 0.170203
0.906653 0.15911
0.804852 -0.131259
0.870285 0.335247
0.889956 0.318106
0.87465 -0.0860052
0.870289 0.339075
0.896957 0.0464133
0.573322 0.655199
0.870416 0.471389
0.892798 0.365996
0.887927 0.146182
0.80425 -0.0228108
0.874364 -0.0408021
0.732612 0.351703
0.87451 0.267645
0.891258 0.19957
0.801981 0.00687828
0.908271 0.110425
0.763213 0.0681568
0.908136 0.33298
0.868192 0.171397
0.908103 0.054654
0.824428 0.389103
0.870378 0.455216
0.829561 0.149541
0.854484 0.280081
0.848983 0.396224
0.814189 0.0977342
0.842858 0.0505576
0.906049 0.196238
0.879571 0.102786
0.824874 0.356537
0.894677 0.319782
0.899182 0.110435
0.768482 0.0261689
0.832284 -0.0411802
0.679382 -0.285153
0.904523 0.311133
0.867262 -0.0621372
0.899074 0.267198
0.902617 0.120065
0.856468 0.0301548
0.858719 0.168737
0.861234 0.433565
0.813931 0.426034
0.819198 0.579526
0.892741 0.0830387
0.901564 0.473473
0.888079 0.181893
0.742354 0.404042
0.873943 0.149958
0.88307 0.18499
0.769027 0.0674835
0.757738 0.289639
0.884648 0.386164
0.79701 0.117328
0.879669 0.164887
0.799325 0.241811
0.886496 -0.0843117
0.900945 0.277295
0.889474 0.24951
0.837375 0.230697
0.857388 0.228182
0.831 0.242587
0.875504 -0.0430455
0.867243 -0.0392712
0.905302 0.340081
0.906197 0.100239
0.907367 0.235206
0.899269 0.228339
0.892366 0.308701
0.884347 0.475559
0.880507 0.0161096
0.897232 0.272319
0.905376 0.221521
0.872028 0.229072
0.787557 0.295558
0.878026 0.299122
0.866086 0.0116036
0.853612 0.308092
0.753957 0.0941903
0.896743 0.302335
0.840347 0.117758
0.868752 0.000131002
0.90742 0.410624
0.895906 0.209797
0.894138 0.35592
0.889657 0.322132
0.856827 -0.0984899
0.742667 0.28751
0.788426 0.511067
0.905707 -0.0366116
0.845191 0.138349
0.891707 0.0466129
0.856912 0.0414383
0.884996 0.301528
0.904929 0.202838
0.715514 0.302042
0.885429 0.27744
0.88113 0.206803
0.85521 0.0494529
0.901167 0.246077
0.860127 0.137149
0.83983 0.352309
0.895735 0.251664
0.735214 0.358259
0.764941 -0.0408784
0.879918 0.308355
0.881885 -0.0191983
0.902969 0.107458
0.843828 0.0126599
0.672549 -0.220078
0.899853 0.270223
0.81637 0.422579
0.881347 -0.0165502
0.909019 0.124626
0.736464 0.386098
0.750183 0.229398
0.887383 0.151527
0.838099 0.279656
0.89192 0.160256
0.755694 0.160071
0.836118 0.421127
0.895622 0.233052
0.866271 -0.0958135
0.875134 -0.0763787
0.742669 0.321225
0.861007 0.335093
0.892433 0.00636503
0.892664 0.30501
0.89819 0.386601
0.904939 0.127113
0.80242 0.0863206
0.712367 0.0989607
0.786176 0.268195
0.88433 0.461342
0.869525 0.359585
0.906372 0.334407
0.850185 0.164194
0.887916 0.274839
0.899874 0.2563
0.908507 0.309392
0.903207 0.00181938
0.907209 0.216813
0.77404 0.173311
0.905546 0.231518
0.852624 0.386178
0.880499 0.0435515
0.887134 0.109294
0.778214 0.297639
0.865183 0.0994208
0.90634 0.0840526
0.881245 0.252103
0.822756 0.217425
0.872507 0.428901
0.900694 0.236569
0.861868 0.427553
0.895268 0.0280796
0.869116 0.0444025
0.901168 0.117014
0.90447 0.226751
0.889324 0.12805
0.787287 0.251466
0.806973 0.189812
0.74883 0.196548
0.900423 0.336361
0.906192 0.139547
0.899275 0.0504738
0.725974 0.391933
0.526257 0.918879
0.866267 0.206491
0.80018 0.273587
0.844155 0.189389
0.907158 0.386479
0.221964 0.37524
0.864446 0.401237
0.801399 0.153969
0.312594 0.441858
0.844519 0.0991236
0.893629 0.350174
0.900124 -0.0110761
0.870212 0.323299
0.866895 0.106541
0.871564 0.481988
0.783051 0.421338
0.894032 0.413468
0.89799 0.150849
0.812294 0.0322961
0.854287 0.230027
0.877289 0.469304
0.90787 0.422186
0.865477 -0.00503775
0.906005 0.277162
0.890475 0.0531035
0.905011 0.375633
0.898639 0.29255
0.551909 0.647889
0.770803 -0.119804
0.655229 -0.118377
0.832572 0.324301
0.770942 -0.16862
0.858512 0.233157
0.865772 0.169968
0.831188 -0.0921744
0.907628 0.143094
0.900678 0.235767
0.879928 0.316473
0.894732 0.0309029
0.653608 0.170554
0.907107 0.377439
0.899927 0.195237
0.905742 -0.0790384
0.88453 0.191177
0.847106 0.117757
0.889586 0.203694
0.56492 0.688652
0.83302 0.265584
0.901813 0.0758312
0.865691 0.284714
0.84797 0.0438944
0.831859 -0.0397206
0.905143 0.312152
0.888562 0.327305
0.818196 0.46344
0.824202 0.264728
0.757922 0.269208
0.892627 0.345129
0.902881 -0.0365757
0.902147 0.268081
0.460708 0.775911
0.877169 0.105608
0.902136 0.0607524
0.899133 -0.0491854
0.855017 0.209162
0.895224 0.195488
0.870944 0.343556
0.652484 0.16012
0.877167 0.229423
0.835927 0.434518
0.74226 0.522536
0.908356 0.275678
0.898141 0.0972518
0.793219 0.300047
0.901233 0.45631
0.792432 0.315782
0.883229 0.308059
0.721706 0.439448
0.741219 0.425774
0.608397 0.423234
0.822833 0.300892
0.900357 0.17918
0.906687 0.41079
0.677478 -0.123746
0.908697 0.242977
0.906674 0.30708
0.874948 0.223634
0.869004 0.149439
0.900362 0.0724369
0.757146 -0.000311712
0.897108 0.102979
0.704221 -0.0302322
0.887027 0.0925213
0.37086 0.567948
0.876395 0.0145332
0.650747 0.0231622
0.903189 0.191374
0.908379 0.202608
0.844041 0.122767
0.864329 0.178256
0.853089 0.197947
0.869772 0.424832
0.877528 0.255682
0.786727 0.411678
0.902292 0.106383
0.826823 -0.0144998
0.860278 0.32887
0.902844 0.0237906
0.818593 0.424567
0.834594 0.107408
0.768487 -0.0552666
0.899456 0.24565
0.900023 0.169655
0.84794 0.0617985
0.902967 0.172204
0.908551 0.0943031
0.901366 0.375964
0.830847 0.0454277
0.810104 -0.106182
0.903227 0.0457989
0.78664 0.446741
0.799073 0.266303
0.855268 0.30858
0.900688 0.123872
0.799554 -0.0050929
0.903963 0.0981064
0.852819 0.505637
0.87491 -0.0391456
0.898663 0.186801
0.884128 0.475021
0.897027 0.354476
0.845869 0.203089
0.875586 0.125355
0.899821 0.139562
0.866089 0.218159
0.874204 -0.0668026
0.901462 0.476314
0.891793 0.278249
0.833186 0.121477
0.857864 0.252742
0.905958 0.013432
0.740378 0.369987
0.856987 0.0276787
0.908703 -0.0538943
0.892061 -0.0637882
0.855971 0.215733
0.904936 0.302347
0.900395 0.177516
0.861306 0.176894
0.89823 0.184684
0.094594 0.34454
0.896099 0.310014
0.814393 0.23915
0.752949 0.102159
0.891114 -0.0728029
0.837396 0.385403
0.906701 0.120902
0.88398 0.322087
0.901419 0.175004
0.864464 0.0354337
0.890912 0.156263
0.806164 0.0070575
0.898448 0.423723
0.888221 0.403557
0.786944 0.501724
0.805807 0.0764374
0.906414 0.269393
0.831921 0.21075
0.887497 0.187399
0.790877 0.240529
0.874037 0.153229
0.848675 0.284725
0.843943 -0.103722
0.852376 0.181576
0.861562 0.314864
0.88349 0.37157
0.878747 0.103589
0.905157 0.385417
0.847986 -0.0276922
0.902037 0.319914
0.855403 0.230621
0.904318 0.159878
0.825191 0.263323
0.887158 0.270683
0.888542 0.203387
0.905324 0.336758
0.730802 0.449445
0.884825 0.449519
0.900405 0.2318
0.902514 0.148801
0.847801 0.0606194
0.818633 0.204642
0.886447 0.209268
0.803077 0.00281925
0.900684 0.257609
0.719996 0.36144
0.893559 0.302328
0.883247 0.28758
0.878686 0.158211
0.884562 0.262751
0.865881 0.169789
0.894794 0.253473
0.740253 0.3469
0.883343 0.221887
0.889525 0.226489
0.814777 0.425431
0.882977 0.285492
0.61492 0.294258
0.869893 0.123321
0.900039 0.030843
0.79582 0.222394
0.908112 0.331965
0.84601 -0.134492
0.903858 0.371458
0.808598 0.0502332
0.831195 0.174578
0.890636 0.351589
0.739076 0.591232
