0.866991 0.0897012
0.88815 0.0530567
0.903629 0.207915
0.837662 0.347877
0.866169 -0.0548891
0.906361 0.17564
0.867684 0.0653268
0.902633 -0.0283055
0.877778 0.324861
0.876996 0.166217
0.878945 0.242772
0.830212 0.0208534
0.865096 0.203593
0.897854 0.487211
0.857995 -0.0434602
0.817294 0.358132
0.829909 0.0163828
0.785846 0.399974
0.853072 0.477454
0.488509 0.972132
0.75196 0.317069
0.891537 0.178383
0.876034 0.231336
0.901998 0.109686
0.893118 0.208912
0.824794 0.367211
0.890822 0.10971
0.884628 0.216982
0.805946 -0.200624
0.901995 0.37482
0.670183 -0.195214
0.902172 0.0639088
0.908704 0.184975
0.84479 -0.0400099
0.83966 0.405237
0.89841 0.172688
0.828794 0.19485
0.898762 0.222455
0.886167 0.136659
0.78006 0.120427
0.63306 0.323325
0.612508 0.473584
0.653599 -0.170902
0.904779 0.11862
0.28655 0.599364
0.864789 0.251823
0.904689 0.140825
0.876962 0.080378
0.883251 0.21418
0.889109 0.498952
0.852055 0.237636
0.908327 0.234239
0.791795 0.538804
0.790768 0.23842
0.901293 0.228536
0.866749 0.249339
0.889759 0.215959
0.890043 0.109211
0.906957 0.324659
0.765127 -0.216536
0.892712 0.242961
0.890033 0.140462
0.850593 0.248695
0.882914 0.112928
0.526291 0.777916
0.84038 0.460609
0.889851 0.406936
0.891982 0.0376775
0.74969 0.153851
0.827199 -0.0493505
0.907929 0.0544703
0.894899 -0.00643556
0.612295 0.39131
0.635351 0.301781
0.895115 0.00063666
0.883592 0.273
0.905874 -0.0637296
0.902707 -0.0914016
0.89595 0.057246
0.886193 0.276399
0.535187 0.865623
0.902866 0.289362
0.859001 0.282103
0.903886 0.337092
0.862293 0.177838
0.843713 -0.11486
0.876429 0.312654
0.892134 0.0740206
0.895573 -0.0428379
0.872814 0.39537
0.907008 0.0871937
0.687634 -0.0445296
0.889468 0.326574
0.875424 0.257465
0.703729 -0.0566462
0.826451 -0.112575
0.894708 0.0335822
0.879768 0.231337
0.905883 0.262615
0.224824 0.408735
0.900848 0.164273
0.885068 0.415942
0.901749 0.261272
0.785249 0.197011
0.875256 -0.1049
0.807977 -0.100205
0.876004 0.262997
0.898266 0.154837
0.737267 0.62921
0.836486 0.338421
0.878182 0.163449
0.898082 0.164867
0.835683 0.371377
0.833467 0.211525
0.753172 0.203718
0.871304 0.35104
0.889877 0.235708
0.885391 0.310595
0.800818 -0.00720406
0.879516 0.166208
0.803286 -0.107423
0.810926 -0.067967
0.863826 0.321802
0.884155 0.347119
0.892934 0.424898
0.691751 -0.284037
0.790639 0.270124
0.858861 0.112972
0.902374 0.211179
0.858332 0.256027
0.837359 0.486261
0.88948 0.399799
0.897672 0.346028
0.884278 0.400165
0.903416 0.219831
0.888151 0.297759
0.859383 0.0961438
0.783661 0.444014
0.891467 0.223246
0.837513 0.456507
0.900637 0.195107
0.906147 0.200883
0.854128 0.164417
0.852821 0.129674
0.86649 0.237486
0.889527 0.306689
0.90906 0.18564
0.879557 0.381692
0.861138 0.254598
0.88145 -0.107622
0.891822 0.126857
0.887254 0.178184
0.903109 0.130415
0.868905 0.301063
0.906879 0.118633
0.90035 0.348388
0.90884 0.242336
0.900398 0.0578971
0.907097 0.345021
0.699248 0.0223709
0.903708 0.17544
0.817456 0.418338
0.89985 0.045449
0.805564 0.0817071
0.882895 0.216963
0.851355 0.315594
0.809113 0.0212076
0.904086 0.179467
0.899859 0.274642
0.882629 0.145827
0.899072 0.114714
0.836879 0.330387
0.907843 0.0987537
0.774478 0.0813114
0.891525 0.145893
0.907544 0.181875
0.858881 0.0135064
0.781118 0.35233
0.905407 -0.0415154
0.853891 0.183139
0.893763 0.304869
0.848858 0.254603
0.689455 -0.225169
0.826972 -0.055256
0.779476 0.13103
0.824917 -0.0125623
0.886344 0.133043
0.904818 0.107436
0.853688 0.139197
0.899905 0.216605
0.894716 0.377036
0.860676 0.207703
0.88512 0.13645
0.9033 -0.061059
0.748999 0.407902
0.889606 0.266784
0.894977 0.145706
0.895521 0.114326
0.88414 0.201728
0.830555 -0.156167
0.889402 0.225387
0.870266 0.419917
0.901729 0.104069
0.822064 0.432454
0.883399 0.431939
0.897951 0.476157
0.532725 0.596661
0.856495 0.0853078
0.904058 0.417086
0.86245 0.309491
0.882791 0.0391626
0.866361 0.0559022
0.899483 0.0753985
0.908909 0.165177
0.856539 0.139175
0.817732 0.523436
0.885916 0.204319
0.891129 0.168586
0.721357 0.396474
0.895767 -0.0223168
0.806147 0.150245
0.870683 0.265026
0.891598 0.0753661
0.901547 0.425736
0.900206 0.366498
0.892797 0.190542
0.904509 0.0931063
0.864778 0.37479
0.902187 0.348827
0.882299 0.0882347
0.801048 0.0455913
0.900228 0.109673
0.89878 0.358843
0.819408 0.513459
0.898899 0.27281
0.904389 0.404979
0.890378 0.000395791
0.162441 0.211061
0.907888 0.310783
0.890065 0.234401
0.886878 0.282859
0.824231 0.196044
0.788499 0.49874
0.876697 0.305914
0.900706 0.397266
0.895259 -0.0427836
0.855614 -0.0382714
0.870154 0.342953
0.892739 0.268592
0.852727 0.431639
0.888253 0.056974
0.870043 0.276872
0.856447 -0.0200054
0.898044 0.154112
0.894127 0.229671
0.901131 0.450479
0.906994 0.372957
0.888038 0.243366
0.893858 0.351554
0.681176 -0.268938
0.894556 0.42924
0.864196 0.432919
0.899853 -0.0751076
0.871909 0.224308
0.8838 0.482525
0.854083 0.147666
0.895047 -0.0195193
0.814209 0.224192
0.754506 0.113096
0.90095 0.204609
0.886656 0.0338663
0.904028 0.180502
0.902425 0.165392
0.904641 0.278306
0.896658 0.31448
0.865379 0.136318
0.908101 -0.00874688
0.904162 0.235559
0.906973 0.216964
0.868742 0.0204704
0.90306 0.0622057
0.899338 -0.0847673
0.893933 0.115247
0.90333 0.281835
0.734163 0.474777
0.76761 -0.218316
0.805493 0.0733448
0.824782 0.186769
0.86158 0.150687
0.896975 0.127056
0.806474 -0.123322
0.906155 -0.00303854
0.710843 0.168147
0.857118 0.0546164
0.876158 0.357549
0.908175 0.322039
0.905835 -0.0199328
0.899916 0.152041
0.884022 0.190566
0.891098 0.212811
0.837104 0.172199
0.888963 0.219614
0.908562 0.21515
0.846036 -0.0942074
0.904658 0.429351
0.881331 0.0199425
0.896451 0.0882144
0.735256 0.57824
0.887955 0.345258
0.90385 0.358622
0.853306 0.381165
0.885367 0.162012
0.890204 0.0517244
0.846919 0.116694
0.75696 -0.0511884
0.884346 0.15961
0.908891 0.30909
0.830387 0.164007
0.887572 0.19519
0.79007 0.427279
0.868673 0.197134
0.880969 0.190643
0.681018 -0.171269
0.888649 0.157331
0.890927 0.100565
0.754304 0.194891
0.895597 0.261234
0.831819 0.178998
0.837817 0.298785
0.7929 0.347072
0.844316 0.101868
0.905106 0.150363
0.818264 0.477264
0.897856 0.45609
0.86145 0.243816
0.90486 0.155079
0.808421 0.172778
0.858469 0.0542888
0.783557 0.516802
0.856321 0.193266
0.880585 -0.0310127
0.887271 0.0783586
0.885252 0.402806
0.904121 0.269299
0.897611 0.501444
0.896476 -0.0285713
0.850415 0.420604
0.886582 0.247122
0.770546 0.0701718
0.599125 0.798218
0.781292 0.311985
0.883658 0.368853
0.854063 0.230117
0.861176 0.338352
0.693496 -0.111219
0.896331 0.257625
0.904455 0.370153
0.888834 0.156741
0.902776 0.078987
0.80874 0.171785
0.851254 0.333288
0.848472 0.0814899
0.646215 0.0149519
0.843356 0.012005
0.87082 0.431667
0.905169 0.255605
0.798879 0.361253
0.906191 0.225862
0.906689 0.287031
0.906687 0.119185
0.901953 0.286083
0.871296 0.384188
0.627054 0.283112
0.908552 0.206366
0.835851 0.382741
0.889611 0.363104
0.805419 0.0296002
0.901549 0.318315
0.901472 0.264081
0.907899 0.375227
0.899477 0.00119491
0.8707 0.499971
0.89502 0.242519
0.902739 -0.0964933
0.878345 0.194069
0.900334 0.27308
0.820394 0.468551
0.803096 -0.0317738
0.903337 0.131589
0.825456 0.294216
0.822035 0.249417
0.907329 0.122152
0.892756 0.1843
0.89914 -0.0341267
0.866299 0.0456866
0.898773 -0.0117235
0.898788 0.00237497
0.826194 -0.0697388
0.886732 0.127965
0.885938 0.326375
0.748612 0.48671
0.901626 0.306004
0.883209 0.401548
0.859452 0.142224
0.873324 0.0114463
0.901672 0.347717
0.90022 0.287173
0.88638 -0.0640159
0.590089 0.751513
0.885125 0.066141
0.872169 0.379806
0.903239 0.0440788
0.904001 0.359303
0.679736 0.0120015
0.868953 0.0947848
0.754277 0.0895862
0.891048 0.269178
0.867597 0.267062
0.765218 0.100849
0.745545 0.292863
0.903804 0.374633
0.906187 0.0242709
0.902739 0.0434538
0.537753 0.906317
0.887593 0.310707
0.880415 -0.0795414
0.863296 0.348742
0.862949 0.524117
0.906673 0.0279878
0.89424 0.123865
0.907349 0.473145
0.655085 0.139879
0.83521 0.180796
0.893505 0.200575
0.792136 0.337321
0.896014 -0.0954081
0.816686 0.505173
0.903823 0.219762
0.909086 0.13266
0.849247 0.281425
0.874493 -0.00465881
0.643785 0.0184011
0.902911 0.125658
0.732191 0.294888
0.815245 0.254762
0.821068 0.253131
0.859007 0.0460927
0.825554 0.264839
0.7293 0.400458
0.893277 0.432133
0.748988 0.170437
0.873142 0.32271
0.670881 -0.134902
0.700812 -0.10362
0.858081 0.104479
0.882801 0.310511
0.862387 0.310773
0.855363 0.293907
0.879188 0.0761207
0.863043 0.31163
0.895658 0.221092
0.624827 0.552789
0.907124 0.250649
0.880457 0.23345
0.853536 0.219197
0.849254 0.296846
0.793571 0.192567
0.703729 -0.166537
0.906052 0.285543
0.872468 0.350976
0.898814 0.035746
0.898568 0.307042
0.602771 0.527601
0.887118 0.26754
0.852605 0.481329
0.784324 0.171192
0.822322 0.291809
0.707346 0.0580364
0.790739 0.445738
0.879765 0.296376
0.846298 0.215635
0.900299 0.359603
0.879305 0.389858
0.879403 0.191306
0.666641 -0.124341
0.882828 0.248405
0.84216 0.281109
0.860535 0.259955
0.906406 0.195451
0.852877 0.19099
0.886362 0.159957
0.877008 0.424288
0.907352 0.295936
0.84699 -0.000603257
0.871743 0.464446
0.8952 0.275715
0.905406 0.299163
0.87354 0.154206
0.809022 -0.0875998
0.882608 0.207881
0.847906 0.288737
0.905265 0.260912
0.890795 -0.00357829
0.828812 0.126071
0.881658 -0.082477
0.892457 0.055391
0.724325 0.331971
0.898487 0.40278
0.89521 0.0958476
0.88366 0.360283
0.893681 0.221037
0.837653 0.236913
0.864819 0.353371
0.879322 0.25803
0.903248 0.296645
0.893821 0.295224
0.903001 0.18577
0.881129 0.238187
0.850713 0.163849
0.851145 0.389458
0.892094 0.11686
0.903466 0.347113
0.617926 0.392988
0.853311 0.265596
0.89118 0.162835
0.881878 0.185803
0.844536 0.0592352
0.867829 0.254815
0.896674 0.159455
0.879819 0.0934845
0.896848 0.103779
0.895691 0.0196524
0.809515 -0.109587
0.88942 0.437452
0.77594 0.237803
0.742871 0.303144
0.806401 0.182727
0.820817 0.180366
0.819272 0.290924
0.80571 -0.181099
0.898499 0.348506
0.902873 0.172455
0.855746 0.257056
0.898323 0.435177
0.902862 -0.0779716
0.860187 0.280135
0.813414 0.29064
0.899407 0.0967727
0.800737 0.215984
0.892264 -0.00751123
0.881096 0.0259149
0.904896 0.311494
0.896713 0.0679212
0.901605 0.380017
0.905675 -0.0211536
0.903284 0.052074
0.904967 0.403126
0.899519 -0.0154011
0.883329 0.133352
0.907659 0.186748
0.866174 0.141451
0.884584 0.462013
0.846411 -0.0709065
0.89851 0.38143
0.893056 0.122919
0.740281 0.437451
0.879482 0.326133
0.779917 0.314923
0.89417 0.458763
0.86131 0.444525
0.811595 0.197019
0.892856 0.296791
0.772192 0.137488
0.906948 0.380776
0.843332 0.131872
0.854422 0.12672
0.902292 0.146887
0.895975 -0.010488
0.87035 0.328679
0.908428 0.299502
0.868728 0.363089
0.902423 0.310272
0.906939 0.193754
0.905161 0.139297
0.908773 -0.0697321
0.892139 0.109634
0.904491 0.387475
0.886815 0.179419
0.80286 0.162027
0.842101 0.201016
0.686406 -0.115288
0.896655 0.34812
0.821995 0.309729
0.880126 0.00707798
0.686971 -0.291883
0.906033 0.275674
0.887746 0.0560398
0.695299 -0.0434824
0.834628 0.442116
0.817764 0.31828
0.899613 -0.0809259
0.899487 0.266289
0.867102 -0.102202
0.871866 0.19058
0.904699 0.394438
0.899442 0.0442503
0.904575 0.198844
0.824677 0.146523
0.882673 0.0532002
0.67753 -0.00631915
0.827211 0.21605
0.904968 0.393803
0.864983 0.123519
0.875489 0.104722
0.835082 0.234726
0.765178 0.0707103
0.791592 0.376062
0.690962 -0.0386725
0.722967 0.223468
0.898149 0.374926
0.314302 0.623078
0.884483 0.101252
0.756721 0.0845215
0.834022 0.162349
0.8763 0.0220232
