0.89014 0.0371233
0.792266 0.550085
0.012607 0.182994
0.857615 -0.0629924
0.906722 0.0228681
0.89941 0.013997
0.853798 0.0802947
0.870724 0.383502
0.893861 0.30472
0.76488 0.0713178
0.902994 0.0232595
0.623688 0.360743
0.853896 0.334989
0.892017 0.0793245
0.784936 0.489497
0.856138 0.174123
0.896527 0.154393
0.769485 -0.10298
0.881016 -0.113458
0.859704 0.107316
0.88198 -0.0533192
0.876539 0.335018
0.868631 0.276222
0.891854 0.0197087
0.691444 -0.0641602
0.863977 0.197843
0.838331 0.303938
0.899808 0.281136
0.766894 0.0816019
0.771886 -0.135258
0.908125 -0.0286779
0.893922 0.435687
0.865218 0.275999
0.86796 0.154392
0.804973 -0.195544
0.893082 0.319107
0.898011 0.471587
0.893129 0.151282
0.881032 0.227945
0.872986 0.213124
0.901319 0.477819
0.905327 0.108557
0.905789 0.0401576
0.876153 0.118321
0.903355 -0.0513475
0.883624 0.205168
0.857709 0.0331413
0.777562 0.0397313
0.906112 0.081105
0.882101 -0.0326446
0.885152 0.0690346
0.645117 0.0464306
0.898538 0.163222
0.861091 0.175446
0.804461 -0.136677
0.904205 0.215126
0.825492 0.0528011
0.905696 -0.013527
0.816308 0.274326
0.908238 0.120769
0.899907 0.0749584
0.884019 0.308106
0.893293 0.300099
0.868793 0.348825
0.901425 0.448864
0.64633 -0.0456447
0.898966 0.17474
0.862604 0.274599
0.851223 0.215546
0.868681 0.365294
0.906979 0.234067
0.892281 0.267831
0.884406 0.17184
0.793787 0.266665
0.839708 0.45515
0.851243 0.23211
0.884668 0.366911
0.903578 0.225269
0.874226 0.173722
0.794881 0.317231
0.850198 0.495136
0.898064 0.28247
0.819585 0.526671
0.884326 0.135541
0.904536 0.431212
0.826509 0.23631
0.872009 0.427334
0.890431 -0.00398397
0.872474 0.234408
0.895013 0.0534175
0.883944 0.27838
0.901398 0.429512
0.887876 0.33859
0.894677 0.128112
0.884436 0.437767
0.748384 0.307726
0.893926 0.185352
0.76304 -0.0715867
0.787944 0.461637
0.83867 0.193318
0.693622 -0.105251
0.908874 -0.047557
0.797797 0.0803397
0.847497 0.241431
0.690085 -0.16411
0.9046 0.0957056
0.870182 0.196005
0.877343 0.175033
0.894585 0.329764
0.899339 0.169188
0.903253 0.106401
0.903084 0.210046
0.762519 -0.105483
0.880861 0.141753
0.870014 0.294624
0.905896 0.115346
0.877948 0.482275
0.897253 0.164105
0.734574 0.464723
0.892655 0.375601
0.687635 -0.0407857
0.896986 0.444591
0.83719 0.296968
0.896574 0.295236
0.820724 0.370477
0.876247 0.0771503
0.891929 -0.0219436
0.906362 0.212894
0.903395 -0.0329196
0.860242 0.272002
0.888533 0.298813
0.829038 0.129369
0.854964 0.345553
0.789742 0.478133
0.820865 0.287659
0.881145 -0.0974528
0.892258 -0.0250925
0.810342 -0.094137
0.86348 0.187199
0.897446 0.213284
0.879156 0.188044
0.890143 0.204557
0.900457 0.175486
0.705604 0.213817
0.833201 0.103002
0.791567 0.614513
0.809437 0.217297
0.804562 0.133588
0.899518 0.195741
0.870699 0.421014
0.905891 0.132454
0.85266 0.394588
0.780063 0.346187
0.895781 0.0778873
0.861636 0.201017
0.905481 0.0333455
0.880055 0.277091
0.835554 0.276044
0.860209 0.204539
0.820446 0.497214
0.880328 0.0142012
0.893076 0.335967
0.845616 0.101941
0.817706 0.546096
0.844878 0.115499
0.824026 0.372024
0.894606 0.163664
0.81837 0.318502
0.903392 0.0298513
0.893692 0.216498
0.887886 0.0638281
0.87951 0.333357
0.878632 0.292835
0.37057 0.694928
0.794036 0.350679
0.833296 0.264659
0.89961 0.223747
0.888228 0.296058
0.826998 0.0601528
0.877903 0.31596
0.788679 0.555926
0.9062 -0.0013364
0.553605 0.714917
0.879228 0.398683
0.779934 0.227579
0.858521 0.206396
0.893442 0.217778
0.72879 0.284051
0.895415 -0.0111009
0.8504 0.125178
0.889751 0.383211
0.830517 -0.0895313
0.866255 0.153166
0.884515 0.246665
0.882654 0.387043
0.897544 0.356784
0.727582 0.287117
0.771265 0.144193
0.892072 -0.0616898
0.800069 0.106162
0.888677 0.385038
0.904087 0.152647
0.854224 0.354234
0.883312 0.332274
0.903635 0.0547365
0.728031 0.40079
0.88723 0.20238
0.798663 0.252773
0.827531 0.0528127
0.765661 -0.231113
0.877284 0.335795
0.857919 0.186373
0.884408 0.460543
0.814758 0.423227
0.900602 0.141747
0.78006 0.259397
0.883229 0.279612
0.744124 0.445617
0.849051 0.312571
0.740449 0.433617
0.842772 0.0874166
0.869156 0.131907
0.782479 0.347935
0.905875 0.304798
0.907727 0.349826
0.847408 0.0543456
0.841588 0.24114
0.820597 0.207264
0.772904 -0.113022
0.9028 0.0878182
0.751739 0.0837348
0.83487 0.286057
0.852665 0.455094
0.580568 0.711122
0.644927 0.142714
0.831547 0.068019
0.862501 0.332681
0.880744 0.188267
0.741555 0.621882
0.890185 0.270585
0.889532 0.115008
0.839617 0.224737
0.90192 0.246141
0.838877 0.272884
0.908881 0.188024
0.905295 0.143787
0.823276 0.153619
0.773754 0.0984777
0.893473 0.109641
0.182709 0.469992
0.534459 0.865534
0.321858 0.422856
0.876916 0.375626
0.870266 0.224314
0.713294 0.123642
0.886594 0.142749
0.896538 -0.0253382
0.907475 0.339014
0.902409 0.0974228
0.848256 0.286762
0.898792 0.201394
0.907193 0.451862
0.85045 0.462351
0.903648 0.0979732
0.906745 0.153148
0.905238 0.199384
0.882423 0.235127
0.886182 0.154949
0.896279 0.258342
0.897734 0.215027
0.891998 0.179173
0.870264 0.19979
0.880355 0.104538
0.844358 -0.0471698
0.567221 0.920727
0.893736 0.340825
0.875948 0.0556307
0.83903 0.495463
0.879409 0.423137
0.870084 0.186732
0.880508 0.30031
0.88701 0.240276
0.740026 0.416201
0.531911 0.837257
0.866296 0.0288737
0.808835 0.143673
0.723767 0.35696
0.821635 0.351096
0.896691 0.258507
0.515144 0.871223
0.907389 0.213273
0.893715 0.44037
0.885533 0.326097
0.900573 0.332917
0.896875 0.193197
0.892024 0.135023
0.906444 0.167993
0.74241 0.37332
0.879771 0.26062
0.899567 0.0089268
0.773465 -0.105895
0.87371 0.271805
0.86966 0.43801
0.890487 0.0581757
0.907138 0.301638
0.751707 0.264345
0.885097 0.325878
0.739639 0.525616
0.874932 -0.129873
0.819552 0.268412
0.84214 0.177412
0.904245 0.299096
0.826348 0.0596309
0.902678 0.250196
0.863225 0.160215
0.746289 0.33784
0.896872 0.126963
0.871284 0.133805
0.906359 0.286903
0.8287 -0.00182481
0.750021 0.165438
0.867162 0.139222
0.889191 0.170934
0.856276 0.201271
0.046683 0.129766
0.810197 0.188361
0.907594 0.0977416
0.500783 0.690078
0.735379 0.386962
0.902741 0.0900312
0.888743 0.467768
0.881473 0.180442
0.900653 0.144477
0.897478 0.469343
0.903954 0.160853
0.879222 0.296603
0.80876 -0.0815268
0.868646 0.125179
0.676492 -0.177519
0.755677 0.336269
0.907045 0.246525
0.87554 0.0382118
0.88362 0.406505
0.852719 0.255125
0.781207 0.441029
0.755368 0.206704
0.826336 0.271231
0.825594 0.199981
0.781006 0.240291
0.841136 0.366574
0.889539 0.502806
0.880896 -0.0237211
0.903205 0.0976849
0.898518 0.189709
0.885564 0.202128
0.893171 0.183969
0.685003 -0.158752
0.889941 0.186488
0.557971 0.911357
0.839054 0.278601
0.852653 0.251798
0.83956 0.413544
0.903152 0.258657
0.897478 0.122669
0.882832 0.230672
0.892667 0.229048
0.876767 0.0697826
0.701097 -0.186818
0.874266 0.112082
0.870148 0.418773
0.89854 0.147296
0.901306 0.367639
0.857299 0.14764
0.900308 0.332183
0.825674 0.0432973
0.905966 0.049851
0.902975 0.20726
0.87876 0.306587
0.701332 -0.214821
0.908972 0.238963
0.899355 0.0624816
0.626229 0.424557
0.841291 0.427634
0.906765 0.320037
0.768529 -0.224893
0.800903 0.199456
0.889345 0.302272
0.895524 0.0596687
0.877611 0.461848
0.845395 -0.00182372
0.843187 0.0426781
0.862303 0.453304
0.903521 0.238769
0.876801 0.253228
0.867636 0.181924
0.812557 0.321719
0.890919 0.227965
0.895028 0.0109572
0.847806 0.287228
0.887281 0.165727
0.884066 0.378845
0.896864 0.280731
0.905571 -0.0359834
0.907757 0.23528
0.853515 0.249388
0.866997 -0.0376252
0.853342 0.399017
0.837745 0.478327
0.903532 0.0959053
0.896405 0.0759414
0.820367 0.533969
0.83632 0.386288
0.804048 -0.0898581
0.83074 0.0422908
0.802935 0.196181
0.829202 -0.0529673
0.753037 0.388068
0.903563 0.16881
0.893028 0.337959
0.644928 0.214271
0.885242 0.328157
0.8919 -0.0941366
0.815153 0.262468
0.893267 0.413316
0.563015 0.934171
0.889325 0.443453
0.560851 0.846859
0.878759 0.284239
0.860059 0.104691
0.892829 0.239453
0.896887 0.326226
0.879897 0.0637633
0.876738 0.313015
0.760927 0.0875714
0.834305 0.327995
0.883167 0.257216
0.803083 -0.0465872
0.894303 0.2842
0.89185 0.0623804
0.898351 0.319961
0.830686 -0.163701
0.892631 0.338972
0.891751 0.030466
0.8358 0.17074
0.888155 0.185747
0.824656 0.0122843
0.889007 0.426397
0.877854 0.508014
0.85838 0.162014
0.715636 0.0474007
0.903344 0.115581
0.862803 0.322788
0.862588 0.51931
0.905013 0.297479
0.764541 0.100089
0.804703 0.121662
0.905522 -0.0579039
0.60384 0.710814
0.896411 0.0652865
0.84643 0.231992
0.873826 -0.0352874
0.895166 0.0375692
0.907657 0.305591
0.855582 0.188896
0.867665 0.147828
0.882056 -0.0113517
0.89994 -0.0101467
0.767665 -0.119089
0.816496 0.223836
0.907431 0.447708
0.896165 0.240229
0.905474 0.0735355
0.888606 0.257516
0.877845 0.15426
0.830813 -0.00355489
0.907219 0.381416
0.857239 -0.125426
0.871267 0.412769
0.891349 0.076237
0.634096 0.418275
0.838266 0.350733
0.897452 0.490389
0.885668 0.0993632
0.616761 0.442201
0.834195 0.181314
0.894548 0.119629
0.852982 0.465497
0.90482 0.454751
0.893397 0.269966
0.854985 0.163266
0.857193 0.043155
0.86402 0.450261
0.893206 0.400811
0.80191 0.0732291
0.849721 0.18904
0.837852 0.368754
0.855897 0.0107355
0.87345 0.128103
0.867385 -0.0784009
0.88896 0.428641
0.854161 0.303192
0.908068 0.17818
0.806794 -0.0643586
0.878242 0.196456
0.895038 0.154339
0.89147 -0.0993999
0.901552 0.466628
0.790547 0.449777
0.847875 0.294036
0.897991 0.322843
0.904525 0.208388
0.875558 -0.0395098
0.866946 -0.116697
0.582503 0.621954
0.705641 0.0714591
0.889778 0.217815
0.593515 0.646368
0.79765 0.0474973
0.903581 0.13044
0.847821 0.0174223
0.906209 0.152306
0.864368 0.0962188
0.901858 0.156076
0.908174 0.0663025
0.859662 0.0225259
0.892335 0.0876701
0.856518 0.0360174
0.852353 0.366499
0.891032 0.0609337
0.865438 0.106427
0.861153 0.465568
0.874282 0.0178039
0.89597 0.264166
0.843404 0.124884
0.803332 0.135786
0.907041 0.123976
0.905876 0.243956
0.892685 0.146148
0.863391 0.300993
0.873857 -0.0927351
0.906684 0.30966
0.809053 0.211602
0.868151 0.166531
0.811675 0.0480935
0.787308 0.450913
0.814926 0.191699
0.85105 0.330406
0.907463 0.251152
0.854006 0.0777747
0.878253 0.436889
0.8362 0.430944
0.692908 -0.162705
0.794979 0.364178
0.742425 0.559108
0.89893 0.0534984
0.895302 0.301959
0.899971 0.0905585
0.773306 -0.0382546
0.865727 0.0533379
0.770784 0.11362
0.864999 0.0979991
0.863067 0.523381
0.762757 -0.162983
0.84592 -0.0311868
0.588584 0.544851
0.862152 0.294475
0.891114 0.0371696
0.904557 0.181681
0.697973 -0.207979
0.815718 0.336461
0.743268 0.366704
0.902223 0.336564
0.8948 0.324436
0.86876 0.350155
0.865564 0.270449
0.895698 -0.0161802
0.722579 0.535444
0.863522 0.157981
0.895857 -0.103722
0.827901 0.184585
0.777681 0.27654
0.908398 0.058832
0.905369 -0.0263704
0.906385 0.157572
0.906673 0.328164
0.836569 0.356697
0.711044 0.100047
0.884532 0.367946
0.893328 0.133732
0.833411 0.110644
0.891406 -0.0118992
0.856329 -0.11076
0.832856 0.315085
0.889588 0.204341
0.855821 0.248874
0.811855 0.344939
0.853001 0.124091
0.880842 0.176368
0.795655 0.476946
0.889352 0.470272
0.895988 0.105558
0.86661 0.0569812
0.83682 0.227906
0.777226 -0.00602817
0.892867 0.0768897
0.836674 0.36836
0.900145 0.133041
0.895969 0.177486
0.838781 0.174061
0.905372 0.129364
0.665084 -0.0152385
0.908933 -0.00607599
0.866619 0.0371256
0.884661 0.417062
0.105839 0.421538
0.906871 0.102472
0.886524 0.221388
0.899231 0.0100753
0.83731 0.293538
0.886387 0.0963639
0.728053 0.450311
0.742813 0.49667
0.888015 0.170014
0.82741 -0.075629
0.894098 0.467155
