0.811234 -0.0353617
0.906416 -0.0530199
0.577758 0.510328
0.613628 0.466568
0.826227 0.0799195
0.881014 -0.0915075
0.8988 -0.0734676
0.90507 -0.0099714
0.906003 -0.100184
0.866179 -0.0520191
0.574306 0.513546
0.848911 0.230142
0.895763 -0.0163977
0.883841 0.115198
0.775102 -0.118985
0.74748 0.127588
0.774058 -0.133099
0.735839 0.254516
0.902527 0.023939
0.858649 -0.100537
0.788222 0.195278
0.86008 0.0934091
0.847443 -0.0488964
0.906881 0.0356994
0.904597 0.107711
0.830191 -0.137232
0.823689 -0.0261355
0.882029 -0.0387045
0.907338 0.0808312
0.833069 -0.00800104
0.87906 0.0643077
0.855191 -0.0261943
0.872529 0.0238236
0.89315 0.0879174
0.79418 0.207697
0.893096 0.153196
0.748802 0.212925
0.845054 -0.0781451
0.883795 0.0868484
0.816807 0.214704
0.625147 0.239689
0.890857 0.0298025
0.775088 -0.202763
0.856753 -0.223532
0.864714 -0.0937135
0.891032 -0.127636
0.89637 0.0350836
0.890322 0.0216728
0.823733 0.00797152
0.888752 0.100876
0.816697 0.164911
0.722847 0.236308
0.840377 0.180979
0.88006 0.017672
0.872559 0.0385423
0.877035 0.0918337
0.899917 -0.00471774
0.908198 -0.0221002
0.880127 -0.0723238
0.898218 0.0355319
0.688508 -0.371869
0.618965 0.0633615
0.880815 -0.0860575
0.864749 -0.0421128
0.86327 0.104394
0.89175 -0.0657455
0.858631 -0.137043
0.903098 -0.144035
0.896423 -0.108809
0.905069 -0.0239113
0.875996 -0.055621
0.88801 -0.0154717
0.895149 -0.0727242
0.886403 -0.0782164
0.877049 0.0469259
0.847479 -0.0656903
0.840682 0.0439236
0.420341 0.517784
0.904842 0.266082
0.904596 0.199858
0.788508 0.322029
0.68584 -0.251453
0.8937 0.00514352
0.861809 0.143292
0.794265 0.200265
0.861654 0.210907
0.75886 -0.166975
0.893749 0.0404126
0.688399 -0.36968
0.720845 -0.0208786
0.876872 0.0483905
0.74862 0.174238
0.851406 0.115972
0.873695 -0.0444035
0.878082 0.112384
0.886404 -0.0611311
0.895148 -0.0908138
0.886409 -0.15025
0.905064 -0.0396599
0.905073 0.00303398
0.849586 0.0813124
0.907759 0.0801246
0.897642 0.140735
0.888809 0.16087
0.855209 0.010863
0.888776 0.104966
0.808761 -0.136343
0.838118 0.119702
0.870062 0.153457
0.903604 0.0532639
0.812996 0.0349811
0.885502 -0.00236411
0.905994 -0.0968093
0.894512 -0.00127186
0.893165 0.0801996
0.856958 -0.121172
0.573515 0.486531
0.5492 0.749461
0.89682 0.315163
0.905967 -0.0132189
0.861828 0.137234
0.79928 0.0171776
0.78149 0.0667546
0.840521 0.105509
0.909025 -0.0160814
0.85866 -0.116164
0.849491 0.025863
0.86174 0.146941
0.877051 0.0898699
0.794088 0.209979
0.855038 0.0457372
0.888776 0.1189
0.628615 0.168663
0.904941 0.109216
0.908212 -0.0048175
0.89385 0.108298
0.86025 0.074657
0.830057 -0.150082
0.867449 -0.18787
0.905524 -0.143797
0.877074 0.0588032
0.902084 0.016644
0.902527 0.0561373
0.629278 0.137309
0.905413 0.00815743
0.758825 -0.132924
0.83799 0.119372
0.907754 0.096062
0.820538 0.218724
0.870039 0.190907
0.868823 0.0623624
0.893824 0.134373
0.816846 0.235376
0.888746 0.191196
0.902606 -0.0136243
0.853425 0.0919728
0.904571 0.130057
0.882032 -0.023215
0.767325 -0.283254
0.829777 -0.292467
0.898188 -0.0497386
0.902088 -0.0618601
0.877066 0.0555024
0.687994 -0.362759
0.880881 -0.260527
0.907772 -0.0585364
0.892485 -0.0458378
0.902092 -0.0267306
0.838358 0.166718
0.880058 0.0122285
0.881066 -0.12172
0.838304 0.128008
0.816632 0.22363
0.686524 -0.292304
0.896287 -0.183119
0.901036 0.0250172
0.902096 0.000769041
0.803726 -0.264541
0.906861 -0.0547072
0.863333 0.0978393
0.788251 0.275301
0.803788 -0.0832862
0.842929 -0.120832
0.856871 -0.196979
0.905071 0.037685
0.898233 0.0781549
0.688508 -0.354821
0.903514 -0.166634
0.861824 0.0756109
0.687623 -0.353908
0.880881 -0.256965
0.843109 -0.203523
0.886365 -0.190979
0.723935 0.117492
0.812252 0.0236961
0.886339 -0.0975097
0.905995 -0.134882
0.89421 0.292102
0.888022 -0.0508059
0.890315 -0.0118065
0.8781 0.126131
0.908201 0.00452451
0.804365 -0.210402
0.895095 -0.141631
0.896418 -0.108401
0.885574 -0.0698302
0.847498 -0.111489
0.661681 -0.320672
0.792864 0.0658352
0.880013 -0.0222456
0.847486 -0.0930449
0.866109 -0.159402
0.893822 0.0456124
0.896424 -0.114713
0.688464 -0.431872
0.901985 -0.161045
0.724178 0.134744
0.86306 0.1802
0.874845 -0.0593597
0.856926 -0.175316
0.880076 -0.126985
0.830117 -0.230905
0.904586 0.00100085
0.897641 0.108931
0.812971 0.0560207
0.866061 -0.0957967
0.895135 -0.102475
0.907344 0.0557181
0.847544 -0.0589613
0.823748 0.00204553
0.820234 0.182868
0.816785 0.202179
0.570069 0.618685
0.906309 0.167692
0.85524 0.0107778
0.90598 -0.0910386
0.904113 0.0460724
0.889579 0.121388
0.899378 -0.166489
0.853419 0.0310916
0.895766 -0.0961758
0.909048 -0.0940187
0.838165 0.142398
0.820286 0.238709
0.875903 0.0411063
0.89578 -0.092959
0.66326 -0.333008
0.840232 -0.0389755
0.886363 -0.12492
0.898222 0.0141484
0.86886 -0.00473284
0.880088 -0.0602935
0.896408 -0.0769063
0.874883 -0.16304
0.899369 -0.168044
0.874886 -0.19957
0.888009 -0.0731779
0.663006 -0.321918
0.880857 -0.242735
0.849536 -0.0210493
0.87483 -0.139519
0.873722 -0.149589
0.870107 0.0501139
0.808678 -0.159298
0.876966 0.0044134
0.687991 -0.38319
0.55902 0.393556
0.891532 0.0512431
0.860246 0.051483
0.827015 -0.128259
0.905967 -0.146174
0.875997 -0.104438
0.899369 -0.14467
0.861818 0.0839616
0.794002 0.209036
0.823567 0.118894
0.893117 0.120777
0.880112 -0.0132241
0.874864 -0.137158
0.834553 0.288421
0.906908 0.124659
0.904597 0.143295
0.882032 -0.0179181
0.858533 -0.175322
0.882909 -0.0307324
0.662839 -0.302853
0.858249 -0.245312
0.78822 0.137311
0.869998 0.154373
0.847464 -0.0234592
0.845315 -0.234877
0.832892 -0.143908
0.903586 -0.0690779
0.877068 0.0528094
0.804215 -0.186207
0.889503 0.029709
0.73735 0.330895
0.887097 0.0314637
0.883833 0.133719
0.880103 -0.0068476
0.902085 -0.00991479
0.775242 -0.166479
0.864596 -0.059412
0.855165 -0.0733565
0.898203 0.0365002
0.895156 -0.0530401
0.873746 -0.11759
0.879101 0.017151
0.856933 -0.145102
0.881988 -0.136352
0.907773 -0.00893447
0.843172 -0.108922
0.845264 -0.212196
0.881977 -0.163943
0.748678 0.088287
0.902017 0.0410863
0.860263 0.0490124
0.891029 -0.0700982
0.879118 0.0347367
0.880098 -0.0458311
0.767308 -0.292059
0.705653 -0.288952
0.851157 0.0336814
0.687364 -0.370114
0.890165 -0.118457
0.823929 0.118402
0.84942 0.113875
0.902585 -0.0414059
0.881088 -0.144486
0.894495 -0.018291
0.863315 0.112851
0.892454 0.0185212
0.855215 -0.0466627
0.878063 0.110694
0.832999 -0.040189
0.812704 -0.0169307
0.856818 -0.152648
0.892449 -0.0882916
0.887223 -0.131625
0.895149 -0.1191
0.903617 -0.053467
0.875995 -0.0675859
0.903107 -0.116054
0.901573 0.0356363
0.895796 -0.0960476
0.908208 -0.0860454
0.847504 -0.0334017
0.871316 0.117251
0.870104 0.156554
0.843084 -0.0362674
0.902066 -0.0180355
0.872586 0.021757
0.66368 -0.333437
0.892314 -0.178835
0.90459 0.0218528
0.808831 -0.168729
0.404415 0.413771
0.907566 0.240496
0.877072 0.177155
0.864744 0.0636995
0.905054 0.0477111
0.827094 -0.0850475
0.874804 -0.164555
0.851487 0.0962097
0.891742 -0.0689678
0.864765 -0.0368158
0.830071 -0.194709
0.899343 -0.177987
0.864776 -0.081494
0.893821 0.0767486
0.897634 0.138706
0.893168 0.13652
0.883838 0.176178
0.888798 0.17376
0.891768 -0.0381102
0.905997 -0.111214
0.901575 0.0374968
0.767492 -0.261405
0.871217 0.0255634
0.883819 0.130215
0.890312 0.0610433
0.853326 0.122054
0.843045 -0.0471905
0.860168 0.00474651
0.905051 0.0245082
0.847539 -0.0716884
0.903093 -0.118019
0.902097 -0.056648
0.851541 0.141433
0.866115 -0.0660787
0.816739 0.150604
0.881087 -0.108265
0.8801 -0.103286
0.840762 0.0246304
0.707058 -0.141278
0.361611 0.505656
0.892799 0.226716
0.794178 0.26325
0.866035 -0.0107384
0.853357 0.0961279
0.90903 -0.0191979
0.688351 -0.388466
0.89502 -0.200283
0.863316 0.0400354
0.431658 0.529696
0.838282 0.15268
0.758171 -0.055355
0.897552 0.0792638
0.895794 -0.0784553
0.898227 0.0322124
0.855226 -0.0421146
0.855148 -0.0649311
0.888776 0.074643
0.904105 0.11085
0.758812 -0.0914621
0.757396 -0.12962
0.905935 -0.145536
0.880125 -0.121406
0.835715 0.077488
0.832864 -0.0204513
0.820267 0.17368
0.884651 0.160133
0.812918 0.0738281
0.905029 0.0560465
0.737553 0.342945
0.881875 0.0511647
0.888797 0.123572
0.868848 0.03783
0.891754 -0.0923954
0.877055 0.0419482
0.894501 0.0616744
0.85696 -0.128705
0.661991 -0.331429
0.792866 0.0615035
0.808334 -0.158937
0.879034 0.00595277
0.891042 -0.0892084
0.902091 -0.0439364
0.909048 -0.0853953
0.883853 0.0885554
0.845354 -0.135496
0.871313 0.0764004
0.887206 -0.0663731
0.874889 -0.126194
0.899369 -0.153305
0.748873 0.0890732
0.858393 -0.0834956
0.884713 0.0381465
0.835727 0.142102
0.909023 -0.00168163
0.89704 0.0539251
0.888809 0.12609
0.866167 -0.0765126
0.870097 0.0784164
0.902091 -0.019903
0.873756 -0.069756
0.826928 -0.149436
0.811993 -0.14637
0.766723 -0.323786
0.735743 0.177526
0.902527 -0.00684928
0.812992 0.0107143
0.793724 0.184287
0.868723 0.0499435
0.892458 -0.00613159
0.875983 -0.0497471
0.840752 0.046583
0.76697 -0.25019
0.832668 -0.162189
0.748125 0.0988239
0.663666 -0.336941
0.807759 -0.325333
0.838116 0.0440717
0.856862 -0.130576
0.748396 0.106643
0.906837 0.0885157
0.894512 0.0727887
0.827125 -0.125592
0.835571 0.06666
0.889527 0.130469
0.856951 -0.100731
0.793974 0.135612
0.893096 0.12434
0.688384 -0.336074
0.891625 -0.241172
0.860247 -0.0654689
0.906422 -0.0340528
0.881092 -0.141768
0.888796 0.0463261
0.840783 0.083341
0.902065 0.0300343
0.883846 0.134224
0.895147 -0.0123945
0.888025 0.00400283
0.867528 -0.125403
0.870099 0.0590276
0.840737 0.0908604
0.905511 -0.0298504
0.873758 -0.109635
0.707688 -0.185552
0.823274 -0.0233857
0.829946 -0.188989
0.858528 -0.189965
0.893817 0.0332337
0.78214 0.0978618
0.853199 0.146452
0.887191 -0.038888
0.860239 0.0147714
0.885519 -0.0431025
0.847497 -0.100803
0.895762 -0.148726
0.724081 0.137569
0.871163 0.184889
0.904096 0.153418
0.864783 0.0503986
0.432391 0.534714
0.878653 0.314107
0.902601 0.0363477
0.898231 0.0777568
0.873749 -0.0656638
0.799342 -0.066752
0.8931 0.0439611
0.855216 -0.0365906
0.877016 0.0595314
0.804215 -0.183511
0.686222 -0.454502
0.826459 -0.300914
0.820244 0.0616279
0.812651 0.0211711
0.808422 -0.173996
0.902564 -0.153274
0.688614 -0.447622
0.82954 -0.357555
0.625761 0.00499894
0.837648 0.170019
0.890278 0.0818138
0.838328 0.209735
0.748189 0.246465
0.897546 0.199506
0.905069 0.0993219
0.898814 0.000278984
0.88881 0.104796
0.827107 -0.111815
0.851394 0.113705
0.90776 0.0929705
0.827167 -0.119783
0.861706 0.0863401
0.573922 0.569203
0.886141 0.140634
0.903112 -0.0326503
0.880122 -0.0758866
0.855193 -0.082443
0.903097 -0.122234
0.906002 -0.145056
0.868855 0.0508014
0.892458 -0.00577593
0.835748 0.12587
0.903587 0.0390943
0.858651 -0.0944131
0.849491 0.0345619
0.767045 -0.256087
0.900423 -0.0922671
0.853421 0.0606947
0.88468 0.113379
0.881071 -0.0815289
0.840764 0.0332065
0.872512 0.0492244
0.882002 -0.0576165
0.861791 0.11696
0.823797 0.0698463
0.906422 -0.010024
0.767534 -0.281018
0.907287 -0.0195441
0.748961 0.140998
0.896942 0.093551
0.894506 0.0756178
0.893165 0.110955
0.891771 -0.0632512
0.864765 -0.0345331
0.88469 0.0747537
0.902604 -0.0598765
0.70824 -0.157402
0.906841 0.00664937
0.78223 0.0906286
0.877987 0.162503
0.881064 -0.0614894
0.8515 0.137909
0.835637 0.17627
0.812715 0.0701958
0.896981 0.0721791
0.899381 -0.075299
0.890324 -0.0227966
0.884712 0.0782453
0.899374 -0.0721269
0.737479 0.291124
0.840413 0.200997
0.905042 0.104641
0.820528 0.222212
0.410264 0.577107
0.848577 0.228103
0.845273 -0.172778
0.907757 -0.0212461
0.62953 0.103979
0.882699 0.052053
0.808734 -0.157838
0.706445 -0.223421
0.903021 -0.180321
0.737527 0.248202
0.868649 0.0683143
0.882919 0.0680001
0.89641 -0.0253926
0.867539 -0.137041
0.687762 -0.439271
0.89566 -0.278509
0.902093 -0.120112
0.896422 -0.0993091
0.863318 0.0803745
0.804317 -0.160591
0.89378 0.0438862
0.903111 -0.0421409
0.893847 0.0932657
0.891053 -0.0557719
0.849557 0.0554428
0.845278 -0.14681
0.826968 -0.205018
0.900998 0.0113168
0.906457 -0.0278273
0.904113 0.0713987
0.870146 0.142242
0.900978 0.218815
0.895158 0.0195851
0.866176 -0.119847
0.662292 -0.331655
0.9035 -0.159762
0.902098 -0.0733853
0.899945 -0.102915
0.629153 0.0748613
0.89178 -0.122332
0.90459 0.0444524
0.887233 -0.0781684
0.628541 0.0905367
0.882946 0.0170706
0.858617 -0.104433
0.687545 -0.425755
0.780721 -0.139594
0.901572 0.0936891
0.812988 0.0507329
0.885502 0.00393766
0.89247 -0.02295
0.88957 0.0939228
0.875979 -0.0100085
0.883823 0.116329
0.900487 0.0688372
0.872584 0.0566857
0.87372 -0.07082
0.886391 -0.140459
0.853395 0.0425692
0.898784 -0.0168683
0.847526 -0.0889033
0.880081 -0.0159696
0.905992 -0.10216
0.906459 -0.0728553
0.856981 -0.183613
0.875944 -0.124221
0.877038 0.0271675
0.723789 0.2016
0.8379 0.251991
0.878045 0.229418
0.899919 -0.111756
0.863323 0.0752697
0.89175 -0.0773953
0.804286 -0.240591
0.787883 0.131457
0.875954 -0.0749808
0.871382 0.191583
0.832966 0.0307208
0.804003 -0.188129
0.787882 0.152401
0.851318 0.21643
0.758298 -0.0336922
0.894414 0.0361414
0.87488 -0.117771
0.888029 -0.0310735
0.903614 0.0186355
0.849583 0.0873085
0.858613 -0.174686
0.823786 -0.0462394
0.77505 -0.153444
0.895147 -0.0381794
0.576791 0.517054
0.879799 0.186164
0.788354 0.312993
0.904587 0.0655378
0.897038 0.0803296
0.663301 -0.264207
0.903994 -0.0442853
0.896423 -0.0688466
0.889573 0.0755152
0.804275 -0.179086
0.905957 -0.166119
0.804354 -0.278308
0.903071 -0.201159
0.882031 -0.155798
0.901562 0.0202894
0.906905 0.0685091
0.908213 -0.0212888
0.873761 -0.106556
0.808694 -0.221767
0.747857 0.0797747
0.890946 -0.0464959
0.905066 0.00146666
0.907348 0.0975942
0.453674 0.578919
0.622773 0.0584241
0.811834 -0.0207505
0.903575 -0.0217385
0.849582 0.0711528
0.767046 -0.241462
0.907723 -0.043907
0.904597 0.0758711
0.900498 0.0548132
0.57725 0.553876
0.874521 0.0972931
0.890305 0.048851
0.688316 -0.366122
0.892486 -0.0514844
0.882021 -0.0966111
0.895784 -0.14826
0.881082 -0.186831
0.868838 -0.0873189
0.851476 0.126654
0.899355 -0.0507433
0.90778 0.0242407
0.813013 0.0242313
0.890259 0.0260858
0.898805 -0.0274236
0.90821 -0.0588846
0.89704 0.0309553
0.804311 -0.19808
0.891708 -0.186479
0.84079 -0.0101609
0.907755 0.0440765
0.838373 0.195234
0.894467 0.121116
0.748818 0.199819
0.876902 0.140297
0.628043 0.182617
0.894981 0.0346869
0.891054 -0.0793175
0.835744 0.0962111
0.723145 0.215264
0.823326 0.134155
0.907747 0.102877
0.896425 -0.00972184
0.74884 0.147094
0.889481 0.0619564
0.90049 0.0476761
0.891058 -0.0746755
0.897029 0.0227694
0.885574 -0.0174362
0.89247 -0.0314928
0.902608 -0.102998
0.860264 -0.00853147
0.70743 -0.148968
0.886252 -0.157805
0.858622 -0.174189
0.868808 -0.0851378
0.627653 0.0961215
0.861396 0.151766
0.899922 -0.0145178
0.891776 -0.11347
0.879119 0.0173269
0.853381 0.10628
0.851446 0.202926
0.858564 -0.0319384
0.907763 0.0342722
0.874896 -0.118854
0.775034 -0.213857
0.873606 -0.166591
0.905989 -0.162298
0.724241 0.135596
0.657652 -0.171425
0.835113 0.0190571
0.84739 -0.0812845
0.867528 -0.12311
0.908619 -0.143562
0.876 -0.103133
0.851438 0.176529
0.781849 0.144114
0.874753 -0.0717533
0.832976 -0.0740905
0.73661 0.283864
0.881874 0.0274715
0.827084 -0.141559
0.826909 -0.199808
0.803974 -0.279391
0.898173 -0.0430801
0.864774 -0.0273664
0.905054 0.0112822
0.903122 -0.0841755
0.898813 -0.0729106
0.902611 -0.120073
0.906905 0.0124639
0.906907 0.0658862
0.799515 -0.0218379
0.85134 0.147613
0.42567 0.565601
0.822316 0.327901
0.781649 0.197059
0.864606 0.0851008
0.896399 -0.0198207
0.89697 0.119239
0.866179 -0.0801939
0.905523 -0.10061
0.813004 -0.0261736
0.803907 -0.207757
0.899328 -0.181616
0.87014 0.0404481
0.90208 0.0099851
0.901039 0.102672
0.849577 0.120492
0.8982 0.114349
0.880117 -0.0164522
0.873728 -0.101036
0.903606 -0.0481984
0.905072 -0.000260694
0.799505 -0.0478702
0.774457 -0.196007
0.803722 -0.269647
0.829887 -0.28733
0.889522 -0.011057
0.85521 -0.0580225
0.840701 0.0459824
0.904565 0.111622
0.748931 0.194008
0.842802 -0.000508501
0.707097 -0.150751
0.8809 -0.176837
0.866156 -0.196772
0.871339 0.0520164
0.905057 0.0424923
0.89516 -0.0513862
0.905537 -0.091749
0.663579 -0.336515
0.902999 -0.226047
0.888813 0.0146561
0.881075 -0.121259
0.808727 -0.227251
0.747857 0.0775745
0.373928 0.476012
0.876501 0.202157
0.853376 0.180427
0.707299 -0.0753536
0.889429 0.075246
0.894501 0.0689147
0.89938 -0.0764539
0.888811 0.074156
0.898805 -0.00804001
0.629421 0.109885
0.819531 0.230055
0.782121 0.0605538
0.722308 0.182883
0.90411 0.129779
0.873756 -0.0456051
0.907334 0.0778219
0.847544 -0.0501208
0.883806 0.0840551
0.885563 0.0086812
0.909043 -0.0525814
0.876001 -0.066699
0.906446 -0.0608496
0.813008 -0.0100796
0.89574 -0.111227
0.866177 -0.172238
0.909035 -0.125909
0.782245 0.0381783
0.904537 0.108322
0.884725 0.130024
0.87487 -0.0799745
0.898796 -0.068194
0.853418 0.0704574
0.868801 0.0120543
0.899365 -0.0976363
0.902611 -0.130007
0.901039 0.0467127
0.907781 0.0631195
0.892485 0.00282506
0.867534 -0.12581
0.87134 0.0804096
0.799329 -0.00776254
0.826821 -0.141547
0.829957 -0.236283
0.868771 -0.113645
0.880088 -0.103847
0.830136 -0.210198
0.885547 -0.0380367
0.89247 -0.0397358
0.89384 0.0940123
0.892475 0.0138665
0.88957 0.10865
0.873739 -0.0522016
0.904079 0.123078
0.907348 0.146209
0.908636 -0.0375188
0.907784 0.0289593
0.782237 0.0997988
0.894512 0.0486128
0.812958 0.0312496
0.847343 -0.0787564
0.57269 0.504171
0.884435 0.30398
0.892469 0.0969661
0.908207 -0.00852053
0.905543 -0.0758017
0.895161 -0.0987565
0.890321 -0.0317362
0.891769 -0.120315
0.904106 0.033127
0.880123 -0.0497042
0.895783 -0.129431
0.838342 0.125424
0.890278 0.0639029
0.877054 0.104276
0.863289 0.162506
0.890297 0.0761158
0.909045 -0.0253728
0.908214 -0.059047
0.758852 -0.16063
0.902022 -0.0594828
0.90554 -0.0956183
0.888034 -0.0281011
0.882017 -0.0875451
0.441009 0.489791
0.892853 0.228752
0.88557 0.0654632
0.882934 0.0689977
0.737264 0.345971
0.855215 -0.0506578
0.88385 0.110704
0.898778 -0.0796839
0.83835 0.145424
0.808537 -0.122899
0.871267 0.0812153
0.866143 -0.0924401
0.898791 -0.072242
0.904593 0.0645098
0.908635 -0.0700819
0.820541 0.152248
0.826888 -0.0811674
0.625633 0.116759
0.871041 0.175966
0.877033 0.146606
0.758548 -0.069191
0.878984 0.0459159
0.904584 0.111712
0.907348 0.141678
0.860272 0.0900587
0.906887 0.0924988
0.90507 -0.0429452
0.907781 0.0724363
0.89385 0.139191
0.904591 0.149068
0.908209 0.017671
0.906005 -0.0891809
0.835785 0.0948477
0.906876 0.0920907
0.886418 -0.0780689
0.799408 -0.0746583
0.905492 -0.0922604
0.851547 0.127444
0.820334 0.232448
0.868758 0.0726148
0.871342 0.159787
0.577197 0.522699
0.888559 0.283791
0.816826 0.294271
0.902569 0.0333606
0.840817 0.0763585
0.909046 -0.059539
0.909053 -0.0787061
0.888017 0.0182186
0.897631 0.115012
0.899943 -0.0277383
0.881086 -0.138865
0.897639 0.127492
0.879125 0.113233
0.901027 0.142335
0.827116 -0.163218
0.897594 0.0394734
0.767458 -0.260119
0.826719 -0.237043
0.663498 -0.376521
0.74623 0.0468343
0.905467 -0.0387778
0.905073 0.00335346
0.905073 0.0202384
0.775265 -0.154
0.899312 -0.158373
0.877063 0.0165372
0.90904 -0.04986
0.906461 -0.0517139
0.900481 -0.0278701
0.867545 -0.137973
0.905986 -0.150748
0.820531 0.120037
0.858512 -0.0669072
0.897009 0.0223296
0.891056 -0.0844641
0.708019 -0.170538
0.619905 0.135028
0.852895 0.17463
0.882904 0.108536
0.688136 -0.341855
0.867257 -0.266619
0.781958 -0.0290145
0.803758 -0.204026
0.757834 -0.187875
0.808178 -0.260591
0.793697 0.0762138
0.659923 -0.223586
0.888006 0.0345045
0.891049 -0.0786897
0.884713 0.055854
0.895786 -0.0873689
0.866177 -0.162701
0.849506 0.00850662
0.88637 -0.106702
0.886401 -0.15587
0.868845 -0.0742535
0.877031 0.0462337
0.707751 -0.122269
0.904979 -0.0136985
0.880124 -0.0685474
0.9082 0.00516592
0.897643 0.110773
0.855225 -0.0105963
0.849484 0.0675151
0.851438 0.187126
0.788177 0.309309
0.623767 0.290541
0.82626 0.0077761
0.835569 0.119858
0.880055 -0.00615504
0.688066 -0.387581
0.898688 -0.171159
0.861817 0.0732945
0.897011 0.0787706
0.903118 -0.0572716
0.853426 0.0744716
0.426713 0.537586
0.900235 0.189828
0.907346 0.172793
0.767542 -0.208006
0.849594 0.0707922
0.853326 0.130089
0.867481 -0.0754675
0.808666 -0.209673
0.902048 -0.0840073
0.873754 -0.130856
0.799342 -0.09283
0.399671 0.438484
0.906681 0.188159
0.906907 0.136143
0.90646 0.0225324
0.863333 0.128749
0.816728 0.228074
0.909048 -0.0739486
0.88642 -0.144667
0.85151 0.105042
0.875938 -0.00929616
0.882925 0.0378771
0.816804 0.194972
0.83281 0.0236081
0.845241 -0.158601
0.864698 -0.0661197
0.875952 -0.0764667
0.878085 0.0996552
0.89937 -0.0631601
0.82714 -0.180802
0.908602 -0.164931
0.902616 -0.157664
0.898231 0.000151215
0.906 -0.0960195
0.870148 0.0755063
0.885551 0.00691736
0.835729 0.129754
0.816622 0.223902
0.882871 0.123662
0.861792 0.189563
0.893143 0.15308
0.858634 -0.0494313
0.81671 0.156023
0.901527 0.146725
0.845394 -0.113223
0.899913 -0.121167
0.782182 0.0376932
0.855017 -0.0212628
0.748376 0.150737
0.877952 0.185105
0.856931 -0.0778153
0.428465 0.478757
0.791538 0.407343
0.863161 0.286813
0.894483 0.155705
0.849564 0.140608
0.891021 -0.0323845
0.907777 0.0320966
0.895162 -0.055839
0.88384 0.0993781
0.812914 0.0493592
0.787937 0.248675
0.75768 -0.00213783
0.793896 0.128274
0.87695 0.117525
0.782024 0.127174
0.899316 -0.046314
0.851535 0.145357
0.864707 0.0545771
0.823807 0.0443676
0.904557 0.110925
0.877069 0.124937
0.804215 -0.157356
0.845177 -0.229377
0.889534 0.0119356
0.782111 0.0882243
0.816415 0.198405
0.823643 0.110602
0.774641 -0.129242
0.877979 0.0742314
0.855189 -0.0220512
0.877016 0.0653439
0.879104 0.0900576
0.688043 -0.349045
0.908629 -0.140264
0.813017 -0.0413959
0.905498 -0.080206
0.688685 -0.41855
0.90636 -0.215198
0.898815 -0.125668
0.827139 -0.20571
0.756863 -0.2197
0.564928 0.454129
0.652444 0.0211493
0.893678 0.113508
0.816845 0.227006
0.793746 0.270445
0.904542 0.201263
0.88558 0.0530506
0.900488 0.0437086
0.881086 -0.110318
0.575585 0.489183
0.897553 0.0676794
0.893843 0.137081
0.906454 0.0219585
0.895799 -0.10169
0.788454 0.200147
0.858459 -0.0367446
0.830052 -0.194628
0.823689 -0.0490688
0.812665 -0.0223988
0.82363 0.0229563
0.891002 -0.0768389
0.897632 0.0771337
0.892478 0.00747321
0.874878 -0.12919
0.881061 -0.177986
0.767316 -0.345041
0.861613 -0.0100434
0.860198 0.0224253
0.774921 -0.159401
0.873606 -0.144794
0.885554 -0.0816219
0.782084 0.0497619
0.774323 -0.15939
0.845111 -0.228508
0.895122 -0.153289
0.889572 0.0417545
0.883835 0.138013
0.827091 -0.0976776
0.905505 -0.104012
0.867552 -0.168358
0.838269 0.108894
0.90258 -0.042506
0.905072 0.00210092
0.904112 0.0832495
0.708269 -0.0997209
0.880901 -0.156493
0.898219 0.00182145
0.877062 0.080473
0.438531 0.55405
0.874364 0.100849
0.858602 -0.0714251
0.907328 0.0670373
0.888035 0.0371648
0.906899 0.0739759
0.904113 0.112158
0.899939 -0.0999316
0.89104 -0.120623
0.906898 0.0257966
0.688719 -0.376223
0.85992 -0.150301
0.893142 0.0169363
0.892475 -0.0170298
0.874878 -0.138991
0.662779 -0.34347
0.68794 -0.459064
0.899262 -0.275091
0.906904 -0.0498611
0.874895 -0.152486
0.905058 -0.0396025
0.838366 0.161671
0.781759 0.134758
0.897567 0.156457
0.874884 -0.0697241
0.872553 0.00417246
0.84747 -0.0832687
0.853322 0.0686388
0.661872 -0.251003
0.880856 -0.214303
0.897626 0.0216544
0.737456 0.328466
0.908564 0.0425694
0.891064 -0.0775298
0.83015 -0.211215
0.892431 -0.114235
0.576558 0.486822
0.886143 0.107461
0.895786 -0.0667763
0.872534 -0.00427796
0.897621 0.105259
0.86618 -0.0858609
0.900477 -0.0138727
0.897035 0.0481172
0.894506 0.0574365
0.576736 0.555345
0.856409 0.0978971
0.883805 0.158083
0.906897 0.121942
0.90646 0.0168512
0.877071 0.0875538
0.799359 -0.00623682
0.885491 -0.0171981
0.688199 -0.392286
0.907689 -0.0993858
0.799519 -0.0881284
0.798955 -0.0584866
0.903068 -0.113293
0.808825 -0.22287
0.901523 -0.00462641
0.855232 -0.0573798
