0.818095 0.42347
0.908062 0.340657
0.201644 0.306569
0.885925 0.184306
0.872313 0.210369
0.90869 -0.0178644
0.804149 0.0660965
0.704073 0.0651444
0.79686 0.180516
0.850172 0.185016
0.733613 0.443785
0.888473 0.0900646
0.828338 0.038627
0.869461 0.114683
0.684269 -0.0491617
0.880264 0.0711694
0.79289 0.260898
0.899119 -0.0318074
0.803122 -0.0183902
0.768399 0.111295
0.797169 0.16281
0.878658 0.481983
0.90645 0.263254
0.853217 0.246116
0.864572 0.173437
0.894259 0.455253
0.814685 0.10977
0.852001 0.452657
0.879721 0.340453
0.838859 0.349537
0.901944 0.128949
0.874788 -0.0254812
0.906071 0.232616
0.901844 0.206943
0.793003 0.42779
0.877037 0.395344
0.908442 0.288955
0.845235 -0.0504893
0.893596 0.113738
0.791747 0.310865
0.825234 0.0218341
0.902304 0.179174
0.892971 0.312379
0.907456 0.0935446
0.902409 0.083303
0.87034 0.2488
0.907838 0.237097
0.893009 0.113087
0.824504 0.241306
0.738886 0.632479
0.899263 0.303849
0.889499 0.232384
0.866222 0.084552
0.700112 -0.181674
0.700244 0.0157136
0.892123 0.0401153
0.908699 0.232822
0.902539 0.126316
0.904688 0.316195
0.891402 0.124803
0.781186 0.0826345
0.900501 0.158787
0.905233 0.0051517
0.903191 0.286064
0.875035 0.0828702
0.901041 0.321646
0.685874 -0.098342
0.897828 0.256307
0.885148 0.368909
0.870575 0.293364
0.877386 0.268807
0.827887 -0.0874666
0.829333 -0.00457241
0.890996 0.111641
0.771011 0.00869233
0.908034 0.00793283
0.879436 0.0878972
0.765841 -0.204006
0.789783 0.311193
0.894594 0.332875
0.897502 0.416361
0.894288 0.192399
0.853476 0.416847
0.899909 0.148409
0.788779 0.321174
0.817865 0.539826
0.890698 0.257879
0.809407 0.0189397
0.882767 0.169184
0.84518 -0.0173726
0.895013 0.313907
0.193198 0.497726
0.794199 0.190894
0.887528 0.146714
0.899198 0.145805
0.9063 -0.0198831
0.869878 0.324733
0.876577 0.373276
0.888789 0.489921
0.881617 0.144663
0.790363 0.47339
0.889828 0.139085
0.880491 0.150165
0.77703 0.12523
0.777917 0.253126
0.86598 0.0775034
0.89164 0.239568
0.903535 0.0291831
0.907929 0.0850687
0.888437 0.184352
0.8009 -0.0420334
0.842783 0.0161652
0.906185 0.0832909
0.905493 -0.058509
0.906547 0.226232
0.902148 0.214758
0.77926 0.171719
0.841094 0.287042
0.908866 0.102588
0.819445 0.286617
0.847326 -0.0202932
0.906367 0.251961
0.665138 0.0738739
0.906273 0.0907847
0.894039 0.198895
0.838904 0.198509
0.896399 0.28565
0.833599 0.380595
0.652256 0.216545
0.848659 0.288426
0.86547 0.131438
0.826194 -0.0252354
0.889955 0.409224
0.893138 0.329522
0.897522 0.146199
0.893113 0.190457
0.863805 0.20577
0.907452 0.410377
0.907068 0.200883
0.892701 0.360737
0.813723 0.32465
0.837778 0.366011
0.898641 0.0034684
0.89232 0.298497
0.664244 -0.242973
0.859455 0.133924
0.751439 0.105329
0.872795 0.187733
0.863642 0.470718
0.897859 0.364335
0.812176 0.186011
0.892301 -0.00868601
0.816921 0.408333
0.758711 -0.110604
0.252985 0.589802
0.830716 0.16799
0.735889 0.50164
0.903229 0.038755
0.727979 0.438252
0.782312 0.111696
0.907014 0.452577
0.871438 0.359175
0.906274 0.0814615
0.873919 0.0464939
0.902424 0.310429
0.903857 0.386206
0.848379 0.00226886
0.841293 0.0597939
0.899825 -0.0361618
0.880613 -0.0487006
0.874992 0.0916999
0.720646 0.249724
0.906286 0.232286
0.797059 0.382741
0.81119 -0.0695973
0.872533 0.352696
0.770805 -0.0747771
0.750085 0.18258
0.838555 0.560126
0.831376 -0.0970114
0.902093 0.389514
0.874163 -0.108937
0.897847 0.374672
0.900201 0.260008
0.905889 0.0361345
0.900042 0.169137
0.900792 0.299424
0.78294 0.47205
0.875021 -0.0333807
0.88229 0.00825889
0.843593 -0.119035
0.778075 0.237876
0.894571 0.418534
0.834189 0.247381
0.379445 0.724769
0.906097 0.0798412
0.893766 0.234596
0.90366 0.283703
0.786842 0.243175
0.897224 0.142457
0.900089 0.135556
0.884267 0.14117
0.904648 0.235449
0.845345 -0.0447237
0.901887 0.298105
0.881274 -0.0135954
0.879329 0.217128
0.895555 -0.0367243
0.828445 -0.172865
0.876788 0.318526
0.907098 0.183559
0.906164 0.0274672
0.848758 0.0624544
0.891263 0.0399164
0.884001 0.131944
0.877257 0.125786
0.890046 0.100994
0.76078 -0.0610618
0.896627 0.0384439
0.881874 0.263348
0.906773 0.367232
0.636326 0.121521
0.90501 0.29077
0.722009 0.165842
0.899759 0.00985817
0.869068 0.0858052
0.885291 0.143087
0.848266 0.201399
0.858322 0.163912
0.884465 0.333434
0.885774 0.235833
0.897008 0.0772229
0.839991 0.125744
0.837467 0.420227
0.90582 0.0410576
0.850749 0.432916
0.25977 0.488947
0.859447 0.144379
0.89169 0.198922
0.890325 0.355667
0.889571 0.450985
0.904075 0.421011
0.85994 0.0176354
0.730004 0.512005
0.811137 0.166111
0.839695 0.2047
0.830287 -0.0213282
0.889936 0.351509
0.863619 0.290196
0.835497 0.205918
0.906017 -0.0518246
0.877073 0.142654
0.865879 0.160923
0.896689 0.262356
0.88333 0.171117
0.880645 0.282691
0.787515 0.604973
0.621716 0.476384
0.905065 0.128291
0.815834 0.148593
0.896713 0.0741573
0.847954 0.292105
0.762628 -0.0155445
0.884805 0.197432
0.893738 0.29255
0.869622 0.166654
0.759629 0.0181716
0.877906 0.324953
0.838778 0.326266
0.676318 -0.167249
0.634508 0.281054
0.9019 0.426753
0.815225 0.317303
0.902563 0.0414346
0.848906 0.357794
0.90136 0.417048
0.860531 0.0815647
0.891422 0.257799
0.885508 0.0442531
0.840237 0.309763
0.735136 0.603117
0.776652 0.177286
0.892592 0.133959
0.892747 0.233469
0.893551 0.426342
0.872572 0.151267
0.878664 0.361143
0.880177 0.112346
0.906365 0.172617
0.807328 0.0860737
0.812727 0.00199171
0.908223 0.306323
0.804295 0.136103
0.904736 0.256571
0.758368 0.0317868
0.885295 0.384063
0.905403 0.0281915
0.79839 0.234683
0.837933 0.239984
0.900703 0.369817
0.906216 0.125407
0.8305 0.11699
0.878527 0.147913
0.857605 -0.115947
0.877221 0.414227
0.908686 -0.0179575
0.83189 0.0593061
0.898305 0.291274
0.897169 0.288841
0.789135 0.39876
0.881655 0.241222
0.801965 0.0732261
0.883094 0.136528
0.893052 0.0690876
0.906609 0.174276
0.8815 0.228349
0.909027 0.290942
0.898566 0.0329762
0.894751 0.157297
0.894812 0.0510546
0.56147 0.835878
0.907319 0.315316
0.69632 -0.309439
0.90525 0.0116916
0.8836 0.168247
0.900229 0.0479773
0.865083 0.142221
0.595663 0.829411
0.891852 0.0974759
0.906426 0.10602
0.903832 0.0372025
0.752186 0.140045
0.618431 0.579209
0.594687 0.612114
0.884918 0.252289
0.885101 0.127382
0.905477 0.338096
0.891211 0.045189
0.756488 0.0343653
0.905699 0.0889084
0.811853 0.270777
0.0187665 0.132815
0.90698 0.23325
0.795192 0.438759
0.900075 0.11268
0.771421 -0.0551803
0.896909 0.319974
0.883442 0.440014
0.896075 0.0980774
0.85547 0.265774
0.88851 0.28994
0.897953 0.455011
0.871881 0.19907
0.861917 0.211399
0.72944 0.315762
0.899595 -0.084973
0.901851 0.0392942
0.90142 0.195169
0.837972 0.461781
0.741067 0.612981
0.903622 0.0822578
0.0339515 0.266998
0.851295 0.318288
0.898285 0.359925
0.847127 0.0353346
0.831212 0.134278
0.804303 0.0181769
0.859973 0.260961
0.879915 0.232371
0.781992 0.161614
0.882416 0.167354
0.791148 0.347624
0.906671 0.0776215
0.792824 0.506173
0.711694 0.160336
0.681542 -0.250801
0.888418 0.275917
0.830321 0.164406
0.903084 0.01816
0.904346 0.413327
0.897537 0.390388
0.906834 0.428555
0.713058 0.171404
0.856599 -0.0998611
0.826804 0.0300962
0.868292 0.269946
0.780526 0.251161
0.885199 0.134724
0.836434 0.364487
0.865119 0.243089
0.728342 0.571638
0.833957 0.323761
0.907165 0.384313
0.873133 -0.0192939
0.863418 0.277924
0.879842 0.27209
0.869906 0.328966
0.752182 0.249787
0.535905 0.753424
0.792956 0.195277
0.90897 0.10134
0.888185 0.230186
0.855306 0.225915
0.817832 0.430853
0.896032 0.173776
0.901207 0.300303
0.905588 0.180123
0.900027 0.151936
0.885965 0.159754
0.906699 0.0326836
0.854439 0.398597
0.78431 0.243799
0.866475 0.145513
0.865459 0.0588152
0.818382 0.497115
0.892737 0.0310417
0.816821 0.40917
0.786847 0.238024
0.81073 0.0693414
0.886938 -0.0273399
0.903645 0.0437134
0.874776 0.0400827
0.8354 0.420257
0.885307 0.149489
0.688597 -0.259302
0.796721 0.167453
0.85045 0.464499
0.859621 0.0325181
0.906636 0.210581
0.865902 0.202826
0.882724 0.372819
0.838659 0.527083
0.650347 -0.0657496
0.903394 0.28816
0.780273 0.128496
0.90751 0.293484
0.904996 0.292767
0.884511 0.480806
0.861431 0.436428
0.68435 -0.118848
0.837713 0.178128
0.703505 0.128504
0.821803 0.312602
0.833091 0.162317
0.891554 -0.0823164
0.861225 0.388518
0.902401 0.275714
0.797812 0.241896
0.906516 0.128622
0.89798 0.295239
0.904084 0.221286
0.907575 0.354943
0.845386 0.0238526
0.81961 0.511237
0.797185 0.350456
0.868414 0.305015
0.908308 -0.0370725
0.85747 -0.0598208
0.819321 0.429339
0.852182 0.425112
0.84417 -0.0887034
0.828304 -0.042832
0.885868 0.232027
0.818326 0.325681
0.870189 0.162256
0.851299 0.370149
0.887172 0.296689
0.841446 0.329643
0.88324 0.196474
0.906333 0.109025
0.89142 0.101291
0.907801 0.368152
0.89694 0.188061
0.903163 -0.00294555
0.688481 -0.175856
0.882794 0.137238
0.802864 -0.0943175
0.815219 0.34806
0.903555 0.0653374
0.906396 0.283398
0.704836 -0.152714
0.838317 0.357369
0.0374685 0.250955
0.90121 0.187173
0.857901 0.156955
0.896375 0.240125
0.849207 0.39555
0.77934 0.361936
0.902342 0.0460236
0.886349 0.176085
0.883477 0.41625
0.90642 0.293192
0.70184 -0.225177
0.887487 0.13822
0.887315 -0.0864494
0.904275 0.174049
0.894443 0.381948
0.885016 0.403092
0.766153 0.0903984
0.903898 0.152126
0.875103 -0.00651286
0.894639 0.346737
0.888782 0.317511
0.891414 0.120104
0.761317 0.049539
0.814874 0.196845
0.908867 0.185081
0.901812 0.327777
0.890596 0.364306
0.859094 0.00188706
0.044608 0.38592
0.728294 0.497915
0.842779 0.00410742
0.905669 0.116066
0.573705 0.893336
0.732953 0.391531
0.903865 0.340431
0.898826 0.224428
0.752267 0.15384
0.837857 0.543665
0.841817 0.293861
0.870856 0.520449
0.890794 0.310429
0.896905 0.225708
0.893436 0.269702
0.88331 0.474234
0.900092 0.280286
0.904774 0.321119
0.899843 -0.0227771
0.7596 0.0485765
0.853885 0.0816608
0.860722 0.261852
0.897143 0.416217
0.646043 0.0531454
0.781214 0.326776
0.905794 0.153394
0.838471 0.492548
0.780422 0.0893124
0.88613 0.296507
0.908179 0.289211
0.81032 0.239541
0.905571 -0.022477
0.843655 0.0501157
0.821188 0.233928
0.883023 0.137183
0.831417 0.134912
0.888698 0.300996
0.898223 0.0972634
0.874827 -0.0989652
0.890402 0.317989
0.907329 0.16989
0.902412 0.272586
0.875785 0.116982
0.908351 0.130533
0.846985 0.248598
0.796947 0.153834
0.853592 0.136899
0.900866 0.164211
0.820673 0.197811
0.899123 0.101915
0.867613 -0.00959103
0.89657 0.229862
0.694592 -0.237637
0.88939 0.219365
0.894113 0.201182
0.902836 0.111783
0.8679 0.0455506
0.827962 0.0710364
0.859781 0.124313
0.764062 -0.193098
0.827371 0.0242662
0.884214 0.181408
0.848157 0.225333
0.890226 0.293487
0.893182 0.254848
0.900318 0.0904483
0.852127 0.408201
0.882555 0.176921
0.693838 -0.237483
0.900918 0.324822
0.6886 -0.102827
0.90752 0.301975
0.727129 0.532661
0.868624 0.355495
0.826348 0.0859729
0.885262 0.101148
0.334743 0.641457
0.906233 0.144679
0.893328 0.472798
0.895206 0.157693
0.785852 0.561906
0.827306 0.184848
0.702553 0.0953251
0.901116 0.249388
0.814196 0.0892576
0.87427 0.164836
0.731751 0.321934
0.889796 0.396695
0.891629 0.107241
0.892892 0.055358
0.892385 0.0569118
0.90774 0.424516
0.902019 0.190755
0.88272 0.0411293
0.82285 0.330707
0.898803 0.232083
0.830552 -0.141366
0.870174 0.466741
0.812715 0.226267
0.900092 0.168252
0.897002 0.270323
0.891781 -0.0293505
0.891282 0.288107
0.903823 0.402375
0.668753 0.0309419
0.762721 0.160435
0.893304 0.373133
0.841839 0.230693
0.891417 -0.0312598
0.90611 0.281534
0.844551 -0.0778143
0.821291 0.53425
0.859988 0.204833
0.717641 0.431624
0.908445 0.175755
