0.813742 0.288386
0.853742 0.287294
0.818211 0.304388
0.877851 0.435584
0.878221 0.145619
0.904886 0.238189
0.548566 0.670048
0.851615 0.515264
0.804074 0.149154
0.907402 0.167398
0.591966 0.679295
0.801883 0.249975
0.804625 0.0157836
0.905691 0.0445257
0.848023 0.24793
0.875607 0.14655
0.808419 -0.164177
0.905015 0.372728
0.905131 0.0804284
0.776892 0.110306
0.844061 0.186803
0.862718 0.407951
0.794719 0.242256
0.885817 0.00547314
0.867743 -0.0132705
0.903797 0.414478
0.757723 0.189762
0.847495 -0.0802615
0.834517 0.389065
0.656277 -0.102166
0.857459 -0.0931649
0.870526 0.410355
0.89274 0.163192
0.894125 0.175301
0.830681 0.161665
0.857652 0.182105
0.867379 -0.0963763
0.801119 0.0236014
0.810367 -0.0252967
0.796401 0.379098
0.901292 0.263602
0.907902 0.198405
0.840149 0.391143
0.792554 0.570001
0.891815 0.0413072
0.88804 0.250405
0.866481 0.0158507
0.734801 0.397501
0.896279 -0.00859306
0.808747 -0.0571843
0.331251 0.423876
0.804171 -0.0948585
0.881401 0.0563956
0.694448 -0.0437687
0.888184 0.138301
0.841277 0.307661
0.879082 0.236957
0.89363 0.273533
0.887931 0.0834617
0.667799 -0.0214234
0.734545 0.41425
0.507631 0.775662
0.90365 0.0981566
0.892063 -0.0356795
0.89259 0.309324
0.900351 0.073851
0.907132 0.351206
0.833072 0.0737286
0.877102 0.20826
0.891835 0.148842
0.864728 0.0368795
0.823545 0.296545
0.897626 0.235389
0.44652 0.855641
0.795043 0.271691
0.894155 0.345507
0.884724 0.277859
0.865805 0.113002
0.681518 -0.181695
0.843359 0.16347
0.876832 0.28858
0.797748 0.420476
0.735794 0.396055
0.846266 0.0911272
0.717347 0.368481
0.902864 -0.024419
0.854672 0.0803088
0.901002 0.451462
0.798854 0.198444
0.762158 -0.000550864
0.839709 0.353112
0.754303 0.0140113
0.705276 -0.0246691
0.903022 -0.0114393
0.890546 0.048805
0.889858 0.339947
0.871589 0.501506
0.894278 0.420822
0.663186 -0.254244
0.906742 0.18355
0.900244 0.162988
0.727417 0.557962
0.897641 0.499079
0.895426 0.228093
0.881286 0.116035
0.840827 0.447989
0.895911 0.222033
0.87637 0.183963
0.848001 0.0854353
0.908016 0.286594
0.871704 0.446988
0.843286 0.135776
0.853792 0.255176
0.77582 0.00206768
0.905613 0.121561
0.792246 0.457026
0.775719 -0.00325583
0.881696 0.267679
0.893176 0.181489
0.900722 0.434324
0.141837 0.440706
0.906011 0.24709
0.873931 0.0329126
0.902752 -0.0435954
0.826417 0.225272
0.786377 0.539177
0.834159 0.396225
0.87477 -0.107604
0.886611 -0.0457051
0.908416 0.234474
0.899751 0.178547
0.64269 0.263086
0.604013 0.575762
0.799274 0.292766
0.683696 -0.0986901
0.901642 0.391874
0.798657 0.0568383
0.815161 0.332479
0.893621 0.333931
0.901533 0.289509
0.890621 0.282943
0.889017 0.12044
0.759512 0.103652
0.707748 -0.0366851
0.768868 -0.220278
0.880668 -0.0994707
0.868882 0.281678
0.591546 0.645331
0.899537 0.247385
0.899067 0.13577
0.899641 -0.0279987
0.900977 0.43833
0.900677 0.123747
0.844847 -0.142852
0.894994 0.0333848
0.88578 -0.0371771
0.819794 0.36291
0.526207 0.768125
0.878359 0.341583
0.901824 0.224472
0.791712 0.539513
0.745946 0.264266
0.891108 0.0968825
0.901917 0.404288
0.908873 -0.0252195
0.853714 0.153934
0.893058 0.0992526
0.829789 0.205277
0.908932 0.21598
0.884607 0.240864
0.735014 0.447208
0.906502 0.0946027
0.894509 0.344491
0.500761 0.93496
0.820346 0.336754
0.851979 0.471952
0.771498 -0.145472
0.894218 0.344267
0.901489 0.166725
0.907207 0.400844
0.847512 0.280592
0.81329 0.394563
0.813845 0.205666
0.905498 -0.0266444
0.697644 0.071731
0.896424 0.0293212
0.863333 0.133406
0.75623 0.0673684
0.844217 0.24981
0.880488 -0.0871359
0.660914 -0.177487
0.791471 0.584993
0.893732 0.482954
0.896001 0.200202
0.827858 -0.126871
0.880366 0.143503
0.85841 0.264092
0.5936 0.470156
0.878591 0.184273
0.0796305 0.426797
0.816162 0.49974
0.865261 0.0887144
0.907796 0.429521
0.84481 -0.00780593
0.88163 0.173076
0.906633 0.266577
0.904524 0.235315
0.895444 0.248005
0.753156 0.213289
0.871802 0.410605
0.890538 0.217523
0.860277 0.257027
0.906306 0.197789
0.818879 0.257379
0.878949 0.285679
0.838464 0.240365
0.880097 0.0732463
0.65088 0.118877
0.891317 0.259752
0.867847 0.237971
0.894519 0.404442
0.85594 0.175338
0.822209 0.145004
0.82551 0.0659867
0.891053 0.123619
0.876698 0.110904
0.898972 0.273011
0.882481 0.168166
0.90248 0.0246885
0.908507 0.313332
0.773649 -0.051622
0.765325 -0.0231552
0.906787 0.383536
0.885208 0.41655
0.800455 0.140612
0.69469 -0.166358
0.746883 0.254055
0.791722 0.584966
0.900026 -0.0280823
0.838631 0.35443
0.842338 0.306626
0.907654 0.116885
0.896649 0.262086
0.870965 0.434636
0.907069 0.0896475
0.879584 0.103504
0.888802 0.472126
0.881932 -0.0581749
0.644214 0.0403459
0.842954 0.130024
0.889754 0.283578
0.512152 0.670647
0.907313 0.279472
0.875307 0.0397462
0.874922 0.101691
0.899299 -0.0201044
0.906246 0.30643
0.894735 0.20379
0.79859 0.0442506
0.903848 0.377767
0.839632 0.271002
0.859893 0.0603867
0.873055 0.337663
0.883625 0.420707
0.857908 0.262142
0.855827 0.0811377
0.902382 0.042202
0.824034 0.395302
0.890307 0.223472
0.815909 0.196319
0.899144 0.0821299
0.787558 0.492023
0.902085 0.324701
0.892128 0.243638
0.896924 0.141978
0.890869 0.24652
0.906753 0.296008
0.905133 0.0115776
0.905964 0.282519
0.907827 0.140171
0.904699 0.426811
0.849944 0.358784
0.737567 0.418293
0.902452 0.0822097
0.87162 0.43345
0.418374 0.792423
0.904527 0.399789
0.90076 0.11754
0.908609 0.0324612
0.875704 0.118328
0.878635 0.217141
0.871011 0.250337
0.884879 0.314576
0.841827 0.11027
0.893271 0.108962
0.90689 0.31396
0.878393 0.156714
0.796194 0.363093
0.885588 -0.0182501
0.857214 0.203963
0.510033 0.944822
0.887602 0.248844
0.882708 0.269731
0.908109 0.0415564
0.902845 0.102239
0.526892 0.845866
0.77022 -0.0320108
0.758076 0.0926826
0.822322 0.44086
0.797383 0.440354
0.86544 0.079078
0.884511 0.181374
0.792455 0.505308
0.821777 0.222737
0.708562 0.147113
0.830561 -0.0252281
0.902809 0.108688
0.903427 0.232796
0.8699 0.146286
0.836352 0.252685
0.884047 0.391733
0.898874 0.183124
0.901619 0.303211
0.84606 0.0123627
0.849879 0.116744
0.897971 0.309398
0.778147 0.163716
0.786364 0.530701
0.829098 0.123728
0.814798 0.422624
0.803494 0.0262995
0.886007 0.0719903
0.899023 0.181524
0.887893 0.0615014
0.880031 0.120004
0.871022 0.357163
0.87653 0.173105
0.5475 0.718489
0.873476 0.15235
0.85845 0.214446
0.826587 -0.100886
0.884792 0.465175
0.876671 0.243089
0.757168 0.117935
0.886655 0.069777
0.8982 0.10887
0.885766 0.0585965
0.90312 -0.0448264
0.865743 0.278144
0.89398 0.281513
0.675096 -0.024515
0.86497 0.0885117
0.906967 0.319246
0.89771 0.344913
0.829324 -0.0811492
0.8491 0.431272
0.874401 0.116827
0.851033 0.327784
0.670043 0.0159622
0.787913 0.485847
0.868882 0.147795
0.797636 0.256783
0.902462 0.204249
0.849381 0.447306
0.870514 0.212739
0.90844 0.10588
0.777446 -0.0427961
0.715117 0.357361
0.908577 0.219974
0.792716 0.546147
0.898657 0.280643
0.791502 0.582198
0.840132 0.26395
0.867886 0.104835
0.901954 0.15403
0.89859 0.00338873
0.621472 0.266599
0.888157 0.208381
0.833504 0.0295354
0.898691 0.136599
0.908869 0.246399
0.896167 0.0235634
0.898314 0.422635
0.888992 0.504719
0.905808 -0.0805558
0.897566 0.364421
0.893502 0.22768
0.843132 0.0376418
0.781956 0.426666
0.905347 0.32087
0.797002 0.349901
0.896688 0.127782
0.895094 0.251094
0.85721 0.121609
0.895502 0.240787
0.877123 0.259203
0.834408 0.216736
0.891532 -0.0749352
0.881184 0.0674704
0.77909 0.359349
0.89587 0.186597
0.813908 0.192487
0.906718 0.326077
0.899328 0.298089
0.887248 0.0414083
0.900848 0.180236
0.82202 0.510225
0.907814 0.143513
0.89773 0.260947
0.904547 0.284804
0.826937 0.155209
0.780007 0.288599
0.822137 0.187625
0.879853 0.24476
0.866963 0.196717
0.824163 0.279922
0.893181 0.126883
0.890166 0.401665
0.900606 0.285663
0.883589 0.290616
0.906039 0.0692417
0.634318 0.440564
0.794 0.434236
0.875959 0.0137392
0.906543 0.237942
0.903605 0.381005
0.865905 0.232919
0.89042 0.0882664
0.863145 0.412594
0.87856 0.13625
0.8383 0.225051
0.594649 0.53787
0.901005 0.10362
0.902883 0.282826
0.901844 0.293733
0.884704 0.306672
0.907676 0.424706
0.902387 0.146015
0.901045 0.484013
0.812941 0.311484
0.836687 0.24545
0.729868 0.633385
0.640783 0.326023
0.64459 0.142909
0.888387 0.380661
0.824025 0.30187
0.865387 0.0243119
0.765645 0.12077
0.902035 0.135854
0.887989 0.0645506
0.907886 0.0807961
0.903649 0.108784
0.898938 0.150047
0.841911 0.150952
0.87716 0.359514
0.641319 0.301978
0.86087 0.214967
0.865874 -0.0475412
0.86722 0.222865
0.873726 0.209279
0.898947 0.288861
0.881631 -0.0968507
0.886114 0.148706
0.907205 0.451908
0.878462 0.219719
0.903531 0.166337
0.897254 0.397557
0.897031 0.306896
0.719298 0.34473
0.698832 -0.0211092
0.905265 0.0658876
0.572892 0.825415
0.771126 0.0529748
0.836202 0.181269
0.799054 0.136451
0.850243 0.44997
0.88961 0.282044
0.827962 0.186258
0.838609 0.184082
0.869936 0.432661
0.814452 0.37879
0.618571 0.334295
0.893092 0.137669
0.874679 0.240133
0.890186 0.0496931
0.880564 0.280076
0.887265 0.0369018
0.902256 0.160616
0.795241 0.250832
0.886369 0.0315433
0.883727 0.363789
0.848317 0.100911
0.76257 -0.104951
0.416969 0.810772
0.908542 0.216575
0.908003 0.152956
0.881383 -0.041255
0.903378 0.0202097
0.907121 0.287432
0.872322 0.133198
0.908246 0.248817
0.904805 0.173148
0.892814 0.392067
0.90741 0.461316
0.902959 0.28182
0.838583 0.195437
0.904724 0.273532
0.865205 -0.0467211
0.764172 -0.0255639
0.799699 0.101114
0.905307 0.0437614
0.815563 0.231589
0.907008 0.348625
0.889202 0.486432
0.863376 0.133868
0.847496 0.281091
0.87484 0.246556
0.842636 0.330461
0.853152 0.492268
0.904563 0.352239
0.782331 0.200773
0.888728 0.151881
0.843903 0.0988571
0.844323 0.0827458
0.909004 0.120444
0.882115 0.224699
0.903313 -0.034725
0.90724 0.141838
0.895196 -0.0563555
0.891038 0.0706799
0.854239 0.0552572
0.906433 0.029406
0.727443 0.60423
0.898177 0.144278
0.808822 -0.145833
0.843567 0.108246
0.776482 0.0487514
0.8931 0.326514
0.862464 0.186921
0.859261 -0.0577045
0.670686 -0.1169
0.74096 0.352042
0.772141 -0.0863626
0.845125 0.179971
0.892706 0.203089
0.875888 0.185359
0.869194 0.0620566
0.906931 0.463305
0.852518 0.515167
0.881007 0.204063
0.834779 0.249564
0.880143 0.233149
0.893332 0.266559
0.90893 0.217954
0.895343 0.283959
0.874704 0.215228
0.896918 0.236416
0.883292 0.21539
0.894866 0.101261
0.902663 0.100373
0.884814 0.290264
0.742219 0.428163
0.850868 0.264675
0.903364 0.0553542
0.711127 -0.0544972
0.880604 0.194834
0.879814 0.1533
0.797176 0.241592
0.814286 0.376698
0.902127 0.216501
0.897157 0.448808
0.884159 0.162559
0.888158 0.125941
0.84841 0.00069714
0.785962 0.407483
0.868603 0.123287
0.895273 0.227618
0.893218 0.464738
0.908951 0.267759
0.859951 0.0331724
0.734921 0.522938
0.861763 0.488892
0.867806 0.154725
0.895018 0.12307
0.902645 0.115141
0.853658 0.195311
0.863234 0.248352
0.851669 0.21233
0.902968 0.264204
0.837024 0.466412
0.89992 0.206138
0.90898 0.218737
0.9022 0.246237
0.898861 0.180104
0.890398 0.225531
0.817142 0.288039
0.852531 0.191739
0.871445 0.15444
0.887418 0.169512
0.899462 0.173674
0.738927 0.33975
0.877473 0.21254
0.848532 0.393179
0.893443 0.351825
0.873986 0.271206
0.883222 0.107178
0.868859 0.114219
0.880068 0.29171
0.828926 -0.0451969
0.886112 0.263243
0.90408 0.352733
0.885907 -0.0209652
0.86646 -0.0558492
0.896043 0.286249
0.805911 -0.144731
0.900382 0.336428
0.9061 0.102452
0.879248 0.365602
0.892053 0.258075
0.833785 0.121521
0.880233 0.250894
0.854088 0.283912
0.646438 -0.00942482
0.884325 0.173228
0.900387 0.23627
