0.865512 0.165068
0.856465 0.0194241
0.805866 -0.099445
0.908347 0.00101773
0.884243 0.182097
0.830247 0.0460695
0.743138 0.481852
0.823306 0.289737
0.776946 0.160633
0.822095 0.260167
0.879892 0.159184
0.858352 0.155783
0.874473 0.0330621
0.896998 0.189185
0.667614 -0.292484
0.812463 0.0779508
0.804212 0.096201
0.845546 -0.00430436
0.884524 0.123729
0.843861 -0.0735804
0.897063 0.262284
0.749452 0.539052
0.826703 -0.0728745
0.897262 0.202836
0.884849 0.0971868
0.885292 0.267138
0.906684 0.376353
0.888166 0.39285
0.888415 0.405156
0.901558 0.37913
0.824926 0.107893
0.905458 0.258308
0.876366 0.394202
0.83605 0.202743
0.871198 0.265765
0.898915 -0.0207966
0.898103 0.229528
0.751094 0.3014
0.907022 0.212672
0.82163 0.15162
0.908288 0.207624
0.895631 0.0957204
0.907575 0.118927
0.835027 0.296585
0.88595 0.131446
0.802616 -0.127049
0.864662 0.376846
0.882354 -0.0211266
0.908913 0.246633
0.900152 0.138327
0.908099 0.072346
0.783673 0.373361
0.757741 0.158939
0.899753 0.087192
0.876729 0.273682
0.722766 0.467964
0.899785 0.193943
0.688107 -0.209176
0.778049 0.24874
0.896066 -0.0555734
0.872737 0.0269172
0.805643 -0.0308491
0.882033 0.154032
0.884867 0.127144
0.895882 0.0141375
0.856474 0.146398
0.908983 0.313666
0.853116 0.471507
0.908661 -0.00349005
0.608005 0.672638
0.898378 0.294386
0.855355 0.0730333
0.751922 0.439904
0.899428 0.179965
0.883915 0.1588
0.90201 0.0145971
0.902434 0.274071
0.733119 0.558136
0.854389 0.218747
0.841676 0.095192
0.745003 0.446347
0.905147 0.240937
0.88675 0.0897953
0.889347 0.327867
0.813993 0.11489
0.837443 0.482477
0.879976 -0.0121589
0.58017 0.694074
0.798841 0.302938
0.903825 0.194085
0.907486 0.126741
0.906288 0.280646
0.895587 0.121447
0.779811 0.0782652
0.055902 0.324032
0.878639 0.265787
0.897077 0.399133
0.783509 0.268859
0.890314 0.33478
0.894667 0.262224
0.874503 -0.00669983
0.902401 0.309784
0.884814 0.141575
0.905671 -0.00413842
0.861427 0.489026
0.83299 0.0934232
0.678173 -0.0416956
0.772369 0.0986102
0.873108 -0.0222268
0.909052 -0.0450497
0.908632 0.145176
0.575923 0.590075
0.906575 0.34308
0.882557 0.339557
0.902211 0.0416392
0.86821 0.263309
0.773103 0.181713
0.860145 0.370015
0.893658 0.277945
0.905109 0.0389184
0.874302 -0.0361194
0.853096 0.231728
0.893097 0.446651
0.846807 0.248503
0.185689 0.235167
0.884071 0.174337
0.883054 0.135386
0.534739 0.797325
0.866789 0.0497034
0.909065 0.0128799
0.636854 0.245316
0.87588 -0.0472825
0.908659 0.0254537
0.777222 0.238367
0.907245 0.371032
0.907233 0.198717
0.897909 0.242734
0.744427 0.279685
0.877279 0.363376
0.881386 -0.0168304
0.878992 0.221716
0.891252 0.156533
0.896552 0.186688
0.872333 0.0932058
0.902623 0.285606
0.848015 0.0659884
0.810094 -0.00994879
0.875519 0.227575
0.907391 0.300197
0.882134 0.213793
0.890098 0.0869726
0.820049 0.490604
0.884101 0.300114
0.899199 0.209207
0.791347 0.412376
0.880481 0.261317
0.888281 0.254856
0.166761 0.594591
0.905446 0.147368
0.856563 0.180195
0.865385 0.0714165
0.898667 0.0322669
0.899169 0.00206996
0.833278 0.0862845
0.907313 0.427226
0.887678 0.0827929
0.86093 0.180292
0.828309 0.204783
0.861248 0.460982
0.69007 -0.150009
0.876252 0.127422
0.888459 0.153845
0.881598 -0.102471
0.903626 0.0645204
0.896905 0.388805
0.905748 -0.0298902
0.907327 0.313987
0.754801 0.37179
0.838188 0.383172
0.806085 -0.200126
0.798812 0.230224
0.884431 0.35243
0.847506 0.0740473
0.903626 0.334879
0.894664 0.103862
0.839251 0.474095
0.7311 0.53685
0.821937 0.222046
0.882675 0.37697
0.87566 0.074741
0.845249 0.0567146
0.84204 0.311645
0.776046 -0.0286183
0.831031 0.0754278
0.764407 0.143415
0.88418 0.140658
0.873638 0.199457
0.800342 -0.0556997
0.834428 0.235811
0.866988 -0.0902963
0.905923 0.214314
0.888913 0.44847
0.848296 0.32431
0.89417 0.39656
0.889589 0.172337
0.755401 0.0101741
0.90206 0.376414
0.735637 0.415408
0.85867 0.22442
0.888762 0.189199
0.892769 0.164745
0.884902 0.337817
0.884707 0.136531
0.214905 0.442129
0.874945 0.165237
0.902525 0.00929166
0.829894 -0.172797
0.889105 0.159377
0.899619 0.193819
0.888291 0.366306
0.899697 0.18906
0.898239 0.144032
0.859834 0.360671
0.901797 0.417802
0.857489 0.128363
0.871353 0.216934
0.864329 0.280692
0.879967 -0.0402088
0.886036 0.16581
0.640997 0.162442
0.873383 0.0109636
0.876569 0.0480773
0.863467 0.258521
0.906745 0.338884
0.760954 -0.0645919
0.900243 0.107525
0.902623 0.234887
0.821148 0.508673
0.844087 -0.0607272
0.883133 0.337207
0.688501 -0.048308
0.784488 0.210682
0.844612 0.171184
0.796686 0.235269
0.898146 0.141256
0.904557 0.252995
0.869835 0.182259
0.698726 0.0811801
0.869056 0.325563
0.835334 0.286776
0.0512255 0.170715
0.900323 0.139602
0.891401 0.0608018
0.900841 0.149514
0.908281 0.202556
0.574635 0.569643
0.895232 0.219863
0.770522 -0.14902
0.791541 0.523988
0.82329 0.318953
0.828574 0.0963684
0.908835 0.20026
0.884935 0.191625
0.877691 0.446283
0.829782 0.0699943
0.714727 0.077888
0.703513 -0.0269896
0.875038 0.0471199
0.901354 0.471925
0.906244 0.126012
0.877351 0.342174
0.908382 0.00518349
0.900203 0.366597
0.886287 -0.0557764
0.905284 0.00864822
0.857325 0.208444
0.844816 0.129435
0.770981 0.111162
0.865905 0.0242134
0.892712 0.335637
0.896819 0.140478
0.905457 0.315174
0.841675 0.221763
0.301069 0.491448
0.906016 0.253728
0.893253 0.291131
0.686635 -0.00791343
0.906982 0.188276
0.899582 0.198561
0.884517 0.180377
0.905005 0.22885
0.841806 0.178604
0.907808 0.260271
0.875422 0.129063
0.867039 -0.0148037
0.829461 0.0381094
0.859218 0.110808
0.879236 0.0783519
0.88207 0.0952684
0.888062 0.25984
0.876399 0.179584
0.809617 0.0959684
0.773389 0.0282085
0.874941 0.00280005
0.848723 0.272106
0.888999 0.197625
0.855337 0.206388
0.63146 0.104151
0.858124 0.209949
0.897394 0.45269
0.904015 0.389176
0.899442 0.218703
0.841858 0.10664
0.816076 0.46667
0.906115 0.198064
0.860095 0.0295871
0.832634 -0.0114303
0.786689 0.490078
0.864549 0.376504
0.897718 0.166771
0.891499 0.113092
0.877837 0.391405
0.862169 0.406845
0.859423 0.309171
0.902673 -0.0914145
0.908667 0.199517
0.740394 0.593186
0.860369 0.1619
0.755116 0.139845
0.404946 0.582099
0.861588 0.234652
0.897014 0.232363
0.860714 0.306175
0.88604 0.0311735
0.617146 0.468161
0.826655 -0.0502571
0.857937 -0.0399688
0.700753 -0.221408
0.872213 0.264686
0.900529 0.312488
0.89575 0.10465
0.908586 0.0734398
0.888311 0.295924
0.908201 -0.00844747
0.903328 -0.0585684
0.799213 0.308907
0.863124 0.199408
0.861184 0.156702
0.626822 0.386806
0.90604 0.032999
0.827817 0.162743
0.892583 0.136244
0.745913 0.47049
0.782838 0.482694
0.869437 0.104432
0.80554 0.148324
0.741231 0.363381
0.819649 0.48879
0.0618695 0.39042
0.781949 0.378064
0.894569 0.0536486
0.879281 0.421388
0.860631 0.134797
0.783365 0.521716
0.802672 0.181281
0.886492 0.22107
0.905297 0.00484752
0.815639 0.234362
0.85857 -0.00752636
0.863453 0.116863
0.869439 0.397152
0.873756 -0.0809437
0.700002 -0.151409
0.897127 0.406143
0.843018 0.246928
0.805285 0.135624
0.862423 0.460828
0.906354 0.0913972
0.823108 0.14953
0.871756 0.405993
0.904845 0.096206
0.818361 0.297891
0.550856 0.739392
0.837293 0.515349
0.853473 0.340075
0.897676 0.134397
0.87769 0.382083
0.76862 0.000834942
0.881143 0.135936
0.880276 0.23839
0.643099 -0.0394245
0.88953 0.216603
0.819585 0.50417
0.890466 0.0319285
0.894376 0.351831
0.9065 0.29817
0.763725 0.0875308
0.860978 0.30346
0.877316 0.1117
0.869048 0.332633
0.899267 0.0160679
0.904825 0.417158
0.874961 0.217503
0.90183 0.380259
0.865584 0.204737
0.899373 0.0326672
0.816976 0.217237
0.876555 0.352688
0.878827 0.318611
0.887371 0.307703
0.877035 0.35532
0.882856 0.27262
0.853721 0.30205
0.887145 -0.00443816
0.186302 0.473646
0.89831 0.204823
0.894397 0.398327
0.793717 0.346743
0.900452 0.305998
0.7621 -0.0204846
0.873598 0.0723082
0.892197 0.0354751
0.890739 0.141739
0.892125 0.0443027
0.853533 0.225934
0.695872 0.0378546
0.88136 -0.0241485
0.907474 0.413976
0.740784 0.490291
0.899622 -0.0913075
0.899608 -0.0975836
0.895944 -0.097434
0.87854 0.296491
0.889778 0.20753
0.790402 0.313931
0.779056 0.233074
0.884977 0.278755
0.900557 0.256644
0.793565 0.198668
0.888015 0.365072
0.901787 0.139104
0.857249 -0.0748473
0.877135 0.395634
0.880294 0.307384
0.897559 0.254756
0.907178 0.297037
0.894492 0.219427
0.858919 0.179695
0.903687 0.173181
0.76212 -0.0829688
0.742011 0.447764
0.886544 0.264158
0.906862 0.159106
0.908183 -0.002942
0.909063 0.337987
0.905938 0.163739
0.900535 0.065617
0.896076 0.174026
0.898763 0.298996
0.887159 0.125655
0.88751 0.178671
0.896423 0.121472
0.876475 0.228554
0.909089 0.196492
0.833464 0.283098
0.901338 0.492514
0.903102 -0.0555603
0.860153 0.13663
0.899073 0.201181
0.904292 0.239714
0.645495 0.0805615
0.905751 -0.0309325
0.87104 0.134567
0.902701 0.124382
0.871918 0.199948
0.633268 0.20802
0.908976 0.316056
0.787923 0.491441
0.90604 -0.0799196
0.816487 0.293107
0.891203 0.135697
0.77876 -0.00394018
0.87527 0.00366604
0.855618 -0.0560844
0.821409 0.203361
0.823333 0.215997
0.892068 0.134841
0.903501 0.0943822
0.84082 0.284193
0.884058 0.192885
0.830383 0.00140791
0.899403 0.140399
0.812191 0.0968867
0.764528 -0.0698889
0.908632 0.14636
0.879375 0.411717
0.845192 0.0928179
0.874059 0.104175
0.872652 0.0788503
0.896543 0.125726
0.827843 0.149593
0.683306 -0.107383
0.905662 -0.00347013
0.900923 0.140709
0.906893 0.141206
0.825807 0.106924
0.880816 0.239271
0.510588 0.803113
0.539209 0.70848
0.891216 -0.0244382
0.890139 0.086758
0.797131 0.456279
0.874372 0.00146883
0.908766 0.0855166
0.908021 0.343006
0.896211 0.203781
0.882871 0.317278
0.901926 0.0506218
0.888778 0.31838
0.884956 0.130895
0.875949 0.110292
0.902611 0.282002
0.852168 0.286463
0.699632 -0.253765
0.868207 0.0385388
0.840899 0.426221
0.893423 0.165249
0.865947 0.206791
0.898587 0.362604
0.835851 0.406484
0.726794 0.300241
0.07887 0.100142
0.881398 0.234332
0.906357 0.147075
0.860533 0.168911
0.7591 0.23346
0.840995 0.315942
0.81832 0.464247
0.863137 0.286091
0.864245 0.132637
0.0045525 0.264712
0.845677 -0.154838
0.902991 0.0128753
0.888267 0.157204
0.901402 0.347816
0.522556 0.843213
0.889104 0.498492
0.903077 0.106166
0.708154 0.0214655
0.849455 0.364098
0.881392 0.234959
0.840993 0.446806
0.901682 0.35799
0.843766 0.00774686
0.838291 0.218218
0.853638 0.226341
0.875665 0.295993
0.908425 0.153312
0.908621 -0.0483031
0.905082 0.0696592
0.643068 0.147254
0.820063 0.217037
0.732427 0.483522
0.745804 0.25755
0.707655 0.241852
0.896181 0.161765
0.8642 0.307289
0.89868 0.0381527
0.907759 0.416538
0.907988 0.375446
0.866351 0.024944
0.870271 0.293708
0.869217 0.361461
0.854205 0.370917
0.904017 0.339323
0.117453 0.455897
0.902362 0.0527621
0.444708 0.841192
0.687344 -0.165967
0.863256 0.19401
0.869305 0.160914
0.832005 0.182614
0.897179 0.391767
0.889393 0.315804
0.905615 0.219067
0.847352 0.0814877
0.884712 0.43953
0.903085 0.0284249
0.821944 0.319784
0.907513 0.212806
0.892512 0.183732
0.872713 0.338792
0.886166 -0.0180568
0.900569 0.342075
0.881577 0.0867345
0.793872 0.203574
0.794801 0.523434
0.896557 0.346403
0.907967 0.285528
0.904222 0.271792
0.87887 0.155203
0.891511 0.233464
0.777409 0.190692
0.828721 -0.0793345
0.885825 0.230892
0.89286 0.353632
0.803414 0.166189
0.858246 0.041749
0.820522 0.452465
0.500186 0.696544
0.88716 -0.000258996
0.72986 0.487659
0.907699 0.217103
0.899024 0.139799
0.865368 0.0982214
0.902438 0.281263
0.646052 -0.0529529
0.852953 0.300715
0.899006 -0.010722
0.805673 0.0538254
0.908222 0.0147267
0.878432 0.462131
0.86116 0.48964
0.885962 0.139336
0.890407 0.0882408
