0.822493 0.130837
0.858516 -0.0624722
0.882909 0.0144054
0.875972 -0.0424694
0.864742 -0.0239951
0.881052 -0.135317
0.832994 -0.0985388
0.867533 -0.184979
0.845318 -0.243991
0.898779 -0.130624
0.663358 -0.349301
0.877028 0.054782
0.847479 -0.0625502
0.902069 0.087954
0.873754 -0.0620747
0.878082 0.105318
0.872557 0.0738256
0.737128 0.34689
0.899853 0.0584526
0.908633 -0.0723042
0.881094 -0.157197
0.827082 -0.215293
0.895749 -0.193806
0.893166 0.00331655
0.897031 0.0541963
0.874883 -0.110615
0.903607 -0.0519244
0.855235 -0.0766341
0.894478 0.0109794
0.871374 0.135289
0.874854 -0.077533
0.767263 -0.304087
0.860047 -0.10952
0.908616 -0.13781
0.893175 0.0270732
0.893165 0.0913964
0.878103 0.167533
0.858609 -0.0445322
0.895769 -0.126608
0.891047 -0.13149
0.86617 -0.179803
0.89821 -0.00668724
0.905498 -0.125553
0.452749 0.488559
0.879677 0.190796
0.887213 -0.0203674
0.707946 -0.145998
0.819815 0.126065
0.860131 0.0705214
0.908193 -0.015995
0.875989 -0.0420406
0.627999 0.110097
0.819526 0.230169
0.89379 0.200498
0.853409 0.178345
0.823768 0.0959109
0.901531 0.122496
0.90362 0.0437545
0.847536 -0.0641418
0.874827 -0.156706
0.905527 -0.132009
0.895161 -0.121238
0.870134 0.0640875
0.872547 0.058237
0.905526 -0.0458222
0.908212 -0.0668888
0.835791 0.104146
0.808525 -0.139549
0.832787 -0.111485
0.868774 -0.0633639
0.899927 -0.100268
0.748879 0.110177
0.907715 0.0978663
0.907349 0.136234
0.891782 -0.0532013
0.73738 0.297954
0.658081 -0.111856
0.81198 -0.081596
0.885501 -0.0488717
0.887218 -0.116062
0.891062 -0.103771
0.909046 -0.0972898
0.89704 0.0156844
0.737448 0.32602
0.869934 0.22362
0.887205 -0.00752592
0.899937 -0.0771797
0.724146 0.167598
0.877926 0.190817
0.90156 0.159043
0.838357 0.24101
0.87368 0.00727655
0.875962 -0.0462264
0.881062 -0.144863
0.816797 0.121567
0.885506 0.0318095
0.723921 0.206317
0.874687 -0.0454163
0.877037 0.0585265
0.875966 -0.0253969
0.860221 0.0184633
0.89701 0.0566638
0.899917 -0.0292437
0.843154 -0.115699
0.898196 0.0202282
0.901037 0.106492
0.867546 -0.0842206
0.907332 0.0621884
0.89385 0.135083
0.853409 0.152174
0.896392 0.0062328
0.767448 -0.273265
0.851278 0.0446212
0.723387 0.199877
0.803477 -0.103287
0.866048 -0.158425
0.897617 0.043285
0.906 -0.0787554
0.888034 -0.0213034
0.830141 -0.188699
0.905969 -0.170403
0.879134 -0.00660504
0.7941 0.171195
0.881928 -0.0138871
0.902086 -0.0129102
0.863326 0.11473
0.89175 -0.0616113
0.708032 -0.161199
0.70452 -0.253553
0.840333 -0.0125752
0.626281 0.138086
0.903483 0.0248442
0.89764 0.118414
0.758749 -0.0865335
0.875835 -0.0950302
0.897577 0.110277
0.906883 0.122592
0.908213 0.000346518
0.886419 -0.114878
0.861798 0.0945195
0.895771 -0.0710986
0.847519 -0.110915
0.42376 0.459916
0.81101 0.0988891
0.890258 0.0561593
0.881076 -0.104742
0.867519 -0.169001
0.895136 -0.131915
0.724071 0.144082
0.854912 0.0306368
0.868803 -0.0036824
0.574531 0.532698
0.82373 0.0928709
0.868762 0.0172188
0.896401 -0.0466856
0.906903 0.0412294
0.860271 0.0498115
0.907763 0.0668672
0.724269 0.227861
0.902589 -0.175374
0.894441 0.0309926
0.902093 0.00380913
0.870143 0.114958
0.895138 -0.0186158
0.881081 -0.134936
0.775081 -0.219425
0.659314 -0.334227
0.829451 -0.311951
0.90775 -0.0759419
0.808845 -0.207675
0.889506 0.0210647
0.906452 -0.0247629
0.884726 0.0767
0.899935 -0.0435906
0.901038 0.0810884
0.902096 0.0231972
0.892481 -0.0136803
0.898807 -0.0435689
0.835765 0.111849
0.847392 -0.0440986
0.898199 0.0486336
0.904109 0.101265
0.904112 0.122831
0.895798 -0.0612587
0.863317 0.095617
0.85339 0.15733
0.888775 0.163384
0.901032 0.163083
0.577296 0.597147
0.842401 0.190177
0.880062 0.0210897
0.898799 -0.0283261
0.885576 -0.0380888
0.909043 -0.0712887
0.904114 0.0542386
0.906458 -0.0104321
0.905542 -0.0764054
0.905073 -0.0117035
0.871356 0.125612
0.888789 0.152371
0.904588 0.154324
0.906003 -0.0344582
0.903121 -0.0822017
0.820521 0.147515
0.89759 0.163446
0.871377 0.196295
0.662462 -0.207326
0.851073 0.0630712
0.881038 -0.0996945
0.847488 -0.123915
0.904084 0.0278386
0.899385 -0.0934667
0.894507 0.000609361
0.904591 0.0936371
0.908212 -0.0110155
0.892486 -0.0267883
0.88557 -0.0367083
0.864756 -0.0230425
0.737026 0.307382
0.773978 -0.0626439
0.820054 0.15803
0.855085 0.0207824
0.863256 0.1299
0.774944 -0.115983
0.757553 -0.144177
0.868675 -0.0860733
0.897015 0.0157709
0.838345 0.183547
0.73668 0.387442
0.808084 -0.0316137
0.804356 -0.262458
0.845177 -0.271426
0.881033 -0.23315
0.87809 0.0371984
0.870113 0.125365
0.881057 -0.075886
0.887872 -0.0731659
0.907775 0.0159779
0.907349 0.10348
0.851551 0.205881
0.891742 -0.0250997
0.905985 -0.159295
0.897038 -0.00945126
0.874883 -0.136074
0.889557 0.0488902
0.905534 -0.0511238
0.866191 -0.149326
0.804163 -0.265356
0.901521 -0.021499
0.871382 0.122341
0.90048 0.0699488
0.708199 -0.106079
0.903022 -0.133364
0.907782 -0.00903332
0.882035 -0.0786438
0.887215 -0.128074
0.840779 0.0137872
0.90359 -0.00527931
0.864782 -0.0130089
0.905975 -0.165642
0.905542 -0.138445
0.775268 -0.217407
0.845403 -0.185388
0.853318 0.0279608
0.885537 -0.0100603
0.902088 -0.0117349
0.875993 -0.0510432
0.873724 -0.114347
0.884698 0.0424065
0.880104 -0.0434846
0.888813 0.0785993
0.906451 -0.00179969
0.898815 -0.0403184
0.891775 -0.123785
0.823899 -0.0318555
0.874801 -0.143198
0.808699 -0.236368
0.908171 -0.133814
0.823954 -0.038822
0.799082 -0.0444429
0.891704 -0.125001
0.908629 -0.145341
0.85866 -0.167891
0.840709 0.00158486
0.858546 -0.113105
0.748415 0.113296
0.564204 0.587919
0.869713 0.307102
0.875958 0.0733143
0.903107 -0.0596944
0.838361 0.153568
0.758172 -0.055023
0.832643 -0.0854872
0.880044 -0.0378685
0.907337 0.0811058
0.858657 -0.0773884
0.830053 -0.210886
0.835579 0.0330481
0.881967 -0.0664697
0.748678 0.127278
0.808138 -0.135028
0.904065 0.0199736
0.767514 -0.268725
0.890961 -0.187871
0.864764 -0.084267
0.883813 0.0858186
0.897628 0.141847
0.8088 -0.12111
0.866055 -0.166168
0.888785 0.0351647
0.90554 -0.0614577
0.896424 -0.0756087
0.883841 0.091561
0.823872 0.0557128
0.898185 0.0898602
0.861816 0.177649
0.879089 0.136221
0.901561 0.137174
0.45078 0.591307
0.908863 0.158932
0.816904 0.247692
0.660681 -0.164487
0.815946 0.0771987
0.851373 0.188468
0.736851 0.390681
0.808085 -0.0303088
0.883851 0.113549
0.775102 -0.119643
0.833049 -0.0128843
0.892433 -0.0346293
0.873743 -0.109878
0.907769 0.00216238
0.8958 -0.109655
0.861812 0.0975931
0.843065 -0.05843
0.86173 0.112549
0.816722 0.221328
0.876975 0.157707
0.863289 0.183881
0.880109 -0.076793
0.849444 0.131374
0.868854 0.0439094
0.873376 0.162465
0.866139 -0.0578697
0.902594 -0.111442
0.907782 -0.000238188
0.905543 -0.0724495
0.893158 0.133069
0.874879 -0.0789685
0.820419 0.149397
0.781635 0.125162
0.823525 0.087573
0.868762 0.0150734
0.799316 -0.0332982
0.847314 -0.106022
0.793919 0.134394
0.832745 -0.00417393
0.905508 -0.0671297
0.883849 0.0956065
0.872562 -0.0232865
0.89449 0.0308913
0.827125 -0.142347
0.893795 0.0516454
0.899941 -0.0532419
0.867544 -0.14813
0.884692 0.0291841
0.887217 -0.0848639
0.906899 0.0250866
0.905542 -0.0622384
0.901575 0.0570991
0.907347 0.119742
0.833069 0.00756476
0.889525 0.106862
0.907776 0.0878874
0.875999 -0.0106362
0.830105 -0.184331
0.90818 -0.115054
0.886419 -0.161036
0.894499 -0.0253502
0.882942 0.0338007
0.867521 -0.113557
0.895136 -0.109738
0.57679 0.488431
0.879958 0.0993209
0.812898 0.0485375
0.88634 -0.087627
0.885565 -0.0602988
0.82388 -0.0153434
0.902572 -0.0910494
0.888031 -0.026612
0.892471 -0.0349313
0.868853 -0.0251008
0.905525 -0.078818
0.882952 0.0138067
0.904102 0.0860095
0.883848 0.156761
0.76734 -0.21149
0.747393 0.0921341
0.877063 0.00242167
0.895781 -0.108473
0.901036 0.0548395
0.891777 -0.0857318
0.724019 0.16142
0.900399 0.0702635
0.685109 -0.422345
0.823197 -0.114034
0.892426 -0.0760191
0.88294 0.0132712
0.775095 -0.159882
0.858437 -0.18154
0.84744 -0.15905
0.902068 -0.0675779
0.906905 0.0334103
0.880126 -0.0499527
0.884703 0.0678628
0.877048 0.105137
0.905891 -0.205988
0.882953 -0.0370151
0.441453 0.551735
0.842084 0.195305
0.902582 -0.00824688
0.851542 0.16083
0.870079 0.171557
0.906443 0.0340226
0.724248 0.214277
0.895683 -0.0183703
0.767442 -0.283018
0.89442 -0.0643422
0.884716 0.0614346
0.855201 -0.0282529
0.899357 -0.112932
0.861818 0.0966555
0.898789 0.0038612
0.860258 0.0336322
0.907763 0.060396
0.886419 -0.0908211
0.875976 -0.0842154
0.89578 -0.14309
0.884717 0.0298714
0.885564 -0.0131028
0.849546 0.0715915
0.880069 -0.027268
0.832991 -0.0554717
0.849592 0.0386422
0.424796 0.520973
0.899678 0.11532
0.904561 0.0758384
0.888033 0.0403697
0.855207 -0.0372123
0.823935 -0.0138525
0.842976 -0.0965133
0.774789 -0.209384
0.895076 -0.138018
0.576785 0.477123
0.815622 0.319941
0.908174 0.0880447
0.901576 0.117144
0.90554 -0.0249265
0.853431 0.0872112
0.880073 -0.0215221
0.881091 -0.160002
0.84311 -0.164774
0.906879 -0.011063
0.872371 0.124637
0.89315 0.128226
0.909047 -0.00438752
0.904071 0.131647
0.866189 -0.0760494
0.707544 -0.174281
0.898699 -0.0879322
0.767468 -0.311218
0.890961 -0.204864
0.88011 -0.143202
0.812899 -0.0484404
0.881946 -0.100528
0.907338 0.0560995
0.819997 0.161275
0.842967 -0.0257872
0.873685 -0.10003
0.883821 0.0801556
0.707881 -0.106759
0.877049 0.0433748
0.871389 0.226855
0.885552 0.0673065
0.902604 -0.0629243
0.794233 0.14648
0.868724 0.0348858
0.892458 -0.0121543
0.446229 0.52616
0.890726 0.162373
0.827113 -0.0891112
0.880047 -0.0886499
0.895731 -0.136916
0.890112 0.157443
0.895789 -0.0469227
0.872578 0.0109159
0.908198 -0.0410315
0.904598 0.0770226
0.808831 -0.146661
0.867421 -0.186807
0.8964 -0.128389
0.897636 0.0567763
0.885575 -0.00390701
0.87487 -0.133568
0.627945 0.0739947
0.904462 0.122177
0.886416 -0.0658325
0.905064 -0.00589367
0.908212 -0.0508733
0.877073 0.0606914
0.898216 0.0889069
0.895794 -0.0746214
0.827129 -0.184775
0.816589 0.0966651
0.803925 -0.159183
0.88802 0.062506
0.88802 0.0331504
0.909044 -0.042672
0.866196 -0.14635
0.902594 -0.146838
0.904595 0.034683
0.898814 -0.0255257
0.858643 -0.120541
0.835656 0.0741238
0.860157 0.0521505
0.816716 0.196908
0.900993 0.171356
0.808815 -0.109123
0.907306 0.0504578
0.775282 -0.141599
0.892392 -0.0915673
0.868853 -0.0477653
0.902595 -0.107617
0.57743 0.488757
0.875636 0.117291
0.901025 0.143709
0.748891 0.207548
0.823413 0.126429
0.900454 0.0665981
0.663413 -0.271097
0.734391 0.188528
0.890937 -0.0016413
0.8781 0.130224
0.897625 0.159331
0.688494 -0.322318
0.881829 -0.218106
0.885561 -0.111944
0.899936 -0.119014
0.909049 -0.102947
0.908214 -0.090077
0.737595 0.284806
0.705085 -0.0667003
0.876855 0.0280182
0.851491 0.173394
0.856885 -0.0800736
0.774896 -0.200864
0.879995 -0.126603
0.881066 -0.177249
0.804234 -0.278857
0.893103 -0.0403644
0.899379 -0.120081
0.866182 -0.1762
0.895774 -0.17954
0.89938 -0.175913
0.44969 0.464775
0.876582 0.207488
0.868832 0.0698325
0.899365 -0.0745269
0.891057 -0.123444
0.898806 -0.0873214
0.845274 -0.209558
0.891018 -0.17202
0.758685 -0.200758
0.883718 0.0315855
0.902087 0.00510269
0.85825 -0.257501
0.888778 -0.00209593
0.835738 0.126706
0.902062 0.0478773
0.830184 -0.161144
0.799115 -0.0948195
0.899325 -0.13615
0.90821 -0.102425
0.880127 -0.104455
0.907337 0.0544739
0.847544 -0.0594596
0.899353 -0.12495
0.788476 0.191353
0.899319 -0.0210346
0.901571 0.0737429
0.908211 -0.0186833
0.629552 0.104798
0.765155 -0.200579
0.89507 -0.133452
0.884711 0.139893
0.898221 0.120165
0.905538 -0.0234099
0.816891 0.174204
0.845205 -0.0974665
0.891737 -0.146411
0.893839 0.0513275
0.878103 0.151534
0.878087 0.190947
0.874862 -0.0554385
0.902083 -0.0288349
0.893846 0.0985673
0.898791 -0.0149603
0.889575 0.0970408
0.866168 -0.0882205
0.827034 -0.185152
0.89511 -0.133988
0.907778 -0.00879616
0.830111 -0.112879
0.415056 0.448773
0.698918 -0.0933177
0.901991 -0.0266537
0.855232 -0.0662662
0.877016 0.0476635
0.870111 0.12942
0.863278 0.172814
0.707488 -0.0755681
0.907697 0.0261147
0.898815 -0.0292863
0.767469 -0.287774
0.894508 0.0501752
0.897634 0.12811
0.827135 -0.103997
0.899692 0.115057
0.688544 -0.340137
0.901972 -0.0863871
0.782197 0.0521428
0.623479 0.190392
0.896248 0.00559206
0.895793 -0.107878
0.882943 0.000953037
0.855238 -0.0749172
0.868806 -0.0938505
0.90689 0.0197447
0.833067 -0.0325049
0.881965 -0.092853
0.901562 0.0454692
0.85154 0.182239
0.767063 -0.197272
0.886302 -0.182116
0.905533 -0.143227
0.794056 0.202373
0.877999 0.207704
0.76729 -0.190384
0.895711 -0.181745
0.900482 -0.0661853
0.879128 0.0355301
0.907337 0.110438
0.89385 0.154383
0.901568 0.144053
0.868865 0.0476576
0.883817 0.138884
0.838311 0.232343
0.893803 0.201748
0.896417 0.0288606
0.88201 -0.130773
0.907773 -0.00670422
0.883851 0.11994
0.908626 -0.0470326
0.88637 -0.0783424
0.901031 0.0662211
0.84753 -0.0554295
0.687276 -0.405566
0.883654 -0.0554784
0.893158 0.057371
0.887224 -0.0733388
0.855206 -0.0825658
0.884681 0.0559903
0.830131 -0.157753
0.908603 -0.155838
0.878119 0.0692971
0.758559 -0.100434
0.907719 0.0130263
0.907349 0.102298
0.874895 -0.0916335
0.827062 -0.188008
0.89699 -0.0295388
0.767453 -0.287648
0.849305 -0.0580001
0.864726 -0.0220772
0.774956 -0.176568
0.890231 -0.0502371
0.856953 -0.173078
0.898204 -0.00348712
0.885575 -0.0280811
0.879113 0.0519888
0.820434 0.201691
0.847359 -0.00978734
0.847416 -0.0915236
0.898199 0.0296623
0.898231 0.10425
0.909049 -0.0137262
0.748981 0.142974
0.854957 0.0261882
0.8407 0.0796994
0.687109 -0.351152
0.89579 -0.167453
0.904592 0.0264162
0.856978 -0.143733
0.883806 0.0614716
0.788379 0.263691
0.736026 0.414628
0.904099 0.116984
0.843163 -0.0579244
0.884671 0.0664138
0.907339 0.122958
0.897642 0.157847
0.838347 0.240398
0.891732 -0.0112354
0.883837 0.116973
0.88107 -0.0800422
0.899372 -0.13522
0.823733 -0.0271832
0.748025 0.154609
0.837962 0.234018
0.904515 0.249629
0.88109 -0.0281843
0.887214 -0.107918
0.849555 0.0963463
0.816675 0.21283
0.816548 0.253975
0.788441 0.320593
0.902554 0.0461607
0.823935 0.0341803
0.881956 -0.0667682
0.883828 0.0940558
0.906449 0.00402097
0.895799 -0.108865
0.906455 -0.0762778
0.903123 -0.119184
0.89106 -0.141684
0.905066 -0.036618
0.847539 -0.0961372
0.879074 0.0278719
0.880098 -0.0485714
0.897023 0.0320168
0.658729 -0.221146
0.900907 -0.00712583
0.872584 0.0262528
0.688137 -0.378444
0.88786 -0.166026
0.899937 -0.140553
0.823926 -0.0400336
0.904557 0.0771641
0.883849 0.153256
0.87136 0.192135
0.886389 -0.0350797
0.843122 -0.115713
0.572328 0.489683
0.779929 0.196496
0.903621 -0.0232759
0.898232 0.0538508
0.901037 0.119944
0.864779 0.0374398
0.767176 -0.256842
0.849305 -0.045724
0.863247 0.103506
0.905984 -0.0540834
0.748897 0.205683
0.865971 -0.0285446
0.899925 -0.0864552
0.881086 -0.162351
0.707828 -0.204543
0.704516 -0.270949
0.904499 -0.0155669
0.808831 -0.183702
0.835608 0.141877
0.855113 0.0118202
0.847433 -0.0820587
0.901009 0.061959
0.863325 0.144716
0.860201 0.0845889
0.864719 0.0290493
0.845312 -0.158221
0.832892 -0.113246
0.804003 -0.245704
0.892412 -0.130499
0.748795 0.0995832
0.906837 0.0857296
0.85155 0.198742
0.793943 0.255905
0.872456 0.143627
0.877035 0.133854
0.893829 0.163136
0.838337 0.242384
0.903088 0.0075048
0.860265 0.0357426
0.835661 0.136918
0.868778 0.0363652
0.838273 0.190825
0.905972 -0.0187317
0.904113 0.0749945
0.851545 0.194242
0.573051 0.613076
0.904436 0.337641
0.908635 0.0391772
0.904114 0.0983895
0.864783 0.0283849
0.853354 0.11188
0.888775 0.1452
0.820469 0.238774
0.895106 0.0362943
0.895154 -0.0527869
0.909047 -0.0766935
0.445516 0.473742
0.897364 0.275689
0.881083 -0.0173438
0.906896 0.0515125
0.877071 0.101475
0.902084 0.0337131
0.804335 -0.197768
0.876962 -0.0115378
0.823848 0.015713
0.799082 -0.0226043
0.840564 0.0674705
0.847402 -0.0613409
0.87252 0.0106505
0.905988 -0.0913833
0.794253 0.134781
0.892406 0.0207752
0.830154 -0.171904
0.571216 0.468115
0.901924 0.2105
0.820516 0.26462
0.820222 0.287965
0.895106 0.0559975
0.748825 0.173645
0.883709 0.180637
0.905063 0.0929181
0.904596 0.130593
0.737547 0.372721
0.757189 0.062313
0.819745 0.0314147
0.898182 0.0803694
0.897637 0.140366
0.867541 -0.0707199
0.788278 0.208481
0.803788 -0.110018
0.888736 0.0518216
0.853399 0.119289
0.901013 0.142923
0.888812 0.162059
0.663032 -0.228151
0.889561 0.0481563
0.804275 -0.190027
0.85135 0.0806965
0.861743 0.16907
0.893143 0.144877
0.897634 0.165924
0.908632 -0.0292219
0.900482 -0.0505457
0.871381 0.110716
0.906892 0.101816
0.845406 -0.131488
0.888768 0.0471123
0.812935 0.029467
0.892419 -0.0195872
0.906901 0.0516911
0.863333 0.140397
0.8872 -0.0410103
0.905064 0.00397072
0.663563 -0.298034
0.867223 -0.249444
0.878076 0.0300928
0.880097 -0.047554
0.873725 -0.0443698
0.576376 0.556409
0.90764 0.286972
0.708336 -0.0172232
0.83786 0.163937
0.707002 -0.0863852
0.907697 0.0218178
0.830201 -0.171615
0.878037 0.059648
0.758558 -0.10427
0.893749 0.0654885
0.905536 -0.0448698
0.663579 -0.317763
0.773416 -0.322974
0.874744 -0.258377
0.901558 -0.0205517
0.887231 -0.10426
0.893836 0.0680967
0.868855 0.0162852
0.891035 -0.0840525
0.724007 0.161841
0.859977 0.070283
0.881047 -0.0973283
0.688091 -0.424102
0.90497 -0.132807
0.724225 0.147048
0.871163 0.188681
0.899928 0.000647445
0.896421 -0.0511555
0.860254 0.0112662
0.835703 0.0923146
0.908183 -0.00493292
0.874896 -0.134547
0.905058 -0.032427
0.823944 0.00229384
0.903081 -0.0886953
0.891779 -0.143154
0.799436 -0.101938
0.872463 -0.000134472
0.909038 -0.0567563
0.906005 -0.118966
0.858655 -0.157495
0.627164 0.0717924
0.904941 0.0705877
0.788096 0.319811
0.863155 0.251925
0.68875 -0.361341
0.618976 0.0674628
0.862902 0.157077
0.707619 -0.126553
0.823273 0.000226289
0.884654 0.0906098
0.894498 0.0754536
0.884716 0.117349
0.880104 -0.0135097
0.823859 0.0143579
0.867441 -0.122183
0.433721 0.467263
0.874359 0.0662548
0.900482 0.0478239
0.874887 -0.113251
0.880094 -0.10448
0.896408 -0.0945802
0.788457 0.203079
0.866027 -0.0341472
0.687725 -0.398034
0.903012 -0.250379
0.877067 -0.0197854
0.855188 -0.059511
0.898785 -0.057893
0.891057 -0.116732
0.903115 -0.135541
0.85865 -0.164295
0.855154 -0.114354
0.868804 -0.0616478
0.907332 0.0712555
0.898815 -0.011191
0.891743 -0.0763795
0.860247 0.00046585
0.884686 0.0889659
0.907339 0.13198
0.662419 -0.261639
0.79824 -0.0960291
0.858475 -0.154641
0.774908 -0.230468
0.891687 -0.199306
0.723866 0.193689
0.899282 -0.0161733
0.874886 -0.138819
0.86883 -0.0689074
0.873715 -0.120578
0.849522 0.0266178
0.832904 -0.038657
0.899345 -0.115739
0.90411 0.0356158
0.820524 0.194621
0.896371 0.0209336
0.901036 0.106644
0.88723 -0.0533967
0.890315 -0.0127597
0.838328 0.171906
0.880058 0.0143076
0.856935 -0.146327
0.748397 0.100328
0.687728 -0.452728
0.720835 -0.0543245
0.835284 0.0768098
0.748498 0.10534
0.906837 0.0880042
0.794257 0.206457
0.787821 0.308837
0.905487 0.0622022
0.888815 0.130188
0.90209 0.0440414
0.890326 0.0246549
0.808768 -0.168383
0.816518 0.100179
0.774587 -0.134408
0.816386 0.108105
0.816547 0.212037
0.908598 -0.00734724
0.905043 0.0189145
0.86619 -0.121254
0.832951 -0.0952196
0.774713 -0.210269
0.799524 -0.112363
0.907302 0.0488819
0.889581 0.122473
0.894501 0.087793
0.903117 -0.0536914
0.823937 -0.00586195
0.883776 0.114241
0.899374 -0.0576716
0.758766 -0.157478
0.758741 -0.0566302
0.888777 0.0701558
0.909045 -0.0278321
0.899949 -0.0844094
0.877064 0.0462054
0.866151 -0.107112
0.853357 0.0575688
0.877014 0.0969543
0.871352 0.169573
0.888789 0.169955
0.847504 -0.0152339
0.902099 -0.0710284
0.899384 -0.132893
0.88472 0.0337806
0.909043 -0.0425831
0.775295 -0.178573
0.907726 -0.0192589
0.886419 -0.12268
0.866164 -0.175745
0.627526 0.0610802
0.899913 -0.115713
0.856776 -0.0661451
0.891745 -0.133933
0.870123 0.0478893
0.882004 -0.155412
0.767324 -0.336129
0.895071 -0.187907
0.901035 0.0230153
0.827146 -0.146616
0.706797 -0.213669
0.901995 -0.0755703
0.843158 -0.134585
0.894507 0.0266532
0.877058 0.0899244
0.873725 -0.0580956
0.867496 -0.106154
0.885549 -0.0654251
0.905064 -0.00565879
0.904112 0.0801448
0.872588 0.0607968
0.867507 -0.102907
0.856913 -0.192062
0.907762 -0.0296758
0.843172 -0.117217
0.849459 0.0228488
0.864704 0.00586625
0.832947 -0.0446021
0.887976 -0.0159737
0.851513 0.156636
0.858564 -0.0504505
0.81281 -0.0157742
0.866061 -0.124496
0.886384 -0.161289
0.860238 -0.0343115
0.887197 -0.110985
0.863304 0.0760364
0.662198 -0.252127
0.903993 -0.0395492
0.898813 -0.0551538
0.833044 -0.0637178
0.895114 -0.0860653
0.83834 0.142748
0.866097 -0.0640307
0.867498 -0.152932
0.877029 0.0145878
0.895142 -0.0595101
0.863316 0.0963402
0.889548 0.141999
0.907776 0.101941
0.89033 0.0185729
0.898224 0.071326
0.899382 -0.0757158
0.905539 -0.101869
0.908635 -0.136673
0.788534 0.187996
0.899319 -0.0223809
0.816867 0.173585
0.908174 0.0293828
0.823954 0.0264563
0.838157 0.185338
0.890083 0.250238
0.898805 0.0622561
0.908632 -0.0707387
0.895801 -0.138845
0.895154 -0.122918
0.816851 0.13268
0.889512 0.157108
0.898224 0.126785
0.899943 -0.0230049
0.898811 -0.0481009
0.835765 0.110037
0.871382 0.150049
0.883819 0.180021
0.907339 0.168376
0.843171 -0.0379232
0.908609 -0.108457
0.853437 0.053547
0.838233 0.197176
0.661379 -0.193417
0.807749 -0.268047
0.903055 -0.146781
0.860265 -0.0259768
0.905521 -0.0783794
0.858654 -0.141289
0.885541 -0.0784072
0.816817 0.148354
0.903615 -0.0682578
0.907347 0.0696604
0.808844 -0.149457
0.905497 -0.123047
0.904113 0.0332272
0.892483 -0.00947792
0.891052 -0.0967324
0.899939 -0.112705
0.891058 -0.138773
0.88011 -0.116778
0.870115 0.0640229
0.904095 0.10498
0.688651 -0.344401
0.892331 -0.180864
0.866125 -0.150375
0.774966 -0.227692
0.905011 -0.0614241
0.909051 -0.07966
0.900501 -0.00693624
0.882028 -0.0782748
0.66281 -0.32151
0.904479 -0.0359188
0.74893 0.135008
0.854957 0.02301
0.758333 -0.112131
0.82975 -0.223943
0.891726 -0.196934
0.889569 0.0243384
0.663057 -0.283549
0.881805 -0.204239
0.8988 -0.118645
0.904593 0.0459486
0.897035 0.0445759
0.816858 0.199989
0.892421 0.0489918
0.906453 -0.0133804
0.830197 -0.185684
0.853289 0.0290901
0.868801 -0.004509
0.662378 -0.286594
0.901445 -0.0262892
0.897639 0.0978618
0.804314 -0.171411
0.855113 0.00301888
0.887193 -0.0962046
0.89316 0.0414538
0.758706 -0.115999
0.766265 -0.304996
0.838009 0.0507963
0.905041 0.0447595
0.872589 0.0465371
0.908198 -0.0267842
0.708347 -0.142566
0.756904 -0.135207
0.840337 0.0323958
0.90154 0.0966566
0.868865 0.0286956
0.870101 0.120831
0.823825 0.0698971
0.863209 0.150672
0.87595 0.010104
0.891759 -0.103517
0.887223 -0.137735
0.901031 0.0425247
0.884722 0.10387
0.881071 -0.0853349
0.90361 -0.0412471
0.906906 0.0440891
0.878118 0.169557
0.775058 -0.0980418
0.781323 0.0143419
0.902034 0.00829233
0.877066 0.0835562
0.737187 0.351222
0.89929 0.0460303
0.875988 -0.000101992
0.908623 -0.0947168
0.688761 -0.42452
0.734723 0.12963
0.808076 -0.134845
0.895126 0.0466371
0.788449 0.259381
0.838066 0.277301
0.804028 -0.0902961
0.886333 -0.142418
0.886401 -0.170154
0.812925 -0.0579265
0.905961 -0.117802
0.887234 -0.143029
0.883833 0.0639314
0.901041 0.0605495
0.860262 0.0566494
0.723527 0.207724
0.829645 -0.095709
0.799112 -0.0685203
0.898752 -0.0554696
0.866181 -0.150283
0.900477 -0.0396413
0.799481 -0.0625544
0.893777 0.0830031
0.804295 -0.176749
0.838107 0.103388
0.875923 -0.0112731
0.871351 0.126275
0.853367 0.150497
0.774869 -0.109127
0.904533 0.049377
0.909051 -0.0353633
0.823957 0.000399811
0.87803 0.128188
0.905529 -0.0183456
0.898814 -0.0468377
0.878108 0.11248
0.847482 -0.0393565
0.906881 0.0395191
0.864787 0.00444676
0.909035 -0.0553041
0.904114 0.0606319
0.89764 0.13276
0.688494 -0.332947
0.878065 0.0773583
0.891042 -0.060549
0.897029 0.0284184
0.87258 0.0409113
0.707666 -0.12567
0.746725 0.138365
0.888691 0.145857
0.90209 0.0503212
0.788493 0.261854
0.835467 0.214966
0.858537 -0.0280596
0.89513 -0.0745651
0.872577 -6.59664e-05
0.871347 0.130738
0.902597 -0.0364152
0.840825 0.056774
0.905517 -0.0115305
0.89178 -0.112299
0.895152 -0.111864
0.887227 -0.122223
0.903613 -0.0554399
