0.898949 0.0790753
0.853986 0.358565
0.668214 -0.0223456
0.90732 0.214216
0.791067 0.424437
0.801302 0.162696
0.769924 -0.153722
0.870646 0.269724
0.739803 0.694544
0.822533 0.44362
0.908067 0.0541164
0.902391 0.235367
0.852839 0.419504
0.713809 0.226475
0.855869 0.0559822
0.903499 0.266399
0.882243 -0.0165579
0.904381 0.144954
0.895552 0.0608762
0.645695 0.0430369
0.908946 0.00253497
0.902197 0.196108
0.90085 0.14778
0.867462 -0.0955453
0.748597 0.455973
0.896219 0.0384514
0.881171 0.105806
0.900049 0.108505
0.79422 0.542779
0.795951 0.358065
0.877625 0.341278
0.881023 -0.0585144
0.890827 0.201421
0.900964 0.440025
0.878446 0.425932
0.866027 -0.0132188
0.850377 0.184535
0.900169 0.248321
0.881654 0.0377819
0.854395 0.187214
0.884511 0.250882
0.828101 0.195623
0.83622 0.256756
0.903223 0.0148958
0.871484 0.317644
0.897757 0.297375
0.845562 0.212258
0.904944 0.413389
0.869632 0.111737
0.890949 -0.065126
0.693577 -0.0226265
0.902087 0.218237
0.901931 0.274313
0.873573 0.321269
0.768608 -0.0989894
0.855522 -0.0533154
0.887162 -0.00782374
0.895704 0.205795
0.85097 0.228355
0.907877 0.0815318
0.870756 0.353622
0.871411 0.417723
0.77647 0.0667462
0.908255 0.334869
0.840798 0.142053
0.860883 0.39765
0.898124 0.13238
0.895059 0.194013
0.905764 -0.0565601
0.87859 0.222695
0.902357 0.0546441
0.898214 0.367354
0.892945 0.0916119
0.684623 -0.313611
0.908646 0.114258
0.901927 0.0787185
0.800772 -0.0700469
0.87547 0.289965
0.899943 -0.0526216
0.874377 0.184812
0.78201 0.125204
0.566449 0.769395
0.847376 0.00564012
0.903454 0.0651931
0.819756 0.235764
0.652905 0.0514236
0.907537 0.208093
0.899549 0.050867
0.907733 0.345906
0.88436 0.218539
0.831247 0.147298
0.80537 -0.210901
0.820291 0.556796
0.905111 0.214825
0.89671 0.348332
0.812446 0.173898
0.897655 0.323715
0.851127 0.19401
0.856735 0.124336
0.886259 0.167575
0.871858 0.21481
0.890333 0.393134
0.907335 0.156821
0.899091 0.151466
0.894422 0.391154
0.842472 0.071757
0.82124 0.242576
0.843908 -0.00358968
0.889462 0.318348
0.869396 0.271046
0.89695 0.431191
0.901108 0.255115
0.750005 0.493424
0.908946 -0.0554786
0.884787 0.260926
0.652747 0.140658
0.807437 -0.0628438
0.89119 0.256514
0.907716 0.185782
0.887343 0.212876
0.902248 0.00231239
0.693529 -0.191195
0.843995 -0.0792247
0.891558 0.130625
0.907205 0.129959
0.803131 0.115121
0.842678 0.272567
0.867535 -0.0124725
0.859757 0.297778
0.896006 0.298433
0.88225 0.140901
0.74503 0.326816
0.855173 0.339725
0.866027 0.255895
0.871633 0.48865
0.21291 0.311725
0.882599 0.120229
0.840034 0.46285
0.847478 0.172337
0.882503 0.0146646
0.907182 0.240145
0.885625 0.345895
0.885735 0.119176
0.84713 0.1754
0.860058 0.184047
0.899543 0.267668
0.61657 0.550094
0.885205 0.108928
0.905641 0.114199
0.732093 0.485842
0.844904 0.154409
0.888334 0.304118
0.838543 0.192721
0.877501 0.340968
0.883861 0.265304
0.85846 0.136631
0.299496 0.438223
0.882449 0.363812
0.885129 0.241804
0.891662 0.0579963
0.847349 0.264842
0.647281 -0.0259172
0.873242 0.0958145
0.892138 0.241718
0.827354 0.116967
0.846469 0.125162
0.603044 0.393942
0.90764 0.0885527
0.895894 0.120503
0.647054 -0.0219919
0.86694 -0.112632
0.820215 0.282752
0.903738 0.212129
0.864008 0.405482
0.666257 -0.311374
0.743266 0.637556
0.897642 0.467923
0.907974 0.215115
0.882336 0.279343
0.785074 0.488692
0.898622 0.199542
0.802756 0.20482
0.891619 0.109974
0.888973 0.204229
0.773284 -0.191849
0.783728 0.522796
0.832446 -0.00234545
0.909012 0.322084
0.869306 0.316339
0.8443 0.135495
0.907665 0.184774
0.640723 0.179736
0.79993 0.0246372
0.825302 0.208208
0.883024 0.191953
0.871379 0.317732
0.892548 0.216732
0.890273 0.171974
0.889506 0.343805
0.880276 0.259486
0.900607 0.281837
0.891837 0.193591
0.900689 0.147069
0.871381 0.486173
0.530236 0.918436
0.819407 0.410195
0.871724 0.127632
0.774171 -0.0893665
0.852011 0.437834
0.883623 0.396344
0.848969 0.0912238
0.886797 0.268561
0.795425 0.158503
0.886968 -0.0551778
0.909015 0.257731
0.905469 0.259936
0.876774 0.0938341
0.835925 0.342251
0.903782 0.346389
0.87808 0.45407
0.873238 -0.0311069
0.89669 0.153469
0.9077 0.146677
0.719825 0.155158
0.891177 0.0544529
0.866788 0.263968
0.886372 0.0669251
0.839478 0.527302
0.831794 0.235773
0.902028 0.196799
0.899659 0.276912
0.903335 0.243529
0.812984 0.362148
0.891606 0.173718
0.870243 0.219014
0.899529 0.187958
0.906182 0.156335
0.836734 0.496167
0.89121 0.118
0.877874 0.2329
0.890038 0.417274
0.820013 0.315335
0.742586 0.384853
0.861984 0.432889
0.778808 0.0864
0.879838 0.159332
0.758194 0.257316
0.86827 0.0740493
0.877855 0.138871
0.90858 0.179184
0.881134 -0.0740157
0.908351 0.142745
0.730935 0.526654
0.871965 0.0885254
0.904479 0.320639
0.755525 0.105849
0.894351 0.417018
0.714804 0.31166
0.899376 -0.0625845
0.902398 0.33626
0.884854 0.134101
0.905278 0.176562
0.848062 0.144289
0.901899 0.129623
0.835565 0.235778
0.894065 0.404353
0.869823 0.478826
0.751559 0.22725
0.827883 0.210863
0.88756 0.0776943
0.885788 -0.0497106
0.879891 0.322773
0.841153 0.297706
0.755626 0.283298
0.781919 0.441956
0.88343 0.429278
0.892648 0.252028
0.850237 0.198941
0.907734 0.289042
0.870668 0.294136
0.649057 0.178757
0.900119 0.00184905
0.899764 0.161547
0.899136 -0.0501992
0.896826 0.280383
0.860922 0.149112
0.60528 0.654934
0.852947 0.370999
0.800808 0.173444
0.865855 0.165756
0.884069 0.38284
0.826422 -0.0291958
0.600631 0.75358
0.891227 0.138952
0.90797 0.15392
0.907057 0.300118
0.774678 -0.11824
0.892764 0.142744
0.831366 -0.105882
0.612223 0.50551
0.904016 0.076323
0.886919 0.0224226
0.902531 0.307195
0.83564 0.213807
0.742069 0.441277
0.896166 0.19913
0.90307 0.289967
0.827895 -0.0585649
0.81962 0.531763
0.883413 0.179023
0.873597 0.0444098
0.898178 0.204813
0.882452 0.20198
0.891236 0.268686
0.892243 -0.0125925
0.898359 0.377157
0.830928 0.0643597
0.907376 0.217953
0.898058 0.477358
0.832265 0.02546
0.900176 0.311806
0.824947 0.2836
0.904796 0.140447
0.854207 0.143854
0.905163 0.118891
0.785255 0.354687
0.845783 0.121608
0.852801 0.357454
0.86319 0.459671
0.879012 0.0890506
0.751196 0.133794
0.839563 0.260925
0.905562 0.21047
0.737547 0.548861
0.902802 0.0500465
0.845876 0.0698486
0.899803 0.113471
0.890516 0.141258
0.860125 0.408843
0.876784 0.36331
0.90744 0.488001
0.666333 0.021246
0.799822 0.00923806
0.894518 0.33977
0.894855 0.0708665
0.901589 0.140271
0.776451 -0.0121095
0.87293 0.201587
0.890012 0.160219
0.901276 0.235025
0.768402 -0.179987
0.906354 0.199599
0.90366 0.00944783
0.824335 0.240022
0.906154 0.0218977
0.847048 -0.0491626
0.902673 0.222195
0.70829 0.0733849
0.762404 0.0142897
0.905541 0.236799
0.884749 0.416884
0.866024 0.0608091
0.89983 0.292467
0.885724 0.03159
0.906734 0.421122
0.86194 0.297514
0.745429 0.354296
0.899182 0.188756
0.903898 0.0668943
0.807619 0.182795
0.903873 0.436148
0.890153 0.114937
0.521712 0.94833
0.900875 0.32658
0.889631 0.121541
0.855576 -0.0168863
0.887636 0.00676596
0.898487 0.307027
0.874628 -0.00543922
0.751217 0.212988
0.519844 0.662533
0.908495 0.115103
0.897614 0.436876
0.831987 0.242548
0.901329 0.337685
0.853938 0.332405
0.903173 0.141075
0.859316 0.210027
0.867797 0.00188692
0.795274 0.312566
0.883078 0.061617
0.819778 0.569484
0.883259 0.36334
0.902267 0.096026
0.864505 0.0738521
0.906421 0.240691
0.809994 0.224965
0.894529 0.0953531
0.581375 0.66222
0.646008 0.203787
0.615471 0.589695
0.884251 0.354541
0.884152 0.346356
0.743367 0.643841
0.894275 0.0794997
0.770603 0.13691
0.734372 0.456268
0.838811 0.549402
0.904143 0.105031
0.866452 0.0223906
0.861921 0.416075
0.843414 0.233125
0.897501 0.328437
0.903488 0.28581
0.898329 0.255387
0.884664 0.293513
0.886134 0.151703
0.863355 0.402066
0.799692 0.341293
0.897004 0.180249
0.907623 0.391028
0.808658 0.0313678
0.549786 0.781244
0.878716 0.231441
0.857853 -0.0710069
0.739398 0.367542
0.887594 0.137486
0.882401 0.0157384
0.901169 0.261364
0.906343 0.229712
0.88647 0.113897
0.881986 0.233173
0.823001 0.179886
0.903309 0.233561
0.905617 0.216393
0.901923 0.139494
0.823454 0.188948
0.906958 0.112633
0.762309 -0.0389755
0.890352 0.0404968
0.893137 0.165698
0.888232 0.21503
0.829156 -0.0122952
0.902193 0.352225
0.908623 0.271321
0.905696 0.194509
0.888079 0.0641852
0.807822 0.202557
0.909025 0.0371194
0.773168 -0.0204079
0.891189 0.0113029
0.891316 0.011417
0.86258 0.190978
0.849324 0.295924
0.775561 -0.111704
0.621072 0.588375
0.900678 0.307198
0.803137 -0.00463835
0.894581 0.13135
0.869209 0.258402
0.904691 0.327789
0.904332 0.119779
0.820763 0.317474
0.878781 0.422708
0.839977 0.149998
0.906393 -0.00531803
0.897599 0.189782
0.108805 0.338765
0.853142 0.229338
0.873709 0.0796689
0.886831 0.122441
0.645489 -0.0316099
0.840693 0.146005
0.905592 0.240963
0.86209 0.311751
0.829406 0.121299
0.780935 0.350887
0.840836 0.357044
0.852342 0.150444
0.835468 0.229373
0.906895 0.218456
0.865325 0.0584864
0.849016 0.363205
0.860709 0.271577
0.841428 0.417049
0.843748 0.137157
0.783943 0.280346
0.906969 0.208985
0.907039 0.409779
0.781343 0.274821
0.784958 0.497446
0.67453 -0.188789
0.746494 0.256102
0.895905 -0.073953
0.89707 0.424971
0.905084 0.227977
0.900313 0.138625
0.854648 0.247503
0.811567 0.328265
0.885224 0.229143
0.811181 0.0458294
0.879547 0.193723
0.908602 0.153224
0.879386 0.131523
0.580608 0.746498
0.889305 0.466233
0.820108 0.286963
0.791786 0.272824
0.898891 0.0250407
0.816247 0.455523
0.845708 -0.0414006
0.894867 0.158252
0.905464 0.277129
0.839011 0.267078
0.904355 0.245549
0.909038 0.177897
0.891365 0.272107
0.826778 0.051159
0.889277 0.198319
0.907024 0.427532
0.908112 0.251824
0.908256 0.165668
0.90598 0.147347
0.791495 0.52712
0.820862 0.326764
0.907727 0.253089
0.575938 0.725151
0.907429 0.332513
0.904805 0.0747592
0.893938 0.226841
0.906179 0.192158
0.895153 -0.0142715
0.895805 0.118756
0.88281 0.0392372
0.816752 0.189189
0.90316 0.109038
0.884634 0.355209
0.908575 -0.0893517
0.904449 0.18997
0.837331 0.543579
0.86086 0.4276
0.903413 0.257812
0.895409 0.0179457
0.903618 0.15656
0.843103 0.292152
0.888194 0.239303
0.902924 0.237521
0.906197 0.110775
0.903056 0.0371023
0.878588 0.317463
0.83803 0.487351
0.859549 0.259421
0.867454 0.188149
0.853993 0.45437
0.908058 0.250798
0.834009 0.373264
0.8328 0.0835865
0.904653 0.316694
0.673937 -0.151778
0.887001 0.232747
0.900061 0.334282
0.907995 0.18416
0.908665 0.146824
0.905511 0.191762
0.67679 -0.254082
0.871252 0.330264
0.8983 0.251244
0.84425 0.144558
0.844675 0.130443
0.899283 0.0621864
0.896488 -0.0352178
0.846232 -0.0640583
0.858943 0.273547
0.890349 0.0433984
0.894226 0.256616
0.790497 0.25684
0.903754 0.22237
0.896643 0.130808
0.750244 0.366112
0.9017 0.444701
0.872203 0.302233
0.879946 0.202888
0.602326 0.620433
0.785938 0.435181
0.642957 0.187666
0.885197 0.200684
0.889343 0.147816
0.896351 0.153442
0.674646 -0.257135
0.870906 0.45611
0.878118 0.282969
0.906301 -0.0553919
0.038882 0.382061
0.882653 0.102802
0.905903 0.0223891
0.727729 0.424618
0.731473 0.595776
0.825069 0.164931
0.908956 0.134713
0.63353 0.418609
0.857361 0.133104
0.891432 0.191988
0.79369 0.34436
0.902078 0.336789
0.906136 0.209645
0.89961 -0.0409103
0.888558 0.323796
0.864766 0.0368971
0.908375 0.266335
0.798416 0.0309167
0.871226 0.522828
0.839507 0.520666
0.882966 0.272692
0.894801 0.244242
0.904304 0.307117
0.902928 0.254059
0.902317 0.19544
0.784705 0.197163
0.581933 0.597743
0.527086 0.658914
0.872376 0.186428
0.869479 0.41128
0.886519 0.0940111
0.824659 0.253153
0.862134 0.442418
