0.902044 0.239787
0.894343 0.192235
0.900631 0.413108
0.866881 0.0383046
0.806965 0.137145
0.845487 -0.119076
0.900291 0.228284
0.846376 0.232536
0.840717 0.202342
0.788751 0.361565
0.88652 0.160579
0.888161 0.341131
0.879994 0.0694479
0.810638 0.178532
0.883464 0.45785
0.733558 0.298705
0.758772 -0.0620349
0.848375 0.209819
0.899338 0.03655
0.905276 -0.0166672
0.879496 0.407213
0.904195 0.168544
0.905921 0.169853
0.89066 -0.0363468
0.800935 0.020282
0.818088 0.236242
0.875494 0.0370576
0.908418 0.221479
0.90559 0.291301
0.802518 -0.0634446
0.897201 0.193123
0.905254 0.212062
0.893915 0.474146
0.860314 0.328415
0.898335 0.0885131
0.904066 0.282396
0.89464 0.204632
0.789671 0.414686
0.792559 0.370053
0.85242 0.209998
0.897645 0.169256
0.892139 0.263571
0.889069 0.190308
0.736123 0.41872
0.873849 0.0587429
0.908256 0.0263152
0.763974 -0.12983
0.907167 0.277032
0.836851 0.325657
0.901143 0.114735
0.822618 0.203931
0.906203 -0.0687037
0.887883 0.293716
0.591833 0.620237
0.891277 -0.0403531
0.904688 0.211339
0.860868 0.164016
0.770451 0.121362
0.899921 0.0747001
0.908081 0.189502
0.617944 0.340867
0.897715 0.113828
0.892068 0.138831
0.819393 0.234744
0.609027 0.701461
0.795727 0.337292
0.856399 0.0688048
0.861947 0.508184
0.86299 0.306728
0.823456 0.236328
0.884582 0.208221
0.826599 -0.0671615
0.894063 0.0972248
0.820156 0.195819
0.879914 0.0105566
0.896988 0.236186
0.841237 0.0879914
0.902504 0.29232
0.889853 0.350278
0.904194 0.461104
0.892636 0.18343
0.850081 0.470118
0.882306 -0.0352417
0.898663 0.347422
0.869954 0.365536
0.884585 0.115602
0.703147 0.123947
0.891715 0.255597
0.79234 0.334462
0.901996 0.0386302
0.9054 0.214153
0.906651 0.109751
0.881114 0.160489
0.890013 0.215036
0.513578 0.615113
0.893289 0.34327
0.861444 0.506508
0.861078 0.469901
0.88916 0.276466
0.796683 0.468582
0.880985 -0.115141
0.878708 0.420981
0.860939 0.192256
0.871348 0.412338
0.900038 0.234127
0.779692 0.200689
0.857535 0.159067
0.874587 0.103667
0.890419 0.183122
0.757875 0.0727562
0.899917 0.123135
0.829131 -0.0913016
0.892528 0.172604
0.80698 -0.0896724
0.857096 -0.0785064
0.893629 0.50102
0.822224 0.361658
0.318126 0.574739
0.837136 0.468259
0.798523 0.0761019
0.8626 0.14324
0.862641 0.45078
0.649372 -0.0130695
0.886721 0.0210202
0.883461 0.20276
0.872444 0.165718
0.884415 0.327591
0.900261 0.106378
0.903482 0.271153
0.891919 0.263841
0.859611 0.229987
0.889197 0.476364
0.90713 0.12598
0.874864 0.0870184
0.484642 0.894143
0.889469 0.470139
0.874456 0.133518
0.842395 0.317649
0.685429 -0.0845914
0.902154 0.0083748
0.273604 0.45524
0.90274 -0.00251099
0.896876 0.287236
0.827334 -0.0684596
0.890581 0.353968
0.632954 0.475217
0.89477 0.369568
0.368645 0.738588
0.908154 0.0521251
0.905252 0.220059
0.538765 0.855584
0.876283 0.0930194
0.885088 0.162421
0.874978 -0.117903
0.890085 0.342419
0.908167 -0.033446
0.866649 0.168484
0.835884 0.227998
0.904365 0.444074
0.885914 -0.0596833
0.847025 0.0726987
0.84358 0.259978
0.881835 0.0166145
0.906352 0.209239
0.793497 0.368856
0.864945 0.359389
0.843381 0.265795
0.886962 0.262575
0.894703 0.35931
0.771058 0.0883064
0.885091 0.294138
0.804758 0.173227
0.897721 0.175073
0.862896 0.486438
0.908974 0.260381
0.700638 -0.177522
0.766983 -0.0413987
0.907565 0.471599
0.857931 0.101513
0.874335 0.126524
0.853767 0.137935
0.899469 0.219608
0.86599 -0.0795994
0.880869 -0.0849455
0.869817 0.165382
0.903985 0.231211
0.903606 0.10698
0.826375 0.0187513
0.901216 0.389676
0.869773 0.227623
0.882625 0.0418129
0.844968 0.170378
0.829208 0.183273
0.732441 0.559397
0.888409 0.42222
0.702722 0.171916
0.859457 0.310836
0.891526 0.267561
0.894036 0.246351
0.763673 -0.0889711
0.9048 0.288245
0.869672 0.0927174
0.778389 0.290858
0.895566 0.151151
0.518579 0.758354
0.888935 0.342655
0.809839 0.152795
0.876653 0.0599224
0.899802 0.283664
0.890111 0.374741
0.879246 0.267768
0.90882 0.250823
0.896494 0.0357329
0.853268 0.246554
0.900064 0.0459001
0.906438 -0.0266211
0.860833 0.418787
0.849646 0.319762
0.902563 0.302221
0.815199 0.431793
0.855481 0.0688358
0.880185 -0.0221526
0.645428 -0.0332584
0.907282 0.324605
0.742409 0.528744
0.899952 0.0781405
0.884303 0.379284
0.884052 0.437169
0.82568 0.101134
0.882901 0.294002
0.845285 0.0238556
0.871897 0.150131
0.887787 0.0196213
0.733699 0.391675
0.7685 -0.159881
0.894218 0.384736
0.900928 0.462191
0.827047 -0.0383761
0.894225 0.446237
0.820537 0.22829
0.88832 0.313853
0.903096 -0.0414772
0.729367 0.517916
0.903284 -0.0258045
0.782817 0.352901
0.874283 -0.0357495
0.800943 0.0875111
0.122888 0.154189
0.814083 0.122186
0.870362 0.321962
0.81748 0.504377
0.493138 0.88338
0.907784 0.260429
0.897689 0.238962
0.832017 0.198111
0.904925 0.423084
0.868276 0.223088
0.906348 0.338451
0.876548 0.123815
0.724871 0.261902
0.888806 0.244684
0.802295 -0.0121864
0.762963 0.135846
0.820539 0.468164
0.842079 0.200967
0.865866 -0.0528614
0.817457 0.242272
0.857206 0.22505
0.882567 0.357869
0.898457 0.161152
0.597072 0.741441
0.892977 0.106579
0.903651 0.296195
0.865815 -0.0970947
0.816485 0.4413
0.89189 0.0367098
0.829557 0.126411
0.892668 0.0863379
0.849046 0.291315
0.672111 -0.169421
0.908242 0.0452624
0.849306 0.261579
0.870001 0.334449
0.86092 0.229001
0.569759 0.804713
0.908936 0.0359848
0.835222 0.456796
0.796147 0.210286
0.838839 0.221114
0.880003 0.308021
0.781468 0.139616
0.866318 -0.0928671
0.866841 0.0789427
0.87832 0.411141
0.872191 0.198098
0.871247 0.244148
0.798572 0.0125571
0.886087 0.289997
0.783003 0.474766
0.751406 0.425035
0.890847 0.151184
0.886886 -0.0550905
0.869424 0.420154
0.908441 0.0658292
0.893146 0.313244
0.855922 0.242216
0.779561 0.366099
0.903519 0.329341
0.880788 0.174816
0.878667 0.441503
0.880997 0.267041
0.843325 0.282858
0.828528 -0.0682262
0.890061 0.14203
0.880684 0.237944
0.89412 0.264227
0.850116 0.285033
0.886694 0.279013
0.880473 0.255566
0.873403 0.242494
0.839512 0.210424
0.89886 0.151058
0.882838 0.280566
0.845542 -0.143187
0.782597 0.309883
0.774967 0.157326
0.888279 0.174858
0.845501 0.00227266
0.79146 0.219338
0.62304 0.375629
0.895537 -0.0665757
0.873154 0.0712284
0.902046 0.0865499
0.891072 0.251647
0.893178 0.317064
0.90901 0.255386
0.751297 0.200924
0.848208 0.352601
0.867878 0.0779163
0.862869 0.482445
0.897885 0.40979
0.710869 0.143308
0.888468 0.382332
0.878575 0.167386
0.761295 0.0162099
0.679243 -0.0401237
0.838471 0.536823
0.85329 0.30207
0.897176 0.320655
0.876944 0.075567
0.860156 0.165994
0.802961 0.0941639
0.882596 0.28402
0.904129 0.0870064
0.832814 0.0436629
0.825967 -0.0180421
0.871753 0.457429
0.904251 0.37663
0.863755 0.106468
0.890458 0.0377097
0.895881 0.232555
0.757276 0.222359
0.86576 0.230042
0.866783 -0.118504
0.897616 0.163243
0.897795 0.268913
0.850832 0.293019
0.900152 0.218125
0.787289 0.432855
0.822665 0.249154
0.902407 0.0292974
0.803681 -0.12715
0.891945 0.172368
0.883806 0.368438
0.898234 0.409526
0.907853 0.191348
0.888999 0.347077
0.901656 0.0852818
0.885717 0.192342
0.844038 0.0562785
0.672758 -0.142623
0.891371 0.221868
0.706912 0.153381
0.731792 0.38933
0.867834 -0.00200878
0.806937 0.0635832
0.818627 0.460041
0.888191 0.165586
0.899221 0.0513913
0.904185 0.139237
0.729876 0.594313
0.871996 0.210082
0.857839 0.103303
0.825948 0.150433
0.89772 0.15457
0.882347 0.0440722
0.882839 0.278515
0.695088 0.00103598
0.887804 0.257089
0.88015 -0.00761274
0.781558 0.309131
0.767929 -0.150972
0.906449 0.332923
0.896073 0.0725628
0.897527 0.25797
0.869496 0.348534
0.899969 0.0633851
0.882947 0.183784
0.821663 0.161307
0.900829 0.269791
0.867626 -0.0316833
0.857257 -0.0293781
0.908449 0.0963552
0.902708 0.000621851
0.907464 0.236516
0.843531 0.134263
0.890815 0.172368
0.865205 0.204506
0.859894 0.241268
0.80431 0.184386
0.907933 0.333208
0.901452 0.265707
0.810972 -0.0285888
0.902085 -0.00258543
0.739895 0.496226
0.863909 0.434585
0.834198 0.181881
0.821349 0.452068
0.89701 0.376812
0.907636 0.363716
0.857915 0.0419792
0.878427 0.430369
0.908195 0.167001
0.799815 0.206471
0.855961 0.204106
0.874722 0.145832
0.785547 0.459325
0.872473 0.147782
0.81077 -0.0193615
0.886449 0.137766
0.881135 0.18203
0.787388 0.562342
0.90491 0.193198
0.898967 -0.0493089
0.885661 0.0208717
0.89804 0.121699
0.835085 0.16407
0.903652 0.00903328
0.909018 0.189442
0.866138 -0.0251416
0.894038 0.137563
0.872923 0.385445
0.879041 0.403659
0.88512 0.417187
0.81034 0.268204
0.861871 0.424092
0.898349 0.236461
0.769237 0.0518506
0.896028 0.119505
0.896599 0.0393197
0.90763 0.0904067
0.896435 -0.0256861
0.74333 0.314856
0.888342 0.274354
0.892383 0.112835
0.793201 0.472195
0.892721 0.0253148
0.85727 -0.0545146
0.869616 0.295256
0.854763 0.0349557
0.906064 -0.0826855
0.884614 0.37806
0.829798 0.00902194
0.878186 0.419191
0.878084 0.196317
0.903708 0.040978
0.531781 0.649992
0.861209 0.186344
0.902854 -0.013726
0.869814 0.0929227
0.886135 -0.0544079
0.820601 0.533368
0.90483 0.25976
0.883134 0.256637
0.579626 0.76529
0.789607 0.636847
0.866189 0.19977
0.889937 0.110697
0.905333 0.173195
0.874747 -0.0919931
0.905873 0.0273144
0.898668 0.345453
0.795771 0.234433
0.890653 0.341254
0.89733 0.150077
0.753 0.0835497
0.888891 0.142973
0.87816 0.476644
0.836666 0.279823
0.87042 0.20277
0.903191 0.0620321
0.838873 0.316622
0.873232 0.264215
0.907366 0.441266
0.905826 0.211371
0.909002 0.243059
0.799914 0.231878
0.897116 0.191555
0.904559 0.0936243
0.901337 0.128124
0.87976 0.0273198
0.885497 0.341716
0.903254 0.327589
0.815864 0.291297
0.864449 0.0953749
0.852333 0.505058
0.874159 -0.105311
0.612434 0.64054
0.876195 0.162992
0.877393 0.364828
0.823933 0.399572
0.855137 0.136651
0.906305 0.09884
0.835437 0.424045
0.89994 0.28402
0.848576 0.209453
0.903035 -0.0592356
0.766726 -0.173832
0.844592 0.0882796
0.887288 -0.0454249
0.904873 0.262507
0.899564 0.270952
0.759332 0.0615895
0.892759 0.285169
0.810194 0.146546
0.771545 -0.20698
0.84109 0.123138
0.836007 0.513879
0.891503 -0.0386484
0.068441 0.30904
0.84809 0.0823893
0.905383 0.221284
0.901632 0.189389
0.842074 0.16604
0.900325 0.348034
0.754358 0.087428
0.890678 0.0151184
0.797034 0.231429
0.907112 0.188436
0.884962 0.189238
0.570562 0.646874
0.836361 0.336517
0.900952 0.112811
0.888132 0.397306
0.8943 0.24019
0.830802 -0.115588
0.889954 0.360167
0.882462 0.0212047
0.908634 0.155701
0.896114 0.248676
0.811291 0.157493
0.810351 -0.0223366
0.903542 0.159514
0.846559 0.106046
0.850519 0.293595
0.908226 0.225008
0.72531 0.288423
0.83756 0.232206
0.87869 0.134374
0.847161 0.219815
0.876385 0.0701857
0.905349 0.315364
0.793368 0.309945
0.837545 0.239052
0.847047 -0.0381433
0.837985 0.489217
0.893512 0.338705
0.881796 -0.0407444
0.896512 0.0808505
0.882255 0.0140378
0.506279 0.913689
0.888876 0.508895
0.884275 0.189843
0.883785 0.438329
0.840941 0.120132
0.898357 0.0797235
0.893099 0.169634
0.891794 0.270067
0.840174 0.25704
0.67989 -0.116248
0.907626 0.462926
0.899916 -0.0475716
0.794618 0.434121
0.683186 -0.215156
0.864848 0.335509
0.76177 0.127679
0.903104 0.191116
0.875361 -0.044804
0.64225 0.0716736
0.873182 -0.0247005
0.883124 0.344817
0.83816 0.534753
0.903214 0.255541
0.826123 0.18343
0.861121 0.288716
0.791686 0.336704
0.900379 0.107665
0.869227 0.2575
0.882866 0.244269
0.891531 0.072742
0.760478 0.207604
0.885584 0.182714
0.900207 0.106987
0.87783 0.513738
0.878343 0.153237
0.836811 0.203538
0.765583 -0.197114
0.894038 0.130102
0.885742 0.157883
0.776805 0.215893
0.867203 -0.0742182
0.678653 -0.232212
0.85503 0.137536
0.88217 0.0287422
0.852411 0.292931
