0.836221 0.4012
0.828983 -0.0232122
0.64837 0.27249
0.875167 -0.0785883
0.904313 0.262608
0.819393 0.370437
0.877866 0.381969
0.799694 0.0567016
0.830526 0.151885
0.891445 -0.00542304
0.904083 0.354105
0.812175 0.0460618
0.831152 -0.0770064
0.895522 -0.0734682
0.89465 0.288156
0.663806 -0.088192
0.7597 0.18591
0.825743 0.0777409
0.866725 0.141947
0.846293 0.1849
0.8575 -0.126997
0.871027 0.457688
0.880008 0.351671
0.862619 0.35096
0.774052 0.19019
0.904377 0.170625
0.745231 0.42214
0.820397 0.221228
0.819472 0.572824
0.866866 -0.0736785
0.822617 0.16849
0.771384 0.136141
0.672894 -0.34662
0.83556 0.131399
0.843197 0.0569588
0.869894 0.233501
0.853601 0.253626
0.90882 0.16752
0.852739 0.46778
0.852497 0.230663
0.891309 0.150361
0.885836 0.209542
0.886158 0.272617
0.879639 0.101891
0.895067 0.0463745
0.867147 0.055907
0.885484 0.225899
0.877812 0.453471
0.908512 0.132223
0.906167 0.199927
0.885257 0.0598475
0.837903 0.323646
0.888177 0.0891638
0.884345 0.149739
0.850128 0.363672
0.873584 0.256716
0.896425 0.158844
0.855324 0.0169769
0.899491 0.0850209
0.798967 0.28766
0.857159 0.13502
0.873998 -0.1078
0.892626 0.364695
0.79637 0.391771
0.903532 0.276083
0.903147 -0.0722197
0.906487 0.0585018
0.896463 -0.00384019
0.886208 -0.0507513
0.887907 0.333128
0.897801 0.184128
0.859917 0.11403
0.887019 0.281909
0.892116 0.292635
0.892409 0.185998
0.769971 0.0521737
0.590159 0.665827
0.859328 0.122438
0.718353 0.117994
0.907825 0.0672565
0.753 0.179637
0.885574 0.340501
0.905846 0.0237278
0.897451 0.186402
0.841801 0.205858
0.907394 0.400735
0.85226 0.527231
0.903469 0.295999
0.870207 0.332125
0.889766 0.258015
0.908495 0.226434
0.852009 0.513424
0.792516 0.266726
0.793498 0.497351
0.878222 0.465388
0.873123 -0.00612433
0.862165 0.444961
0.883463 0.295286
0.875361 -0.0584212
0.855448 0.177157
0.802297 0.224029
0.865417 0.251749
0.861976 0.505108
0.848664 0.362399
0.821172 0.491393
0.84331 0.0877605
0.897347 0.25638
0.852471 0.485309
0.899095 0.293681
0.83652 0.277706
0.906941 0.216923
0.888929 0.228733
0.850917 0.305136
0.864762 0.0713349
0.898751 0.173325
0.814255 0.188552
0.212952 0.308185
0.756745 0.217154
0.872546 0.119684
0.889121 0.473081
0.777051 0.0249403
0.888243 0.260038
0.829009 0.137582
0.898511 0.265586
0.840685 0.466511
0.879104 0.197406
0.841623 0.371038
0.858832 0.129211
0.907605 0.234855
0.711256 0.191337
0.861722 0.294179
0.905715 0.0949105
0.899659 0.237682
0.75612 0.0128579
0.893649 0.428543
0.876482 0.268846
0.866523 0.233762
0.892759 0.184131
0.869649 0.207869
0.898768 0.322669
0.842811 0.292289
0.891091 0.215543
0.628517 0.155933
0.658506 -0.156464
0.833757 0.289091
0.903061 0.212505
0.820237 0.227307
0.887768 0.0319632
0.893655 0.129675
0.864729 0.203046
0.88619 0.147232
0.876012 -0.0265638
0.818774 0.410771
0.904008 0.416109
0.881193 0.080687
0.833548 0.190491
0.852108 0.293898
0.887401 0.16649
0.880148 0.206688
0.887616 0.154163
0.798996 0.124628
0.891861 0.00258695
0.892465 0.37004
0.905902 0.197605
0.693444 -0.113421
0.893266 0.484554
0.874084 -0.111011
0.893526 0.232971
0.87688 0.287455
0.888894 0.205204
0.887906 0.367789
0.668409 -0.0243973
0.869143 0.398874
0.903297 -0.0299761
0.871387 0.155512
0.884395 0.268006
0.889903 0.351292
0.892727 0.223395
0.888838 0.175606
0.862357 0.365994
0.888913 0.201607
0.867537 0.0407515
0.50924 0.685709
0.844313 -0.0324932
0.886474 -0.0747952
0.874263 -0.0885262
0.902146 0.135897
0.864397 0.0859192
0.896979 0.252551
0.833227 0.232589
0.869764 0.229883
0.903282 0.107551
0.86174 0.350384
0.869827 0.317956
0.839417 0.36915
0.857423 -0.0908968
0.841763 0.0342936
0.893581 0.121626
0.699305 0.123992
0.893978 0.344223
0.868316 0.12646
0.892796 0.204277
0.877853 0.505952
0.868588 0.338795
0.898656 0.0610495
0.737065 0.414928
0.856145 0.0217912
0.902437 0.0410566
0.874392 -0.0793129
0.904249 0.391141
0.875908 0.213459
0.888566 0.323194
0.902418 -0.0199934
0.896235 0.24348
0.889381 0.397621
0.908756 0.270776
0.906044 0.144269
0.876458 0.322871
0.88196 0.134847
0.892774 0.260758
0.772003 -0.0348344
0.908815 -0.0358745
0.904929 0.123081
0.857695 -0.0781247
0.849474 0.0889743
0.890695 0.290249
0.827521 0.0442226
0.823515 0.395935
0.891502 0.130026
0.904134 0.266779
0.833314 -0.00125805
0.879412 0.371025
0.872529 0.0481752
0.905954 0.0205131
0.904938 0.0930067
0.587252 0.776614
0.898356 0.321992
0.852742 0.132229
0.571423 0.780612
0.904726 0.303019
0.76621 -0.152852
0.83289 0.321564
0.886792 -0.09848
0.803162 -0.00646098
0.855402 0.238571
0.886955 0.274934
0.874885 0.169336
0.818821 0.230968
0.750208 0.349582
0.872907 0.264663
0.878017 0.499671
0.899085 0.0178436
0.896041 -0.0310257
0.834509 0.10238
0.885476 0.0994408
0.826827 -0.0552962
0.720133 0.294195
0.901716 0.276071
0.863574 0.150714
0.865351 -0.00348889
0.866419 0.0607998
0.821067 0.315997
0.892327 0.142928
0.852979 0.191455
0.840771 0.186878
0.884998 0.334577
0.897297 0.171004
0.805051 -0.051688
0.606756 0.587036
0.887739 0.344337
0.873022 0.0527636
0.904483 0.165874
0.88582 0.0714912
0.870784 0.174893
0.875784 -0.0379738
0.899992 0.119646
0.165054 0.559818
0.880816 0.24578
0.838824 0.386928
0.908765 0.18127
0.88874 0.292066
0.892043 0.242537
0.906775 0.152358
0.792272 0.472632
0.863482 0.132516
0.785304 0.234205
0.85899 -0.0237596
0.890398 0.104505
0.907925 0.132596
0.79906 -0.00884811
0.850033 0.293249
0.825925 0.101294
0.531419 0.861656
0.878949 0.402804
0.761983 0.0614361
0.831713 0.264878
0.844282 0.153196
0.841313 0.344079
0.865566 -0.0198584
0.838766 0.56515
0.901562 0.163162
0.721473 0.162867
0.254026 0.548356
0.884642 0.31615
0.902287 -0.0267493
0.789265 0.317186
0.732771 0.2885
0.865331 0.0847653
0.898589 0.321387
0.902662 -0.0983769
0.818736 0.281345
0.792732 0.309919
0.897825 0.38409
0.861671 0.496165
0.889719 0.209268
0.891805 -0.0725829
0.893829 0.172845
0.863534 0.327884
0.899333 -0.0438995
0.905535 -0.0673549
0.90799 0.0779126
0.906119 -0.0858342
0.857816 -0.0951691
0.896949 0.0637135
0.904837 0.0607629
0.874405 0.108405
0.902709 0.241332
0.88894 0.208155
0.63268 0.333462
0.0929585 0.208074
0.870676 0.489918
0.856553 -0.109061
0.718184 0.155631
0.90628 0.265997
0.897166 0.0743226
0.902845 0.127107
0.815367 0.244484
0.806364 -0.149308
0.83237 -0.0551882
0.896452 -0.0183947
0.874463 0.226567
0.907716 0.260827
0.899677 0.00722844
0.679224 -0.292629
0.896441 0.12963
0.863625 0.125654
0.884767 0.248023
0.779439 0.10337
0.725946 0.408128
0.90262 0.0925649
0.8355 0.478267
0.856469 -0.0664313
0.896886 0.0745594
0.771236 -0.0538918
0.90303 0.162319
0.893785 0.432004
0.897799 0.308799
0.846359 0.140552
0.89617 0.293421
0.908163 0.187412
0.908548 0.0295129
0.860049 0.220979
0.844952 0.0110991
0.896289 -0.0623528
0.741057 0.335008
0.885596 0.310715
0.908541 0.29032
0.906066 0.00188198
0.854552 0.251364
0.882375 0.25095
0.897567 0.490307
0.883133 0.288691
0.872504 0.29852
0.903086 0.224375
0.905153 0.066015
0.900793 0.235579
0.796599 0.463655
0.590174 0.607766
0.901307 0.323216
0.900365 0.0440066
0.897213 0.211721
0.885347 0.243716
0.899105 0.0595231
0.886796 0.221491
0.865362 0.040531
0.901086 0.109117
0.851243 0.186723
0.908158 0.243131
0.894059 0.104215
0.77615 0.125215
0.904219 0.175543
0.905143 0.0196848
0.721488 0.524033
0.848525 0.219713
0.859232 -0.053612
0.876461 0.294448
0.905973 0.291612
0.903319 0.277779
0.807661 0.0798544
0.884001 0.222955
0.888439 0.0999368
0.903813 0.217848
0.901052 0.463744
0.903115 -0.0345096
0.895494 0.290406
0.812001 -0.0324932
0.89168 -0.0986212
0.902559 0.17802
0.885746 0.287643
0.184537 0.569959
0.812763 0.328503
0.898138 0.236405
0.886066 0.041502
0.89509 0.218063
0.821375 0.481217
0.894448 0.194829
0.853104 0.148998
0.804772 0.00614428
0.908763 -0.0404081
0.897929 0.235476
0.853012 0.492323
0.870379 0.301777
0.830611 0.213843
0.89283 0.206982
0.90095 0.2419
0.771053 0.0856674
0.837554 0.300712
0.903144 0.00441806
0.871768 0.192756
0.889026 0.14441
0.907507 0.295251
0.892074 0.00398214
0.681565 0.00343139
0.893327 0.13347
0.878651 0.170707
0.804869 -0.21948
0.770294 0.105283
0.907241 0.415163
0.888355 0.204689
0.899518 0.226108
0.907048 0.179096
0.908531 0.0439344
0.897264 0.351838
0.896815 0.185076
0.883681 0.217221
0.841073 0.0844284
0.904634 0.373219
0.832288 0.124406
0.897176 0.339043
0.902175 -0.0133343
0.872675 0.0312859
0.819026 0.490085
0.904928 0.180463
0.900832 0.34285
0.864584 0.24941
0.9027 0.136927
0.774409 0.0650701
0.84983 0.48561
0.765223 -0.206901
0.686326 -0.0410951
0.902437 0.227781
0.859376 0.0959802
0.849403 0.29005
0.901749 0.17435
0.787979 0.592175
0.840035 0.444347
0.776798 0.243226
0.890939 -0.0158103
0.903679 0.0145276
0.852539 0.29985
0.843362 0.0514467
0.473816 0.5877
0.890225 0.117957
0.89356 0.219601
0.871733 0.19734
0.797758 0.0409236
0.882321 0.163801
0.901174 0.291211
0.75593 0.250323
0.853841 0.403997
0.888289 0.105719
0.822221 0.325748
0.903872 0.196805
0.889562 0.410644
0.890054 0.383585
0.81881 0.359723
0.84717 -0.0284916
0.88105 -0.0624308
0.895853 0.267132
0.895045 -0.0131244
0.909007 0.0599071
0.849536 0.348085
0.889499 0.438067
0.847811 0.117635
0.890836 0.0695979
0.872589 0.357038
0.895333 0.243334
0.863119 0.445898
0.861842 0.28967
0.882277 0.0863826
0.714817 0.126381
0.81971 0.275746
0.814957 0.494599
0.726662 0.464873
0.777643 -0.0531147
0.873938 0.258819
0.823675 0.367514
0.873875 0.17131
0.902349 0.0945608
0.903762 0.111695
0.872249 0.253459
0.897769 0.318143
0.894403 0.419664
0.742467 0.614596
0.893758 0.338781
0.88636 0.165511
0.906817 0.0513721
0.894145 0.27857
0.869733 0.272863
0.892955 0.204523
0.891941 0.00707968
0.66857 -0.196079
0.857472 -0.127795
0.901418 0.323711
0.006519 0.0854497
0.90385 0.146091
0.871248 0.235092
0.907641 0.314207
0.889569 0.411223
0.809112 -0.0792549
0.673019 -0.0106869
0.881855 -0.0731047
0.907087 0.437162
0.906285 -0.0173056
0.863836 0.436636
0.839502 0.489112
0.840677 0.256742
0.908824 -0.0583338
0.694265 -0.299733
0.843787 0.0241567
0.757118 0.143767
0.905164 0.0258733
0.871392 0.365361
0.818222 0.419387
0.908231 0.119854
0.828604 -0.106264
0.851273 0.403581
0.861822 0.493315
0.867471 0.182128
0.837648 0.396348
0.771798 -0.0240568
0.890119 0.378242
0.900128 0.109582
0.886454 0.186065
0.831021 0.236688
0.607957 0.566448
0.848515 0.359139
0.755071 -0.0192522
0.888714 0.15806
0.880674 0.293647
0.907729 0.0640286
0.839145 0.329705
0.899808 0.214987
0.866101 0.0460276
0.81502 0.492123
0.89665 -0.00993178
0.897791 0.380748
0.87071 0.205146
0.80642 -0.130942
0.908061 0.2235
0.805781 0.115252
0.90578 0.0559989
0.900408 0.305977
0.839724 0.340371
0.909062 0.0403394
0.897124 0.288071
0.867551 0.26276
0.881512 0.240447
0.856702 0.104003
0.873826 0.167639
0.606617 0.721536
0.907649 0.445875
0.857425 0.201766
0.774635 0.209605
0.851349 0.328273
0.909067 0.0322071
0.895088 -0.0389559
0.903925 0.362764
0.907685 0.385352
0.781276 0.365431
0.894612 0.279784
0.897247 0.281461
0.830818 -0.147698
0.806686 0.0640857
0.903389 0.133308
0.865188 0.0316931
0.872496 0.346146
0.882301 0.112887
0.83068 -0.0363811
0.904351 0.206554
0.823342 0.181449
0.886986 0.140208
0.825095 -0.0369465
0.902235 0.293989
0.860878 0.453344
0.901636 0.408238
0.837293 0.368949
0.906132 0.124078
0.809687 0.0654073
0.887951 0.0901325
0.86486 0.32424
0.86441 0.421291
0.852713 0.295356
0.908323 0.190246
0.893829 0.494298
0.90342 0.150757
0.890646 0.0973482
0.905518 0.246374
0.863314 0.295758
0.745647 0.320835
0.878628 0.231771
0.591871 0.600147
0.714104 0.146168
0.891608 0.0539187
0.892161 -0.0443099
