0.906253 0.111168
0.904955 0.286894
0.90885 0.12993
0.89161 0.215383
0.860801 0.164397
0.888898 0.277455
0.904977 0.168561
0.907627 0.0804578
0.882391 0.0202517
0.890843 0.0514237
0.898656 0.319107
0.8982 0.235414
0.894382 0.240081
0.78813 0.61169
0.896004 0.276333
0.888854 0.388533
0.900581 0.112125
0.893666 0.444951
0.908716 0.0570059
0.875338 0.134405
0.715132 0.167071
0.900543 0.11732
0.892793 0.213666
0.851743 0.265709
0.749333 0.172956
0.881012 0.0671219
0.747237 0.190451
0.750377 0.402007
0.879739 0.331968
0.891263 -0.0779314
0.905802 0.176148
0.907038 0.436889
0.887324 -0.083823
0.875254 0.0939758
0.897528 0.373682
0.903903 0.366416
0.866892 0.128302
0.896903 0.106967
0.872683 0.412502
0.892341 -0.0127665
0.878718 0.462795
0.876382 0.185735
0.87161 0.190032
0.165477 0.498919
0.853092 0.333514
0.878132 0.152777
0.889097 0.421578
0.872126 0.275117
0.905151 0.393558
0.759956 0.0946447
0.742266 0.470598
0.815786 0.344678
0.89944 0.0965575
0.872935 0.349243
0.865016 0.276393
0.705065 0.218915
0.853569 0.473007
0.850586 0.484831
0.902812 0.0221081
0.884027 0.504257
0.870889 0.243918
0.850387 0.174597
0.85449 0.0109418
0.885417 0.327187
0.897348 0.405448
0.83247 0.253741
0.893469 0.142132
0.908271 0.318784
0.786049 0.563212
0.780559 0.152941
0.897491 0.33065
0.904882 0.41335
0.899106 0.0561073
0.888187 0.377705
0.647019 0.0347198
0.897227 0.103739
0.836072 0.254257
0.901637 0.241582
0.904856 0.269954
0.89241 0.0848805
0.788103 0.354545
0.822593 0.272612
0.875281 0.193214
0.895476 0.269132
0.85588 0.295457
0.899168 0.228391
0.802889 -0.000535828
0.891743 0.15671
0.668118 -0.291049
0.883001 0.377174
0.90529 0.269204
0.897609 0.297628
0.887088 0.26088
0.891943 -0.0942141
0.871614 0.262664
0.870108 0.436218
0.880892 -0.0213337
0.882145 0.100291
0.860876 0.255787
0.904786 0.466162
0.908305 0.248345
0.853862 0.435658
0.821516 0.383954
0.901056 0.470932
0.898789 0.291507
0.679668 -0.174861
0.907976 0.174132
0.891491 0.0564563
0.582822 0.914216
0.907853 0.0653841
0.899759 0.065076
0.834633 0.45581
0.758604 0.266305
0.88775 0.303119
0.890328 0.327188
0.859598 0.0834199
0.891319 0.0346098
0.886531 0.051969
0.888423 0.309189
0.839478 0.436912
0.891275 0.0264585
0.907071 0.429636
0.691706 -0.18274
0.818102 0.359024
0.899203 0.103194
0.906781 0.18154
0.895008 0.293835
0.815025 0.180273
0.889227 0.340806
0.902013 0.368523
0.772354 -0.0367213
0.13121 0.424296
0.89187 0.197654
0.851805 0.261752
0.874006 0.0796602
0.898969 0.00587174
0.807352 -0.0476804
0.868326 0.285274
0.702981 0.0172164
0.873628 0.169423
0.883583 0.294737
0.883766 0.262007
0.86704 0.139404
0.837146 0.477556
0.86787 0.27912
0.593092 0.725459
0.905474 0.255605
0.826309 0.191175
0.897751 0.234971
0.907842 0.296273
0.831109 -0.084258
0.859591 0.359775
0.844028 -0.114946
0.903151 0.0901753
0.734352 0.313387
0.904595 0.255464
0.517517 0.818385
0.885593 0.0731706
0.88331 0.118038
0.679498 -0.177113
0.642136 0.160185
0.686024 -0.160195
0.894724 0.335395
0.904458 0.474394
0.866367 0.220041
0.86834 -0.00419695
0.851696 0.27595
0.887701 0.315665
0.841581 0.371439
0.892574 0.291161
0.908657 0.296965
0.689734 -0.0797542
0.88896 0.396466
0.904024 0.26641
0.890847 0.0348191
0.866547 0.138013
0.896316 0.310378
0.669123 0.0308998
0.771763 -0.0496994
0.539839 0.716694
0.857384 0.0251629
0.885534 0.0181482
0.899108 0.252781
0.841776 0.116258
0.895427 0.101699
0.904783 0.207799
0.897672 0.500467
0.879762 0.380558
0.897313 0.344225
0.8915 0.00831395
0.882121 0.0533156
0.881074 0.126057
0.877585 0.184213
0.908065 0.117535
0.792353 0.315981
0.772115 0.0763781
0.79955 0.241495
0.82172 0.23678
0.58642 0.542243
0.842584 0.135003
0.874797 0.242575
0.891678 0.143479
0.887577 -0.0345379
0.907192 0.286832
0.843723 0.131938
0.899641 0.272019
0.90159 0.179266
0.878848 0.360586
0.895726 0.287187
0.906975 0.295975
0.885146 0.141793
0.907181 0.11218
0.876212 0.136131
0.833444 0.369989
0.869451 0.0469587
0.251557 0.613646
0.75428 0.304729
0.823503 0.345723
0.908093 0.318384
0.898831 0.215662
0.857871 0.0136927
0.89067 0.125484
0.886031 0.000937609
0.905667 -0.0702969
0.868469 0.234463
0.890336 0.305744
0.679406 0.0216671
0.890685 0.00475622
0.85612 0.0828574
0.874001 -0.0365446
0.902425 0.31872
0.861483 0.490494
0.875174 0.263251
0.630303 0.227891
0.747029 0.520007
0.712051 0.178237
0.751978 0.105631
0.877151 0.282176
0.903021 0.0675994
0.813075 0.227623
0.897405 0.362029
0.868428 0.181725
0.90274 0.0193715
0.907835 0.269013
0.832497 0.166465
0.896655 0.152406
0.887543 0.0678532
0.886922 -0.023177
0.83609 0.351882
0.904199 0.325719
0.682103 -0.296406
0.895558 0.146225
0.755289 0.143298
0.904645 0.375896
0.865627 0.0387961
0.86045 0.312669
0.880207 0.14201
0.772365 -0.140383
0.874036 0.0779948
0.82114 0.322295
0.859348 0.114201
0.865342 0.128868
0.904613 0.347473
0.867714 0.211018
0.887412 0.251326
0.835635 0.399773
0.767026 -0.103049
0.858229 0.0643351
0.891917 0.287479
0.890986 0.154083
0.878579 0.300853
0.894655 0.216715
0.845187 0.128588
0.901065 0.322766
0.893907 0.271483
0.872246 0.0933805
0.866109 0.105702
0.840112 0.412239
0.852245 0.504406
0.905847 0.0393011
0.856499 -0.0563268
0.842439 0.189397
0.858787 0.113487
0.696915 0.0326385
0.816297 0.529991
0.747324 0.436843
0.844515 0.101054
0.894359 0.206655
0.891674 0.0781355
0.840129 0.337784
0.906989 0.40916
0.88872 0.438615
0.889224 0.156969
0.88554 0.369738
0.819728 0.37451
0.894036 0.391447
0.871362 0.214528
0.835102 0.315281
0.89428 0.453323
0.79981 0.22997
0.686019 -0.0895326
0.653241 0.10816
0.862702 0.205751
0.90635 0.245803
0.818295 0.239316
0.856377 -0.0876611
0.765348 -0.0444114
0.907231 0.321683
0.706507 0.168985
0.845771 0.175679
0.823294 0.36788
0.769886 0.0161199
0.906901 0.224124
0.881549 -0.0472071
0.82653 0.252087
0.874018 -0.0840623
0.882662 0.118458
0.902372 0.255267
0.697853 -0.0905394
0.909037 0.28257
0.740166 0.322547
0.879592 0.213514
0.885825 0.126062
0.889244 0.434628
0.783853 0.196856
0.800383 -0.00979213
0.8975 0.49336
0.829547 0.0728291
0.887073 0.1666
0.908293 0.200733
0.851822 0.327377
0.78118 0.188007
0.884937 0.118463
0.648337 0.149934
0.899625 0.243643
0.902364 0.110043
0.886696 0.2228
0.823384 0.419165
0.659458 -0.15465
0.896453 0.263578
0.813468 0.36105
0.821424 0.160263
0.905239 0.138415
0.904184 0.248262
0.893191 0.221203
0.895883 -0.0243108
0.704119 -0.104041
0.847782 -0.0473797
0.896759 0.280086
0.871575 0.280802
0.854739 0.0332673
0.895429 -0.0857847
0.775382 -0.0286118
0.879643 0.349592
0.899329 0.248743
0.776542 0.185909
0.857374 0.0328336
0.899321 0.256499
0.745479 0.367314
0.789344 0.466553
0.862825 0.200265
0.880293 -0.0757722
0.761374 -0.0977581
0.888375 0.121191
0.896565 0.0383181
0.829132 0.136739
0.881914 0.0721542
0.877076 0.272318
0.897795 0.17005
0.890074 0.0438305
0.907528 0.268849
0.906031 -0.0414508
0.887978 0.230256
0.868621 0.306603
0.850158 0.129159
0.895765 0.216329
0.822929 0.129899
0.865714 0.136239
0.866581 0.199278
0.894871 0.180403
0.881227 0.0761621
0.8705 0.395831
0.82838 -0.136028
0.79577 0.159893
0.904863 0.125208
0.79246 0.563553
0.879356 0.24617
0.908627 0.240599
0.89946 -0.0667015
0.71653 0.412886
0.904251 0.385968
0.87569 -0.0409357
0.851097 0.258584
0.891995 -0.00570351
0.882739 0.394831
0.846522 -0.0645807
0.880356 0.204864
0.907335 0.450398
0.842167 -0.0174588
0.907444 0.209446
0.894071 0.247555
0.871379 0.252616
0.888043 0.17625
0.864044 0.379641
0.779644 0.0585268
0.501283 0.822985
0.901268 0.314954
0.869943 0.459496
0.82756 -0.100594
0.88502 0.212615
0.887709 0.167769
0.676085 -0.25506
0.886661 0.178973
0.890845 0.00489728
0.841623 0.249918
0.797227 0.245736
0.908286 0.00430463
0.887046 0.0939911
0.780598 0.1491
0.793759 0.26155
0.764107 -0.225582
0.886546 0.153766
0.799915 0.13474
0.883624 0.193496
0.894976 0.0138817
0.882748 0.355433
0.908384 0.31594
0.837792 0.175142
0.814456 0.464926
0.875055 -0.0672062
0.90319 0.0576968
0.812893 0.306625
0.819974 0.315957
0.813683 0.390676
0.905714 0.25284
0.705206 0.0167436
0.896475 0.215349
0.75097 0.172071
0.891049 0.299028
0.640279 0.119531
0.850953 0.170652
0.887186 0.0508617
0.882478 0.340463
0.718835 0.407254
0.658059 0.044382
0.892601 0.348649
0.775481 0.075703
0.706117 -0.0221865
0.897979 0.450048
0.902719 0.169697
0.867246 0.189621
0.886706 0.22678
0.746315 0.412588
0.873007 0.250836
0.842988 0.293716
0.894752 0.212579
0.897895 0.152553
0.907655 0.274902
0.875731 0.261631
0.85975 0.0270469
0.903526 0.151576
0.90305 0.0223714
0.903218 0.202118
0.882107 0.311108
0.902609 0.0946732
0.863665 0.414122
0.80594 -0.177629
0.902458 0.230148
0.893075 0.306477
0.797746 0.184094
0.887227 0.226804
0.8221 0.33443
0.843131 0.199351
0.715476 0.396503
0.853568 0.12879
0.901914 0.0963141
0.815763 0.200333
0.809521 0.202507
0.85957 0.130714
0.908884 -0.0517278
0.854999 0.040855
0.836019 0.29641
0.905662 -0.0076619
0.899936 0.0351888
0.752534 0.316908
0.802809 0.00481576
0.881431 0.266067
0.90055 0.0999023
0.885284 0.132436
0.889148 0.191564
0.900386 0.223533
0.735774 0.465798
0.876188 0.172217
0.852826 0.239919
0.846744 0.0376424
0.899223 0.216676
0.906141 0.133025
0.755794 0.167605
0.841044 0.310103
0.873104 0.35167
0.877851 0.332063
0.880631 0.207248
0.783072 0.382726
0.892612 0.0803972
0.78496 0.393113
0.896573 0.236263
0.900999 0.293354
0.903357 0.0883657
0.904852 0.066621
0.892101 0.282091
0.903295 0.200226
0.707087 -0.0139902
0.69003 -0.0708667
0.904754 0.360598
0.758822 -0.0459287
0.782016 0.321936
0.902429 -0.00355434
0.884629 0.352312
0.903042 0.155313
0.840199 0.467883
0.814096 0.107101
0.907893 0.319391
0.898978 0.262965
0.787216 0.284728
0.903537 0.0414146
0.887229 -0.0464681
0.898464 0.0452221
0.900475 0.0398598
0.837734 0.196026
0.890728 0.00505618
0.854264 0.0964555
0.814763 0.18818
0.774323 -0.0806366
0.839502 0.287284
0.820333 0.263126
0.635298 0.207055
0.849199 0.148807
0.90009 0.0674983
0.904067 0.42122
0.870412 0.226652
0.687328 -0.257561
0.805483 -0.0693932
0.865568 0.0821759
0.905283 0.260465
0.873496 0.243977
0.878587 0.328529
0.873909 0.0930622
0.880661 0.250521
0.890843 -0.0117282
0.850397 0.512439
0.852774 0.223889
0.820873 0.269476
0.880076 0.309964
0.863138 0.485433
0.881342 0.119411
0.879677 0.0201982
0.563734 0.665712
0.870814 0.474979
0.819073 0.337437
0.844263 -0.11484
0.892429 0.0726723
0.901907 0.171785
0.891514 -0.0332059
0.750827 0.170941
0.76643 -0.0124006
0.906491 0.0809232
0.784584 0.335276
0.824363 0.341311
0.875442 0.205567
0.888501 0.0955759
0.904327 0.468794
0.879651 0.32144
0.87544 0.201839
0.813677 0.181306
0.8876 0.154678
0.848488 0.303351
0.891009 0.0457972
0.767151 0.127403
0.884111 0.289096
0.8886 0.340237
0.880564 -0.052912
0.731934 0.44793
0.898419 0.0768102
0.876955 0.356846
0.884534 0.466614
0.903874 0.297009
0.792406 0.347322
0.888844 0.391797
0.888465 0.137046
0.908543 -0.0853525
0.877679 0.46619
0.889942 0.119231
0.898257 0.213929
0.890593 0.0665921
0.848495 0.082638
0.820152 0.206519
0.88359 0.165357
0.909024 0.0548906
0.903321 0.0336143
0.66474 -0.202518
0.801743 0.0265418
0.869608 0.202068
0.906015 0.245271
0.863238 0.518079
0.900892 0.382013
0.878863 0.102125
0.814026 0.311026
0.841061 0.328956
0.892315 0.296489
0.865444 0.123781
0.877125 0.213786
0.890854 0.141566
0.89565 -0.0174322
0.793963 0.34087
0.100706 0.466867
0.876678 0.284022
0.90887 0.182381
0.893885 0.436992
0.806769 -0.042498
0.845221 0.155613
0.907945 0.369866
0.783286 0.48675
0.90735 0.166107
0.894824 0.0395344
0.904837 0.123381
