0.879702 0.0307092
0.799373 -0.0295863
0.835496 0.100269
0.906427 0.00299504
0.775275 -0.160707
0.835431 0.0436589
0.870058 0.12271
0.903104 -0.0400032
0.775249 -0.178371
0.816388 0.0906298
0.851373 0.193874
0.788177 0.311999
0.909003 0.0639217
0.881094 -0.102729
0.88201 -0.117844
0.858615 -0.158454
0.891028 -0.152919
0.861805 0.0797868
0.893819 0.141201
0.823906 0.0737706
0.904073 0.104864
0.748925 0.191402
0.658459 -0.159199
0.734326 0.232804
0.803529 -0.0918308
0.874845 -0.0433963
0.901024 0.0793781
0.90312 -0.056983
0.898813 -0.0620335
0.904593 0.0685931
0.898233 0.0905446
0.858642 -0.0741467
0.887196 -0.126967
0.812928 -0.0404881
0.88634 -0.12324
0.907775 -0.00395741
0.903123 -0.0902401
0.902097 -0.0455394
0.88203 -0.093613
0.90361 -0.0444707
0.906003 -0.11396
0.804354 -0.257451
0.662246 -0.303443
0.773406 -0.317432
0.787691 0.0962895
0.842892 -0.0462422
0.907321 0.0766371
0.855242 -0.0258069
0.661935 -0.289567
0.576313 0.57984
0.87098 0.360899
0.901022 0.240821
0.899383 -0.00808782
0.903119 -0.0919881
0.893171 0.0448218
0.76742 -0.257428
0.85674 -0.244695
0.898786 -0.132133
0.449393 0.481933
0.87764 0.304852
0.891041 0.0304913
0.724008 0.20766
0.886266 -0.0165407
0.875976 -0.0545184
0.868831 -0.0350475
0.835684 0.110081
0.781741 0.113421
0.891692 -0.06178
0.864765 -0.0339336
0.888784 0.087938
0.812935 0.0458007
0.860238 -0.00107945
0.851459 0.1605
0.895764 -0.0443439
0.788453 0.223081
0.908162 0.0519082
0.891782 -0.0869352
0.888023 -0.0261969
0.849551 0.0667656
0.900468 0.0454497
0.88723 -0.0778911
0.775128 -0.195747
0.882833 -0.0494408
0.903111 -0.108718
0.887232 -0.13948
0.908205 -0.102596
0.899949 -0.114349
0.906001 -0.141849
0.85698 -0.211168
0.627083 0.0510844
0.861395 0.133692
0.901017 0.149255
0.450508 0.595816
0.852577 0.372844
0.885536 0.127983
0.897026 0.103231
0.855224 -0.0135139
0.882906 0.0335727
0.441453 0.538767
0.876573 0.236016
0.804213 -0.112847
0.880024 -0.095185
0.748656 0.11618
0.902534 -0.032421
0.885579 -0.0401796
0.891766 -0.123672
0.877055 0.029439
0.758549 -0.116064
0.908573 -0.136135
0.812734 -0.00437579
0.844781 -0.101183
0.905513 -0.107039
0.840824 0.0198145
0.851421 0.167392
0.832909 0.0179473
0.904081 0.119003
0.866189 -0.0811081
0.904093 0.0465867
0.888032 0.0286159
0.904588 0.10482
0.758549 -0.0918907
0.891675 -0.143804
0.863311 0.0627475
0.867495 -0.102261
0.881997 -0.118534
0.440999 0.477383
0.842083 0.165642
0.904082 0.143192
0.902098 0.047739
0.896422 -0.0321684
0.888026 -0.00376096
0.870125 0.110202
0.873717 -0.0490998
0.905058 0.00184931
0.835782 0.131096
0.892435 0.0232207
0.868853 -0.00184458
0.902079 -0.00680532
0.897036 0.051119
0.887227 -0.0757249
0.845362 -0.201398
0.820312 0.10104
0.89759 0.144846
0.894506 0.0960824
0.891772 -0.0692062
0.878101 0.103233
0.897625 0.148535
0.877061 0.139082
0.872556 0.0874473
0.905057 0.0565641
0.748936 0.171886
0.842802 -0.00935816
0.907321 0.091388
0.843171 -0.0687153
0.881975 -0.106685
0.90361 -0.0497045
0.885517 -0.135378
0.737298 0.264472
0.905463 0.0490981
0.888034 0.0297765
0.860241 0.0423654
0.892452 -0.00996331
0.892461 -0.0832197
0.816841 0.148113
0.747948 0.226102
0.908569 0.00118009
0.855244 -0.0561904
0.903597 -0.0319486
0.906458 -0.0449449
0.794255 0.153312
0.820127 0.24399
0.829936 -0.0820123
0.788043 0.198568
0.897017 0.129013
0.878107 0.182744
0.902084 0.0661186
0.830184 -0.153848
0.625792 0.0861891
0.798049 0.0516142
0.873633 -0.0633391
0.853371 0.0744641
0.871323 0.160433
0.823852 0.0992196
0.909018 -0.0194227
0.908214 -0.0566644
0.891782 -0.130364
0.827116 -0.206386
0.89699 -0.0368841
0.888809 0.0897613
0.901566 0.118336
0.78849 0.288985
0.863156 0.23958
0.767162 -0.175783
0.826741 -0.221412
0.906423 -0.126313
0.453211 0.488806
0.880025 -0.155048
0.901027 0.0350865
0.904111 0.096092
0.629354 0.152571
0.703016 -0.150537
0.875774 -0.126101
0.906445 -0.0846269
0.794255 0.137441
0.90502 0.0830345
0.782218 0.120707
0.855017 0.0119371
0.868803 -0.011149
0.905056 0.0174359
0.80435 -0.204745
0.820164 0.100556
0.88004 -0.0118851
0.863293 0.115934
0.707488 -0.0983158
0.902512 -0.114925
0.7822 0.0408686
0.766467 -0.245177
0.803684 -0.288062
0.624515 0.0445457
0.885341 0.0243114
0.908627 -0.0853472
0.866195 -0.163372
0.860206 -0.0382105
0.866127 -0.138935
0.830075 -0.235568
0.903084 -0.18377
0.878113 0.0578893
0.9026 -0.0660962
0.775246 -0.188879
0.890966 -0.15671
0.883836 0.0587276
0.895147 -0.0425918
0.838265 0.159872
0.826945 -0.0811466
0.861705 0.101771
0.82702 -0.108393
0.909019 -0.102311
0.629591 0.0709795
0.846953 -0.0823076
0.830017 -0.212756
0.840639 -0.0126252
0.892438 -0.0338093
0.887223 -0.109832
0.808754 -0.222346
0.909011 -0.148797
0.899388 -0.164421
0.880118 -0.128114
0.893156 0.0279433
0.896416 -0.0407062
0.816856 0.165774
0.906867 0.118665
0.901042 0.146485
0.907346 0.15548
0.903623 0.0574793
0.827154 -0.133273
0.8661 -0.0817587
0.906889 0.0243247
0.9005 0.034433
0.788189 0.29869
0.89757 0.222342
0.448785 0.623
0.890728 0.200852
0.886405 -0.0332134
0.899944 -0.100879
0.843154 -0.144357
0.889532 0.0459685
0.843129 -0.0838327
0.905513 -0.0999474
0.86887 -0.0494373
0.907767 0.0266386
0.87015 0.124787
0.891755 -0.0576182
0.908207 -0.0702856
0.878118 0.103501
0.840757 0.107604
0.903089 -0.0463796
0.843161 -0.123097
0.736743 0.265254
0.812305 0.0854368
0.904956 -0.0266947
0.88109 -0.13874
0.858586 -0.146766
0.894351 -0.0636596
0.892476 -0.049154
0.900492 0.00354336
0.906457 -0.0309737
0.908196 -0.109738
0.896386 -0.149148
0.708121 -0.194888
0.87578 -0.14334
0.788329 0.180615
0.902057 -0.0658865
0.843159 -0.130722
0.890282 -0.0390614
0.883836 0.105738
0.902087 0.0347519
0.577386 0.54574
0.868439 0.166826
0.900479 0.0874369
0.872584 0.0641266
0.906892 0.0832944
0.8958 -0.077171
0.861812 0.110587
0.867492 -0.0831464
0.843078 -0.1317
0.888767 0.0468105
0.867529 -0.10827
0.86618 -0.0802237
0.43309 0.483296
0.895498 0.0994517
0.880115 -0.0220618
0.864748 -0.0164158
0.748485 0.150734
0.901491 0.146392
0.870142 0.171917
0.891755 -0.0387662
0.688351 -0.401245
0.899825 -0.242795
0.893749 0.0656959
0.886407 -0.0875286
0.860238 -0.00480404
0.886379 -0.112925
0.864757 -0.0536433
0.847453 -0.107221
0.897002 0.00499859
0.900494 0.025675
0.849576 0.0896022
0.87483 -0.09526
0.905989 -0.133786
0.884726 0.0331126
0.847496 -0.0704015
0.882899 0.00984101
0.835722 0.130466
0.881024 -0.0718422
0.887214 -0.125383
0.812928 -0.0398508
0.885502 -0.0322887
0.830134 -0.193072
0.870052 0.0273673
0.662419 -0.274355
0.829461 -0.288028
0.878036 0.0130512
0.9026 -0.0840253
0.882925 0.0300307
0.8958 -0.0919299
0.882943 0.00733312
0.872563 0.0340789
0.908621 -0.0808996
0.820541 0.147921
0.851382 0.217104
0.907759 0.134331
0.899948 -0.0195968
0.835768 0.121635
0.884664 0.138585
0.875974 0.00737481
0.662612 -0.284774
0.852975 0.00320476
0.897006 0.0497709
0.724101 0.217388
0.894204 0.296412
0.897031 0.171547
0.909048 0.0131331
0.835793 0.136299
0.832864 0.00308524
0.876992 0.0725031
0.893829 0.138595
0.856959 -0.0978749
0.573515 0.49585
0.903456 0.163129
0.90104 0.164027
0.897638 0.173969
0.871377 0.200504
0.823829 0.101536
0.83283 -0.0126763
0.887218 -0.132815
0.883833 0.0680158
0.907339 0.123574
0.89385 0.159637
0.804296 -0.146107
0.774493 -0.234632
0.88948 0.0107057
0.856951 -0.148632
0.875944 -0.110232
0.888792 0.0584607
0.90049 0.0462064
0.879128 0.0804859
0.908201 -0.0138322
0.794265 0.165595
0.880015 0.0174773
0.893155 0.0861688
0.895154 -0.122508
0.816851 0.132844
0.88195 -0.0277596
0.902602 -0.100663
0.877067 0.0400478
0.90599 -0.0797013
0.830195 -0.212208
0.86745 -0.212719
0.870099 0.0240916
0.891755 -0.097896
0.82048 0.141474
0.816563 0.226063
0.706595 -0.0676229
0.904978 0.00825542
0.903122 -0.0853872
0.758803 -0.169668
0.883718 0.04403
0.860234 0.0474112
0.845302 -0.150624
0.873688 -0.150263
0.875962 -0.109242
0.891759 -0.151255
0.891052 -0.15337
0.867532 -0.188309
0.799309 -0.114365
0.906411 -0.0854874
0.879134 0.0273253
0.906447 -0.0230124
0.874894 -0.141735
0.89993 -0.131366
0.902611 -0.143544
0.881088 -0.185343
0.900485 -0.0521159
0.775229 -0.183583
0.896958 -0.0334183
0.708132 -0.148433
0.61991 0.143818
0.615659 0.300809
0.891572 0.0138979
0.907776 0.108084
0.775285 -0.118483
0.889481 0.0571556
0.576305 0.555585
0.905852 0.131621
0.893849 0.162826
0.896412 -0.0539714
0.902094 -0.0303706
0.758261 -0.165739
0.909016 -0.00530123
0.867555 -0.132422
0.892457 -0.0791878
0.874878 -0.163854
0.799348 -0.10629
0.872462 -0.00186527
0.863282 0.120215
0.877025 0.1233
0.90904 -0.00715669
0.894514 0.034338
0.877058 0.0929994
0.799472 -0.0846855
0.808364 -0.217054
0.803885 -0.283381
0.882859 -0.0808609
0.758605 -0.161893
0.907284 0.0278368
0.893174 0.0931914
0.843138 -0.0655684
0.860259 0.00321703
0.860196 0.0275237
0.903599 0.00198939
0.909051 -0.0543647
0.885584 -0.0497473
0.866163 -0.146476
0.820387 0.122575
0.860132 0.0692122
0.901016 0.123373
0.907781 0.0937849
0.835789 0.168341
0.736647 0.381111
0.887179 -0.0802859
0.906451 -0.0654724
0.835786 0.104408
0.90504 0.0663881
0.899947 -0.0468851
0.887229 -0.11484
0.896413 -0.09823
0.887227 -0.135483
0.748736 0.0986238
0.865971 -0.0713497
0.903602 -0.0370326
0.877068 0.0656295
0.804215 -0.181079
0.898173 -0.00376868
0.895794 -0.11169
0.851528 0.11894
0.903114 -0.0665322
0.856975 -0.180777
0.891026 -0.161683
0.872572 -0.0344465
0.880092 -0.0726588
0.628197 0.0959854
0.719906 0.145046
0.853083 0.170432
0.816689 0.243049
0.891717 -0.0100808
0.843134 -0.106627
0.888767 0.0568449
0.905065 0.0429832
0.577642 0.548824
0.904917 0.265494
0.794247 0.277632
0.887945 0.108506
0.898223 0.107431
0.835764 0.172148
0.723145 0.245646
0.735173 0.401049
0.906382 0.116019
0.874894 -0.0861208
0.794076 0.139784
0.864624 0.0604406
0.904561 0.0688547
0.847538 -0.0540016
0.895123 -0.0837498
0.812961 -0.0215699
0.820195 0.173647
0.829937 -0.11015
0.90818 -0.0853655
0.889582 0.0687626
0.847514 -0.0482008
0.856879 -0.168347
0.896394 -0.121735
0.905538 -0.120002
0.879133 0.0135905
0.881065 -0.121121
0.892467 -0.0733924
0.879106 0.0765762
0.873727 -0.0636961
0.905058 -0.00398992
0.902098 -0.01123
0.868865 -0.0143878
0.758469 -0.131184
0.82669 -0.183933
0.903082 -0.163155
0.629305 0.0493398
0.868507 -0.0250866
0.835683 0.114009
0.89638 -0.0102611
0.902094 -0.0128835
0.629257 0.109898
0.879851 0.0165218
0.827078 -0.145593
0.867445 -0.186118
0.896423 -0.0278798
0.860254 0.0205765
0.89701 0.057513
0.855224 -0.0317985
0.840701 0.0564698
0.856867 -0.125854
0.845294 -0.21974
0.874825 -0.218889
0.863285 0.0333205
0.851465 0.17449
0.889539 0.173405
0.878099 0.200183
0.82043 0.26099
0.891 0.0186963
0.835744 0.135407
0.907318 0.149081
0.897039 0.114044
0.804311 -0.164844
0.838107 0.10815
0.774752 -0.1282
0.880965 -0.171757
0.767315 -0.342538
0.838012 0.0358152
0.853304 0.117048
0.887992 0.051008
0.907341 0.116896
0.888809 0.157592
0.904105 0.144033
0.872588 0.0863527
0.838282 0.210949
0.879065 0.151462
0.870084 0.074649
0.861772 0.168616
0.820371 0.248704
0.872488 0.137742
0.9021 0.00686776
0.867547 -0.124055
0.774977 -0.216965
0.90646 -0.013392
0.891063 -0.0997027
0.8917 -0.0520252
0.889569 0.0823023
0.882018 -0.0432849
0.875971 -0.0656329
0.627998 0.100668
0.896251 -0.0299845
0.905537 -0.0832885
0.891779 -0.106506
0.89703 0.0101159
0.901036 0.102364
0.577296 0.572859
0.908497 0.1471
0.843174 -0.0466322
0.855127 -0.0648
0.767093 -0.296535
0.878993 -0.0457193
0.832988 -0.063019
0.832856 -0.0770772
0.903122 -0.0781272
0.898232 0.031938
0.877062 0.0925215
0.628051 0.163435
0.900891 0.14452
0.90312 -0.0309277
0.880122 -0.0751988
0.907772 0.0156415
0.853435 0.103255
0.868801 0.0251757
0.858621 -0.143599
0.758369 -0.179853
0.766262 -0.330496
0.876921 -0.0695665
0.909053 -0.0796963
0.905075 -0.0133102
0.878115 0.126158
0.908201 0.00453387
0.888036 0.0122632
0.62858 0.126344
0.907226 0.139214
0.855242 -0.000760805
0.887193 -0.0977127
0.898804 -0.0766137
0.881084 -0.158349
0.758588 -0.192365
0.853155 0.0322933
0.885537 -0.00830778
0.890313 0.0054537
0.855211 -0.0515453
0.799245 -0.0567962
0.820145 0.159842
0.896371 0.0069957
0.882025 -0.0729684
0.893832 0.0805081
0.893165 0.11284
0.882941 0.0889082
0.843114 -0.0655269
0.830006 -0.206012
0.896377 -0.138663
0.816856 0.126585
0.757962 -0.0594862
0.891674 -0.130839
0.878101 0.0785759
0.889559 0.134711
0.840785 0.118595
0.871307 0.178009
0.905526 0.00220053
0.79425 0.172258
0.907781 -0.0117191
0.908213 -0.0534641
0.849592 0.0592389
0.883799 0.142129
0.812914 0.0664512
0.849398 0.0912504
0.799215 0.00167275
0.758167 -0.0155181
0.861598 0.120806
0.898207 0.113809
0.899382 -0.0587215
0.843152 -0.127398
0.906879 0.0038914
0.849589 0.0819575
0.87483 -0.098318
0.903085 -0.0772216
0.833056 -0.0718821
0.908181 -0.0703577
0.899949 -0.101455
0.889576 0.0624285
0.880109 -0.0361057
0.812899 -0.00560221
0.905961 -0.0968716
0.882953 0.00664018
0.902603 -0.0869831
0.87913 0.0270378
0.877042 0.0880843
0.845339 -0.135301
0.871313 0.0764783
0.899928 -0.0442276
0.794218 0.154208
0.842907 -0.0241938
0.868716 0.0885803
0.899365 -0.0670207
0.902595 -0.0739589
0.88295 0.0153801
0.882012 -0.0704807
0.812907 -0.0189606
0.907307 0.0866459
0.833068 -0.00567985
0.788063 0.229551
0.883828 0.0584492
0.87136 0.154212
0.880073 -0.0116445
0.900485 0.0172578
0.906457 -0.0254882
0.748952 0.138786
0.854957 0.0245177
0.842801 -0.0398352
0.891735 -0.123348
0.890318 -0.0412132
0.858629 -0.127314
0.889544 0.0525948
0.788415 0.260964
0.908586 0.0134134
0.908214 -0.0434885
0.893175 0.0647592
0.79418 0.198432
0.866035 -0.0366658
0.887202 -0.111756
0.856947 -0.197408
0.767109 -0.349805
0.787652 0.0824368
0.898164 0.102554
0.880117 -0.0211655
0.880099 -0.0683214
0.898218 0.0371346
0.86332 0.134887
0.89382 0.163272
0.895791 -0.0447212
0.900494 0.00566112
0.88723 -0.0938059
0.853396 0.0611616
0.893137 0.100833
0.901034 0.138373
0.908211 0.00722026
0.882003 -0.123387
0.794116 0.124215
0.870006 0.149858
0.874853 -0.0716711
0.891758 -0.136222
0.899939 -0.128472
0.872583 -0.0221756
0.830095 -0.188918
0.858528 -0.189928
0.881989 -0.15418
0.851502 0.100902
0.899917 -0.0352678
0.890324 -0.00684048
0.889568 0.100393
0.89515 -0.0265471
0.901569 0.071647
0.833052 -0.0125698
0.856926 -0.22349
0.895129 -0.152562
0.835755 0.0676169
0.871301 0.157587
0.872549 0.0955043
0.881059 -0.0879723
0.662779 -0.324993
0.829462 -0.308287
0.902059 -0.125502
0.883846 0.0720094
0.895147 -0.0372805
0.576791 0.517413
0.90764 0.271348
0.909053 0.0535791
0.823957 0.0359763
0.856838 -0.132516
0.897612 0.0532005
0.878107 0.152444
0.908626 -0.100373
0.758856 -0.177282
0.898146 0.000260556
0.891056 -0.093406
0.853404 0.0610077
0.887977 0.00973693
0.663005 -0.288738
0.617736 0.108203
0.86138 0.155558
0.906439 0.026991
0.873759 -0.0870174
0.830098 -0.214865
0.90775 -0.0371473
0.858658 -0.124665
0.906886 0.00645607
0.907784 0.046657
0.8169 0.202603
0.855079 0.0391188
0.887193 -0.0817656
0.866165 -0.159469
0.900483 -0.0115283
0.895796 -0.114875
0.70811 -0.181348
0.704521 -0.261591
0.90726 -0.0136721
0.843171 -0.110729
0.908186 -0.0868673
0.872593 -0.00647127
0.899367 -0.105277
0.908633 -0.137776
0.853437 0.0418174
0.793954 0.192959
0.894511 0.0499754
0.904107 0.101481
0.838363 0.218072
0.906428 0.0503245
0.629466 0.133211
0.681973 -0.318546
0.9059 -0.219826
0.688695 -0.47442
0.765664 -0.439638
0.886301 -0.278945
0.867526 -0.238607
0.90102 0.000771983
0.905071 0.0195411
0.885581 -0.0197024
0.758632 -0.13823
0.899865 -0.134716
0.907781 -0.00937989
0.884667 0.156974
0.868842 0.0506621
0.867502 -0.107015
0.794034 0.132115
0.829858 -0.126544
0.883782 0.0663949
0.85339 0.125525
0.88954 0.153795
0.90209 0.0534127
0.873754 -0.0758938
0.782002 0.0489719
0.845128 -0.145595
0.85143 0.101553
0.820334 0.222094
0.842968 -0.00151743
0.909026 -0.0587705
0.909053 -0.0783999
0.897643 0.0773876
0.856966 -0.122707
0.897008 -0.000158934
0.908209 -0.0478061
0.89385 0.0911028
0.899379 -0.0675391
0.748873 0.123378
0.735509 0.354651
0.563096 0.685365
0.885289 0.288085
0.888017 0.123071
0.804268 -0.159819
0.8165 0.102859
0.868753 0.0202884
0.864732 0.00212442
0.895134 -0.0631629
0.907344 0.0714429
0.898164 0.183919
0.884725 0.16967
0.905003 0.00980523
0.856978 -0.150415
0.80862 -0.240222
0.879035 -0.0265846
0.788349 0.227784
0.899881 0.0129038
0.886413 -0.109158
0.89316 0.0361902
0.890319 0.0224523
0.804279 -0.200428
0.868737 -0.102591
0.898211 0.0240555
0.890323 0.0170679
0.904589 0.100208
0.891061 -0.0540747
0.775157 -0.185684
0.705803 -0.244158
0.883671 0.0104186
0.889563 0.107379
0.823891 0.0610088
0.903081 -0.0652099
0.899227 -0.00445436
0.899388 -0.0802432
0.906904 0.02809
0.861829 0.153856
0.863266 0.182887
0.889548 0.176618
0.89515 0.0039451
0.905537 -0.0696157
0.86887 -0.0373019
0.896401 -0.0684866
0.903117 -0.116182
0.861824 0.0957501
0.882912 0.0781122
0.882012 -0.0453904
0.896409 -0.0708114
0.897636 0.079808
0.888809 0.136498
0.906453 -0.0295558
0.873759 -0.109638
0.845332 -0.214205
0.887986 -0.0824024
0.812931 -0.0224995
0.89574 -0.116192
0.812963 -0.0344197
0.758856 -0.174549
0.896333 -0.131006
0.867539 -0.179287
0.904094 0.00743241
0.758812 -0.132826
0.896948 -0.0149049
0.895155 -0.0734661
0.905999 -0.125414
0.808838 -0.227559
0.899934 -0.0343556
0.90411 0.0682202
0.898813 -0.0120587
0.863321 0.115188
0.901018 0.14199
0.84753 -0.0251233
0.909 -0.066677
0.878119 0.104978
0.893154 0.120969
0.882022 -0.0275868
0.866158 -0.137201
0.855168 -0.104723
0.892448 -0.0692773
0.758699 -0.160082
0.900961 0.0244252
0.83305 -0.0315529
0.878948 0.140642
0.891042 -0.0353241
0.849557 0.0636202
0.843036 -0.0699178
0.76699 -0.297075
0.861612 0.00910879
0.902592 -0.0842879
0.88295 0.0112481
0.895784 -0.105149
0.894505 -0.00376681
0.890328 0.0488962
0.905996 -0.0763873
0.76753 -0.30751
0.908577 -0.213093
0.906908 -0.024178
0.901042 0.0893506
0.891777 -0.071927
0.833024 -0.0715187
0.886357 -0.137334
0.82388 -0.0362986
0.881956 -0.0949633
0.908202 -0.0842832
0.891064 -0.128234
0.871369 0.0795831
0.883819 0.151834
0.864754 0.0526209
0.886383 -0.0903326
0.888018 -0.0281719
0.896413 -0.0635081
0.899942 -0.0991961
0.847511 -0.111726
0.867473 -0.172277
0.748515 0.0878464
0.907715 0.0889563
0.782236 0.12378
0.902551 -0.032068
0.788496 0.228965
0.864616 0.0968989
0.874847 -0.0927192
0.89993 -0.111762
0.90821 -0.0927278
0.908214 -0.0859088
0.820536 0.212793
0.892424 0.0544606
0.883838 0.143301
0.904102 0.137884
0.849584 0.13509
0.87701 0.127473
0.901025 0.14788
0.849577 0.138573
0.883799 0.173861
0.860234 0.0993559
0.874842 -0.0916263
0.880094 -0.0958237
0.722402 0.284431
0.906781 0.150248
0.758838 -0.0764906
0.823708 0.0757313
0.748025 0.195779
0.863095 0.203755
0.901018 0.177401
0.88803 0.0805908
0.897027 0.0845461
0.906 -0.062241
0.724241 0.175622
0.812254 0.047011
0.706512 -0.140476
0.793119 0.133735
0.907734 0.104568
0.908213 -0.00694476
0.855244 -0.0593831
0.873699 -0.115035
0.662538 -0.332807
0.885374 -0.131239
0.899936 -0.12674
0.90507 -0.0313741
0.908635 -0.108456
0.847547 -0.124494
0.902584 -0.136604
0.898231 0.00857699
0.90507 0.0228936
0.804369 -0.241924
0.896361 -0.154804
0.878106 0.0691895
0.880097 -0.0319195
0.902534 -0.032753
0.895159 -0.0812107
0.860252 -0.00094782
0.887197 -0.0976394
0.881073 -0.166083
0.868838 -0.0790209
0.884693 0.0567668
0.866161 -0.103767
0.893822 0.0678674
0.894514 0.00961329
0.905068 0.0236153
0.909052 -0.0456416
0.804369 -0.230602
0.898173 -0.0235864
0.890323 -0.00198453
0.861804 0.140086
0.820371 0.237291
0.877003 0.0586206
0.861783 0.162931
0.866183 -0.153196
0.870098 0.0477452
0.897016 0.0694532
0.845384 -0.143877
0.904567 0.0356925
0.890328 0.0210556
0.723996 0.203645
0.684272 -0.295385
0.886233 -0.214434
0.576026 0.447176
0.893626 0.282373
0.906454 0.0800596
0.906004 -0.0641955
0.866191 -0.154609
0.905054 -0.0397321
0.906003 -0.112089
0.775272 -0.2068
0.708059 -0.119529
0.903022 -0.138745
0.737527 0.264832
0.851219 0.257601
0.888763 0.199973
0.895162 -0.0464981
0.748825 0.132635
0.564239 0.595626
0.850881 0.376837
0.858563 0.0375928
0.887196 -0.082273
0.888019 -0.0248552
0.888802 0.0937368
0.882937 0.0807157
0.843114 -0.068803
0.868788 -0.0449689
0.851476 0.14359
0.873695 -0.0333653
0.748585 0.14217
0.879969 0.0140104
0.874864 -0.126261
0.903607 -0.0581846
0.882031 -0.098574
0.858615 -0.150745
0.748416 0.0982261
0.819962 0.222911
0.627714 0.152664
0.865801 -0.0357808
0.906889 0.0426875
0.62532 0.218925
0.905517 -0.0324658
0.88958 0.0899554
0.576314 0.568697
0.877772 0.344962
0.903608 0.13057
0.868867 0.0425255
0.838273 0.193292
0.835601 0.196139
0.881967 -0.00123193
0.886398 -0.113314
0.908204 -0.0920499
0.845358 -0.149794
0.799481 -0.0292169
0.826821 -0.150155
0.881015 -0.183572
0.87809 0.0570288
0.808714 -0.156098
0.874783 -0.192513
0.808699 -0.256094
0.849389 -0.0384733
0.89174 -0.122832
0.892474 -0.0730693
0.894503 0.00933785
0.906454 -0.0290907
0.906004 -0.107856
0.873758 -0.140901
0.892461 -0.081994
0.855215 -0.0868699
0.909037 0.000207885
0.577983 0.531436
0.881725 0.116266
0.895784 -0.0630993
0.883841 0.0965189
0.895785 -0.0710723
0.788454 0.212392
0.898746 0.0580408
0.903123 -0.073234
0.892482 -0.0521558
0.891771 -0.128493
0.889569 0.0517142
0.879117 0.0835807
0.79937 -0.00830151
0.706266 -0.166284
0.9045 0.0263045
0.903621 0.00554891
0.788502 0.244165
0.798897 0.0769909
0.706257 -0.132302
0.847116 -0.155491
0.885531 -0.0826893
0.879113 0.0301492
0.897022 0.0633974
0.688479 -0.36066
0.869871 -0.057066
0.901022 0.0735555
0.886413 -0.0849931
0.866164 -0.16067
0.794026 0.110778
0.897641 0.051156
0.448821 0.554568
0.908862 0.144139
0.799525 0.00900898
0.787854 0.230613
0.904055 0.164467
0.577555 0.597489
0.904917 0.284967
0.767521 -0.162834
0.853172 0.0433728
0.888774 0.11778
0.8945 0.0859822
0.891056 -0.0847965
0.88202 -0.110029
0.707333 -0.173891
0.819813 0.11492
0.871281 0.176411
0.906443 0.0360515
0.858656 -0.0954628
0.872534 -0.00427796
0.898795 -0.0376642
0.897034 0.0384175
0.85864 -0.0950683
0.896395 -0.0923016
0.890331 -0.0128021
0.758678 -0.136869
0.845076 -0.218619
0.897001 -0.0398197
0.906 -0.111987
0.888816 0.0605598
0.782106 0.107486
0.858448 -0.0741813
0.855154 -0.0782755
0.908614 -0.125105
0.877073 0.0310507
0.889558 0.115713
0.847506 -0.0368492
0.868794 -0.031625
0.898793 -0.048201
0.812976 -0.006595
0.77456 -0.177613
0.867374 -0.19968
0.863274 0.0412725
0.723574 0.202591
0.877926 0.20479
0.843102 -0.0183142
0.904082 0.0696979
0.845399 -0.144177
0.823741 -0.0316543
0.858518 -0.127395
0.851456 0.109844
0.820334 0.22541
0.799063 0.0620912
0.847313 -0.0678934
0.901544 0.0563587
0.88958 0.0861036
0.85521 -0.0191674
0.823374 0.186874
0.835561 0.190999
0.870059 0.181662
0.794048 0.247348
0.886324 -0.0065258
0.900488 0.0199551
0.906457 -0.0244091
0.861829 0.13281
0.872537 0.0866705
0.905988 -0.0609756
0.823947 -0.00929337
0.902056 -0.00536069
0.888031 0.00760438
0.889567 0.106199
0.863307 0.162825
0.901018 0.161044
0.871382 0.195355
0.85692 -0.0731129
0.816704 0.146266
0.840607 0.13272
0.878048 0.181825
0.888012 0.0797407
0.879115 0.0949187
0.723821 0.229402
0.904509 0.184633
0.820526 0.25422
0.781636 0.167119
0.845127 -0.0983158
0.898197 0.0270722
0.895156 -0.0568107
0.894505 0.0156201
0.88108 -0.121205
0.905061 -0.0276014
0.6294 0.102662
0.719924 0.148123
0.886262 -0.0400138
0.80875 -0.194471
0.906415 -0.116844
0.861829 0.0958313
0.879089 0.103492
0.88956 0.144665
0.905065 0.0780456
0.830193 -0.149102
0.891007 -0.146322
0.895151 -0.125389
0.895792 -0.160232
0.884717 0.023014
0.737287 0.327751
0.757186 0.0444015
0.908149 -0.016563
0.853436 0.0903424
0.90776 0.0834997
0.864788 0.0219154
0.707517 -0.135496
0.856636 -0.19043
0.827004 -0.224407
0.860143 -0.0685758
0.816716 0.148615
0.83281 0.00505165
0.873673 -0.0863989
0.847472 -0.119378
0.879074 0.0185809
0.871355 0.138236
0.847467 -0.0297701
0.879074 0.0544246
0.864747 0.0143256
0.886383 -0.10565
0.794141 0.130901
0.90549 -0.00955289
