2.93858 2.03701
2.93797 1.9816
2.93751 1.93029
2.93898 2.07202
2.93813 1.9941
2.93916 2.08884
2.93916 2.09153
2.93914 2.0895
2.9389 2.0673
2.93873 2.03787
2.93777 1.95328
2.93849 2.02926
2.93773 1.95741
2.93857 2.03314
2.93862 2.04102
2.93835 2.01412
2.93827 2.0003
2.93829 2.0086
2.9385 2.02968
2.9387 2.04908
2.93913 2.0886
2.9392 2.09102
2.93814 1.99074
2.93897 2.07097
2.93936 2.10946
2.93906 2.07621
2.93876 2.0532
2.93775 1.96143
2.93823 2.00467
2.93919 2.09425
2.93848 2.02791
2.93863 2.04231
2.93774 1.9599
2.93838 2.01906
2.93911 2.08709
2.93799 1.98284
2.93796 1.98052
2.93784 1.96868
2.9391 2.08553
2.93758 1.94245
2.93761 1.94749
2.93926 2.10056
2.93811 1.99388
2.93804 1.98788
2.9391 2.08003
2.93791 1.97576
2.93869 2.04859
2.93819 2.00183
2.93918 2.09333
2.93845 2.02535
2.93887 2.06421
2.93841 2.02097
2.93839 2.02026
2.938 1.98241
2.93826 1.99152
2.93777 1.96321
2.93791 1.97282
2.93815 1.99862
2.93823 2.0019
2.93923 2.09785
2.93794 1.97789
2.93823 1.98539
2.939 2.07661
2.93782 1.9672
2.93815 1.99748
2.93913 2.08899
2.93757 1.94475
2.93854 2.03044
2.93893 2.06989
2.93761 1.92243
2.939 2.07564
2.93815 1.99777
2.93933 2.09071
2.93752 1.93606
2.939 2.07655
2.93914 2.08865
2.93769 1.95441
2.93924 2.09832
2.93838 2.01793
2.93776 1.95946
2.93923 2.09794
2.93935 2.10553
2.93768 1.95442
2.93813 1.99586
2.93768 1.95413
2.93821 1.9991
2.93824 1.99571
2.93766 1.95258
2.93876 2.05213
2.93769 1.95473
2.93923 2.09787
2.9393 2.09907
2.93782 1.95495
2.93804 1.98793
2.93843 2.02361
2.9386 2.03648
2.93871 2.04025
2.93806 1.98971
2.93754 1.94192
2.93824 2.00317
