2.6379 1.79642
2.61652 1.77296
2.6004 1.63072
2.65208 1.78201
2.62225 1.73075
2.65838 1.79869
2.65843 1.85463
2.65766 1.8527
2.64929 1.82899
2.64321 1.69025
2.60939 1.6443
2.63478 1.80201
2.60803 1.71406
2.63769 1.74022
2.63948 1.79661
2.62993 1.74346
2.62724 1.67836
2.62772 1.74334
2.63516 1.78805
2.64234 1.81623
2.65735 1.84931
2.65976 1.78133
2.6224 1.68946
2.65168 1.7813
2.66533 1.86225
2.65496 1.75068
2.64422 1.79946
2.60896 1.74961
2.62571 1.7651
2.65964 1.84413
2.63465 1.77763
2.63966 1.81809
2.60843 1.74471
2.63092 1.79274
2.65682 1.84465
2.61711 1.76565
2.61636 1.75567
2.61193 1.74189
2.65635 1.83483
2.60288 1.68218
2.60381 1.72882
2.662 1.85162
2.62133 1.7733
2.61893 1.77692
2.65647 1.75231
2.61426 1.77142
2.64203 1.82472
2.62445 1.77313
2.65922 1.84815
2.63334 1.7957
2.64808 1.82937
2.63186 1.78029
2.63123 1.80389
2.61764 1.72874
2.62687 1.65038
2.60959 1.75383
2.61428 1.70999
2.62303 1.78463
2.62578 1.71778
2.66099 1.84793
2.61556 1.74227
2.62585 1.64137
2.65275 1.84298
2.61128 1.74626
2.62302 1.75712
2.65754 1.84649
2.60251 1.74332
2.63667 1.73803
2.65038 1.82402
2.6039 1.59277
2.65265 1.82347
2.62303 1.76258
2.66444 1.72136
2.60059 1.67336
2.65279 1.83768
2.6576 1.83347
2.60653 1.72935
2.66138 1.83515
2.63092 1.76652
2.60899 1.70798
2.66106 1.8459
2.66507 1.79869
2.60645 1.73415
2.62213 1.77158
2.60634 1.73368
2.62504 1.70714
2.62597 1.66999
2.60566 1.73825
2.64431 1.77513
2.60657 1.73409
2.6609 1.85482
2.66352 1.77003
2.61136 1.63339
2.61895 1.77688
2.6327 1.79243
2.63882 1.74676
2.64276 1.70343
2.61971 1.77189
2.60133 1.74883
2.62621 1.72045
