2.96266 2.08927
2.96244 2.10675
2.96227 2.11593
2.96281 2.07698
2.9625 2.10116
2.96288 2.07203
2.96288 2.07298
2.96287 2.0736
2.96278 2.08024
2.96272 2.079
2.96236 2.1084
2.96263 2.09195
2.96235 2.11287
2.96266 2.08813
2.96268 2.08795
2.96258 2.09493
2.96255 2.0941
2.96255 2.09681
2.96263 2.09143
2.96271 2.08585
2.96287 2.07381
2.96289 2.07032
2.9625 2.09946
2.96281 2.0773
2.96295 2.06734
2.96284 2.07324
2.96273 2.08402
2.96236 2.11273
2.96253 2.09896
2.96289 2.07183
2.96263 2.09168
2.96268 2.0881
2.96235 2.1131
2.96259 2.09504
2.96286 2.07418
2.96244 2.10616
2.96244 2.10664
2.96239 2.11012
2.96285 2.07444
2.96229 2.11642
2.9623 2.11671
2.96291 2.06997
2.96249 2.10275
2.96246 2.1048
2.96286 2.07196
2.96241 2.10861
2.9627 2.08622
2.96252 2.10015
2.96288 2.07224
2.96261 2.09307
2.96277 2.08125
2.9626 2.09406
2.96259 2.09493
2.96245 2.10504
2.96255 2.09012
2.96236 2.11226
2.96241 2.10743
2.96251 2.1015
2.96253 2.09772
2.9629 2.07076
2.96243 2.10708
2.96253 2.08869
2.96282 2.07755
2.96238 2.11074
2.96251 2.10108
2.96287 2.07361
2.96229 2.11801
2.96265 2.08894
2.96279 2.07926
2.9623 2.10221
2.96282 2.07736
2.96251 2.10116
2.96294 2.06027
2.96227 2.11812
2.96282 2.07744
2.96287 2.07337
2.96233 2.11444
2.96291 2.07024
2.96259 2.09461
2.96236 2.11191
2.9629 2.07068
2.96295 2.06628
2.96233 2.11459
2.9625 2.10206
2.96233 2.11467
2.96253 2.09795
2.96254 2.0945
2.96232 2.11531
2.96273 2.08345
2.96233 2.11448
2.9629 2.07093
2.96293 2.06652
2.96238 2.10499
2.96246 2.10479
2.96261 2.09355
2.96267 2.08736
2.96271 2.08123
2.96247 2.10408
2.96228 2.11907
2.96254 2.09744
