2.97318 1.9185
2.97306 1.92451
2.97298 1.92683
2.97325 1.91416
2.97309 1.92242
2.97329 1.9125
2.97329 1.913
2.97328 1.91321
2.97324 1.91546
2.97321 1.9136
2.97302 1.92419
2.97316 1.91945
2.97302 1.92646
2.97318 1.91786
2.97319 1.91805
2.97313 1.92029
2.97312 1.91934
2.97312 1.92095
2.97316 1.91923
2.9732 1.91737
2.97328 1.91328
2.9733 1.91179
2.97309 1.92151
2.97325 1.91427
2.97333 1.91107
2.97327 1.91259
2.97321 1.91669
2.97302 1.92652
2.97311 1.92178
2.9733 1.91258
2.97316 1.91929
2.97319 1.91815
2.97302 1.92664
2.97314 1.9205
2.97328 1.9134
2.97307 1.92428
2.97306 1.92442
2.97304 1.92559
2.97328 1.91346
2.97299 1.92755
2.97299 1.92785
2.97331 1.91195
2.97309 1.92312
2.97308 1.92384
2.97328 1.91214
2.97305 1.92515
2.9732 1.91752
2.97311 1.92222
2.97329 1.91273
2.97315 1.91982
2.97323 1.91581
2.97315 1.92012
2.97314 1.92048
2.97307 1.92377
2.97312 1.91674
2.97302 1.92637
2.97305 1.92452
2.9731 1.92271
2.97311 1.92113
2.9733 1.91222
2.97306 1.92454
2.97311 1.91543
2.97326 1.91456
2.97303 1.92582
2.9731 1.9225
2.97328 1.9132
2.97299 1.92834
2.97317 1.91814
2.97325 1.9151
2.97299 1.91813
2.97326 1.91444
2.9731 1.92254
2.97332 1.90672
2.97298 1.9281
2.97326 1.91451
2.97328 1.91309
2.97301 1.92706
2.9733 1.91201
2.97314 1.92027
2.97302 1.92609
2.9733 1.91218
2.97332 1.91047
2.97301 1.92712
2.97309 1.92288
2.97301 1.92715
2.97311 1.92113
2.97311 1.91933
2.973 1.92739
2.97321 1.9164
2.97301 1.92709
2.9733 1.91229
2.97332 1.91034
2.97303 1.92255
2.97308 1.92384
2.97315 1.91998
2.97318 1.91763
2.9732 1.91487
2.97308 1.92358
2.97298 1.92871
2.97311 1.92105
