2.97353 1.94024
2.97342 1.91611
2.97334 1.89575
2.97361 1.95589
2.97345 1.92211
2.97364 1.9631
2.97364 1.96367
2.97364 1.96279
2.97359 1.95325
2.97356 1.9429
2.97338 1.90579
2.97352 1.93679
2.97338 1.9061
2.97353 1.93931
2.97354 1.94201
2.97349 1.9308
2.97348 1.92611
2.97348 1.92835
2.97352 1.93711
2.97356 1.94536
2.97363 1.96242
2.97365 1.96436
2.97345 1.92143
2.97361 1.95544
2.97368 1.97147
2.97362 1.9584
2.97357 1.94734
2.97338 1.90747
2.97347 1.92634
2.97365 1.96495
2.97352 1.93644
2.97354 1.94237
2.97338 1.90684
2.9735 1.93239
2.97363 1.9618
2.97342 1.91672
2.97342 1.9158
2.9734 1.91074
2.97363 1.96121
2.97335 1.89995
2.97335 1.90154
2.97366 1.96766
2.97345 1.92151
2.97343 1.91884
2.97363 1.96008
2.97341 1.91356
2.97355 1.94508
2.97346 1.925
2.97364 1.96451
2.97351 1.93512
2.97359 1.95189
2.9735 1.93335
2.9735 1.93282
2.97343 1.91696
2.97347 1.92304
2.97338 1.90821
2.97341 1.91299
2.97345 1.92349
2.97347 1.9258
2.97365 1.9665
2.97341 1.91479
2.97347 1.9203
2.97361 1.95722
2.97339 1.91004
2.97345 1.92326
2.97364 1.96262
2.97335 1.90019
2.97353 1.93815
2.9736 1.95444
2.97335 1.89211
2.97361 1.95697
2.97345 1.92333
2.97367 1.96596
2.97334 1.89727
2.97361 1.95723
2.97364 1.96259
2.97337 1.90458
2.97366 1.96683
2.9735 1.93217
2.97338 1.90709
2.97365 1.96656
2.97368 1.97052
2.97337 1.90454
2.97345 1.92239
2.97337 1.90441
2.97346 1.92477
2.97347 1.92431
2.97336 1.90369
2.97357 1.94718
2.97337 1.90467
2.97365 1.96645
2.97367 1.96822
2.97339 1.90696
2.97343 1.91886
2.97351 1.93439
2.97354 1.94068
2.97356 1.94351
2.97344 1.91968
2.97334 1.8989
2.97347 1.92632
