2.97635 2.0889
2.97626 2.09281
2.97619 2.094
2.97641 2.08603
2.97628 2.09139
2.97644 2.08496
2.97644 2.08536
2.97643 2.08549
2.9764 2.08694
2.97637 2.08519
2.97623 2.09227
2.97634 2.08953
2.97622 2.09402
2.97635 2.08839
2.97636 2.0886
2.97632 2.09
2.9763 2.08914
2.97631 2.09044
2.97634 2.08937
2.97637 2.08818
2.97643 2.08553
2.97644 2.08446
2.97628 2.09067
2.97641 2.0861
2.97647 2.0841
2.97642 2.0849
2.97638 2.08772
2.97623 2.0941
2.9763 2.09102
2.97644 2.08507
2.97634 2.08939
2.97636 2.08869
2.97623 2.09417
2.97632 2.0902
2.97643 2.08561
2.97626 2.09265
2.97626 2.09274
2.97624 2.09349
2.97643 2.08564
2.9762 2.09468
2.97621 2.09495
2.97645 2.08467
2.97628 2.0919
2.97627 2.09237
2.97643 2.0846
2.97625 2.09322
2.97637 2.08828
2.97629 2.09131
2.97644 2.08518
2.97633 2.08976
2.97639 2.08717
2.97632 2.08995
2.97632 2.0902
2.97626 2.09228
2.9763 2.08696
2.97623 2.09401
2.97625 2.09274
2.97629 2.09165
2.9763 2.0905
2.97645 2.08484
2.97626 2.0928
2.9763 2.08576
2.97641 2.08637
2.97624 2.09364
2.97629 2.09147
2.97643 2.08548
2.9762 2.09528
2.97634 2.08857
2.9764 2.08671
2.97621 2.08666
2.97641 2.08627
2.97629 2.09151
2.97646 2.08053
2.97619 2.09503
2.97641 2.08633
2.97643 2.0854
2.97622 2.09443
2.97645 2.08469
2.97632 2.09003
2.97623 2.09377
2.97645 2.08482
2.97646 2.08362
2.97622 2.09448
2.97628 2.09174
2.97622 2.0945
2.9763 2.09048
2.9763 2.08907
2.97621 2.09466
2.97638 2.08749
2.97622 2.09446
2.97645 2.0849
2.97646 2.08346
2.97624 2.09101
2.97627 2.09237
2.97633 2.08986
2.97635 2.08825
2.97637 2.08621
2.97627 2.0922
2.9762 2.09554
2.9763 2.09046
