2.8714 2.19833
2.86873 2.20496
2.86672 2.17919
2.87318 2.18754
2.86945 2.19419
2.87396 2.1875
2.87397 2.19747
2.87387 2.19755
2.87283 2.19796
2.87207 2.16092
2.86784 2.17608
2.87101 2.20074
2.86767 2.19903
2.87138 2.18641
2.8716 2.19757
2.87041 2.19237
2.87007 2.17318
2.87013 2.19369
2.87106 2.19831
2.87196 2.19931
2.87384 2.1972
2.87414 2.18225
2.86947 2.18225
2.87313 2.18763
2.87483 2.1954
2.87354 2.17639
2.87219 2.19563
2.86779 2.205
2.86988 2.19918
2.87412 2.19535
2.871 2.19673
2.87162 2.20083
2.86772 2.20447
2.87053 2.20116
2.87377 2.19676
2.86881 2.20358
2.86871 2.20234
2.86816 2.20223
2.87371 2.19547
2.86703 2.19478
2.86714 2.20413
2.87442 2.19537
2.86933 2.20274
2.86903 2.20442
2.87373 2.17569
2.86845 2.20578
2.87192 2.20069
2.86972 2.20119
2.87407 2.19616
2.87083 2.20046
2.87268 2.19858
2.87065 2.19866
2.87057 2.20266
2.86887 2.19652
2.87003 2.15778
2.86787 2.20535
2.86845 2.19429
2.86955 2.20365
2.86989 2.18857
2.87429 2.19529
2.86861 2.20039
2.8699 2.15271
2.87326 2.19841
2.86808 2.20332
2.86954 2.19915
2.87386 2.1967
2.86698 2.20711
2.87125 2.18652
2.87296 2.19666
2.86715 2.14999
2.87325 2.19545
2.86955 2.20012
2.87472 2.15177
2.86674 2.194
2.87327 2.19761
2.87387 2.19464
2.86748 2.20282
2.87434 2.19302
2.87053 2.19666
2.86779 2.19713
2.8743 2.19494
2.8748 2.18324
2.86747 2.2037
2.86943 2.20208
2.86746 2.20368
2.8698 2.186
2.86991 2.17052
2.86737 2.20479
2.87221 2.19076
2.86749 2.20363
2.87428 2.19636
2.87461 2.17597
2.86809 2.16812
2.86904 2.20441
2.87075 2.20025
2.87152 2.1874
2.87201 2.16852
2.86913 2.2033
2.86683 2.20847
2.86994 2.18902
