2.92175 1.94185
2.92076 1.88832
2.92002 1.83376
2.9224 1.97466
2.92103 1.89899
2.92269 1.99121
2.9227 1.99537
2.92266 1.99338
2.92228 1.9716
2.92199 1.93679
2.92043 1.8559
2.92161 1.93459
2.92037 1.86362
2.92174 1.9362
2.92182 1.94568
2.92138 1.91841
2.92126 1.90174
2.92128 1.91318
2.92162 1.93464
2.92195 1.95388
2.92265 1.99244
2.92276 1.99253
2.92103 1.89379
2.92239 1.97363
2.92302 2.0127
2.92254 1.97701
2.92204 1.95738
2.92041 1.86849
2.92119 1.91016
2.92275 1.99773
2.9216 1.93266
2.92183 1.94744
2.92039 1.8669
2.92143 1.92462
2.92262 1.99089
2.92079 1.88934
2.92076 1.88687
2.92055 1.87521
2.9226 1.98916
2.92013 1.84823
2.92018 1.85464
2.92286 2.00394
2.92098 1.90008
2.92087 1.89443
2.92261 1.98066
2.92066 1.88269
2.92194 1.9536
2.92113 1.90766
2.92273 1.99694
2.92154 1.93069
2.92222 1.96865
2.92147 1.92612
2.92144 1.92602
2.92081 1.88784
2.92124 1.89074
2.92044 1.87028
2.92066 1.87805
2.92106 1.90488
2.92119 1.90579
2.92281 2.00126
2.92072 1.88398
2.92119 1.88407
2.92243 1.98083
2.92052 1.87391
2.92106 1.90308
2.92266 1.99276
2.92012 1.85239
2.92169 1.93356
2.92233 1.97396
2.92018 1.82212
2.92243 1.97943
2.92106 1.90351
2.92297 1.98743
2.92003 1.84182
2.92244 1.98065
2.92266 1.99211
2.9203 1.86125
2.92283 2.00138
2.92143 1.92283
2.92041 1.86535
2.92282 2.0013
2.923 2.00698
2.9203 1.8614
2.92102 1.90193
2.92029 1.8611
2.92116 1.90262
2.9212 1.89679
2.92026 1.85975
2.92205 1.95558
2.9203 1.86169
2.92281 2.00144
2.92293 1.99946
2.92052 1.85629
2.92087 1.89447
2.92151 1.92896
2.92179 1.93964
2.92197 1.94033
2.92091 1.89605
2.92006 1.8498
2.92121 1.90711
