2.95611 2.07572
2.9558 2.0344
2.95556 1.99789
2.95631 2.10219
2.95588 2.04423
2.9564 2.11463
2.9564 2.11607
2.95639 2.11456
2.95627 2.09813
2.95618 2.07829
2.95569 2.01505
2.95606 2.06987
2.95567 2.01685
2.9561 2.07352
2.95613 2.07872
2.95599 2.05913
2.95595 2.04997
2.95596 2.05497
2.95607 2.0703
2.95617 2.08459
2.95639 2.11392
2.95642 2.11653
2.95588 2.04242
2.9563 2.10141
2.9565 2.12943
2.95635 2.10591
2.9562 2.08783
2.95569 2.01949
2.95593 2.05177
2.95642 2.1182
2.95606 2.06909
2.95613 2.0795
2.95568 2.01839
2.956 2.0623
2.95638 2.11283
2.9558 2.0354
2.95579 2.03374
2.95573 2.025
2.95637 2.11174
2.9556 2.00602
2.95561 2.00924
2.95645 2.12286
2.95587 2.0436
2.95583 2.03908
2.95637 2.10877
2.95576 2.03004
2.95617 2.08416
2.95591 2.04956
2.95641 2.11747
2.95604 2.06698
2.95625 2.09581
2.95602 2.06384
2.95601 2.06311
2.95581 2.03546
2.95595 2.04398
2.95569 2.02079
2.95576 2.02849
2.95589 2.04706
2.95593 2.05031
2.95644 2.12086
2.95578 2.03191
2.95593 2.03936
2.95632 2.10499
2.95572 2.02385
2.95589 2.04646
2.95639 2.11424
2.95559 2.00705
2.95609 2.07152
2.95629 2.10012
2.95561 1.99201
2.95632 2.10443
2.95589 2.04662
2.95649 2.11769
2.95556 2.00135
2.95632 2.10499
2.95639 2.11409
2.95565 2.01442
2.95645 2.12133
2.956 2.06171
2.95569 2.01847
2.95644 2.12094
2.9565 2.1272
2.95565 2.01438
2.95588 2.0451
2.95565 2.01416
2.95592 2.04838
2.95593 2.0467
2.95564 2.01296
2.9562 2.08731
2.95565 2.01462
2.95644 2.12082
2.95648 2.12283
2.95572 2.01663
2.95583 2.03912
2.95603 2.06571
2.95612 2.07593
2.95618 2.07974
2.95584 2.04049
2.95558 2.00489
2.95594 2.05123
