2.97422 2.09042
2.97411 2.07231
2.97403 2.05659
2.97429 2.10209
2.97414 2.07671
2.97432 2.10752
2.97432 2.10805
2.97431 2.10739
2.97427 2.10021
2.97424 2.09173
2.97407 2.0641
2.9742 2.08784
2.97407 2.06471
2.97421 2.08958
2.97422 2.09174
2.97418 2.08324
2.97416 2.07938
2.97416 2.08141
2.9742 2.08805
2.97424 2.09428
2.97431 2.10711
2.97432 2.10841
2.97414 2.07604
2.97428 2.10175
2.97435 2.1139
2.9743 2.10382
2.97425 2.09574
2.97407 2.0658
2.97415 2.07995
2.97432 2.109
2.9742 2.08754
2.97422 2.09204
2.97407 2.06532
2.97418 2.08453
2.97431 2.10664
2.97411 2.07275
2.97411 2.07205
2.97409 2.06823
2.97431 2.10618
2.97404 2.06002
2.97405 2.06133
2.97434 2.11103
2.97413 2.07635
2.97412 2.07435
2.97431 2.10508
2.9741 2.07039
2.97424 2.09408
2.97415 2.07896
2.97432 2.10867
2.97419 2.08658
2.97427 2.09919
2.97419 2.08523
2.97418 2.08486
2.97411 2.07286
2.97416 2.07651
2.97407 2.06636
2.9741 2.06984
2.97414 2.07785
2.97415 2.07943
2.97433 2.11016
2.9741 2.07127
2.97416 2.07412
2.97429 2.1032
2.97408 2.06772
2.97414 2.07763
2.97431 2.10725
2.97404 2.06034
2.97421 2.08871
2.97428 2.10109
2.97405 2.05217
2.97429 2.10299
2.97414 2.07769
2.97435 2.10883
2.97403 2.05799
2.97429 2.10321
2.97431 2.10721
2.97406 2.0636
2.97433 2.11039
2.97418 2.08432
2.97407 2.06543
2.97433 2.1102
2.97435 2.11306
2.97406 2.06358
2.97414 2.07701
2.97406 2.06348
2.97415 2.07861
2.97416 2.07795
2.97405 2.06295
2.97425 2.09556
2.97406 2.06368
2.97433 2.11013
2.97434 2.11122
2.97408 2.06475
2.97412 2.07437
2.97419 2.08603
2.97422 2.09063
2.97424 2.09242
2.97412 2.07498
2.97403 2.05938
2.97416 2.07982
