2.97454 2.0809
2.97444 2.09297
2.97436 2.10008
2.97461 2.07256
2.97447 2.08931
2.97464 2.0691
2.97464 2.06954
2.97464 2.06997
2.9746 2.0746
2.97457 2.07478
2.9744 2.09489
2.97453 2.08273
2.9744 2.09738
2.97454 2.08039
2.97455 2.08
2.9745 2.08499
2.97449 2.08496
2.97449 2.08627
2.97453 2.08241
2.97457 2.0785
2.97464 2.07013
2.97465 2.06804
2.97447 2.08843
2.97461 2.07279
2.97468 2.06565
2.97463 2.07025
2.97457 2.07729
2.9744 2.09715
2.97448 2.08766
2.97465 2.06879
2.97453 2.08262
2.97455 2.08004
2.9744 2.09741
2.97451 2.08487
2.97464 2.0704
2.97444 2.09259
2.97444 2.09295
2.97442 2.09538
2.97463 2.0706
2.97437 2.09997
2.97438 2.09994
2.97466 2.06748
2.97446 2.09023
2.97445 2.09162
2.97463 2.06937
2.97443 2.09426
2.97456 2.07872
2.97448 2.08844
2.97465 2.06905
2.97452 2.08351
2.97459 2.0753
2.97451 2.08424
2.97451 2.08476
2.97444 2.09197
2.97449 2.08267
2.97441 2.09681
2.97443 2.09369
2.97447 2.08933
2.97448 2.08704
2.97466 2.06804
2.97443 2.0933
2.97448 2.08174
2.97462 2.07272
2.97441 2.09579
2.97447 2.08914
2.97464 2.07
2.97437 2.10079
2.97454 2.08095
2.9746 2.07395
2.97438 2.09082
2.97462 2.07264
2.97447 2.08917
2.97467 2.06194
2.97436 2.10118
2.97462 2.07266
2.97464 2.06988
2.97439 2.09839
2.97466 2.06773
2.97451 2.08467
2.9744 2.09675
2.97466 2.06799
2.97468 2.06519
2.97439 2.09847
2.97447 2.08976
2.97439 2.09853
2.97448 2.08728
2.97449 2.08534
2.97439 2.09896
2.97457 2.07701
2.97439 2.0984
2.97466 2.06813
2.97467 2.06555
2.97441 2.09277
2.97445 2.09161
2.97452 2.08385
2.97455 2.07983
2.97457 2.07609
2.97446 2.09114
2.97437 2.1015
2.97449 2.08684
