2.97486 2.00399
2.97476 2.03126
2.97469 2.04986
2.97493 1.98559
2.97479 2.02353
2.97496 1.97766
2.97496 1.97805
2.97496 1.97903
2.97492 1.9896
2.97489 1.99417
2.97473 2.03829
2.97485 2.00804
2.97472 2.04171
2.97486 2.00365
2.97487 2.00197
2.97483 2.01376
2.97481 2.01568
2.97482 2.01661
2.97485 2.00745
2.97488 1.99843
2.97496 1.9794
2.97497 1.97561
2.97479 2.02257
2.97493 1.9861
2.97499 1.96925
2.97494 1.98125
2.97489 1.9959
2.97473 2.04081
2.97481 2.01942
2.97497 1.97644
2.97485 2.00803
2.97487 2.00188
2.97472 2.04145
2.97483 2.01293
2.97495 1.98005
2.97477 2.03045
2.97476 2.03135
2.97474 2.03693
2.97495 1.98059
2.9747 2.04796
2.9747 2.04726
2.97498 1.97345
2.97479 2.0251
2.97477 2.0282
2.97495 1.97929
2.97475 2.03415
2.97488 1.99888
2.9748 2.02109
2.97496 1.977
2.97484 2.00985
2.97491 1.99116
2.97484 2.01163
2.97483 2.0126
2.97477 2.02947
2.97481 2.01369
2.97473 2.04002
2.97475 2.03357
2.97479 2.02299
2.97481 2.01876
2.97497 1.97473
2.97476 2.03228
2.97481 2.01351
2.97493 1.98526
2.97474 2.03781
2.97479 2.02281
2.97496 1.97914
2.9747 2.04903
2.97486 2.00494
2.97492 1.98817
2.9747 2.03822
2.97493 1.98526
2.97479 2.02283
2.97499 1.96626
2.97469 2.0508
2.97493 1.98517
2.97496 1.97897
2.97471 2.04378
2.97497 1.97414
2.97483 2.01273
2.97473 2.0404
2.97497 1.97463
2.97499 1.96899
2.97471 2.04391
2.97479 2.02405
2.97471 2.04405
2.9748 2.01953
2.97481 2.01696
2.97471 2.04496
2.97489 1.99556
2.97472 2.04376
2.97497 1.97488
2.97499 1.97046
2.97474 2.03479
2.97477 2.02817
2.97484 2.01064
2.97487 2.00228
2.97489 1.99578
2.97478 2.02716
2.97469 2.05058
2.97481 2.01826
