2.97548 1.92787
2.97538 1.91221
2.97531 1.89852
2.97554 1.93795
2.97541 1.916
2.97557 1.94265
2.97557 1.94313
2.97557 1.94256
2.97553 1.93634
2.9755 1.92884
2.97535 1.90501
2.97547 1.92564
2.97535 1.90562
2.97548 1.92712
2.97549 1.92901
2.97544 1.92164
2.97543 1.91823
2.97543 1.92007
2.97547 1.92583
2.9755 1.93122
2.97557 1.94232
2.97558 1.94341
2.97541 1.91538
2.97554 1.93766
2.9756 1.94819
2.97556 1.93942
2.97551 1.93247
2.97535 1.90657
2.97543 1.91882
2.97558 1.94395
2.97547 1.92538
2.97549 1.92928
2.97535 1.90616
2.97545 1.92278
2.97557 1.94191
2.97539 1.91259
2.97538 1.91198
2.97536 1.90868
2.97556 1.94151
2.97532 1.90155
2.97533 1.9027
2.97559 1.94571
2.97541 1.9157
2.97539 1.91398
2.97556 1.9405
2.97537 1.91055
2.9755 1.93104
2.97542 1.91796
2.97558 1.94367
2.97546 1.92455
2.97553 1.93546
2.97545 1.92338
2.97545 1.92307
2.97539 1.91267
2.97543 1.91559
2.97535 1.90706
2.97537 1.91005
2.97541 1.917
2.97543 1.91834
2.97558 1.94495
2.97538 1.9113
2.97543 1.91339
2.97555 1.93893
2.97536 1.90823
2.97541 1.91681
2.97557 1.94244
2.97532 1.90185
2.97547 1.92637
2.97554 1.93711
2.97533 1.8941
2.97555 1.93874
2.97541 1.91686
2.9756 1.94357
2.97531 1.89979
2.97555 1.93894
2.97557 1.9424
2.97534 1.90467
2.97559 1.94515
2.97545 1.92259
2.97535 1.90624
2.97558 1.94499
2.9756 1.94743
2.97534 1.90465
2.97541 1.91627
2.97534 1.90457
2.97542 1.91762
2.97543 1.91698
2.97533 1.90411
2.97551 1.93231
2.97534 1.90474
2.97558 1.94493
2.9756 1.94582
2.97536 1.90551
2.97539 1.91399
2.97546 1.92408
2.97548 1.92803
2.9755 1.9295
2.9754 1.91452
2.97532 1.90103
2.97543 1.91868
