1.42541 1.65527
1.86831 1.85474
1.74645 1.78889
1.47168 1.68237
1.74219 1.7827
1.90749 1.85517
1.37145 1.63072
1.93711 1.89966
1.64978 1.77125
1.83146 1.77931
1.89894 1.8754
1.6572 1.7727
1.90841 1.85274
1.47319 1.68319
1.65371 1.77147
1.87039 1.85903
1.39962 1.64014
1.23728 1.56139
1.85551 1.82389
1.39745 1.63924
1.74496 1.78285
1.92194 1.85731
1.82437 1.77805
0.8974 1.3453
1.92068 1.85408
1.45676 1.67217
1.79631 1.76875
1.95211 1.9094
1.41639 1.64879
1.8553 1.82323
1.88817 1.88413
1.4604 1.67591
1.78657 1.77373
1.74558 1.7823
1.88728 1.88331
1.90836 1.85278
1.79254 1.76989
1.70304 1.78494
1.92252 1.85897
1.33239 1.61324
0.99436 1.40927
1.89928 1.87513
1.72769 1.7837
1.89918 1.87517
1.94098 1.88037
1.93277 1.90307
1.83162 1.77962
1.23819 1.5616
1.94096 1.88047
1.8436 1.80337
1.65733 1.77281
1.65615 1.77406
1.9469 1.86826
1.90854 1.85236
0.96374 1.38727
1.82476 1.77803
1.89897 1.87536
1.94975 1.89266
1.93684 1.90267
1.87318 1.86499
1.41246 1.64314
1.87298 1.86463
1.95223 1.91017
1.94698 1.87128
1.9327 1.90283
1.79249 1.77008
1.73901 1.78348
1.85572 1.82403
1.472 1.68268
1.9226 1.85928
1.46113 1.67721
1.91578 1.8428
1.93292 1.90342
1.21924 1.55135
1.8704 1.85903
1.74474 1.7833
1.78941 1.77103
1.74399 1.78312
1.65196 1.78048
0.91177 1.33848
1.93303 1.90382
1.88816 1.88413
1.79149 1.77007
1.48819 1.70223
0.90489 1.332
1.92715 1.88249
1.70801 1.78538
1.9498 1.89306
1.45701 1.67273
1.65733 1.77282
0.90772 1.35229
0.87786 1.32118
1.90859 1.85212
1.95217 1.90978
1.87398 1.86645
1.4341 1.66616
1.83105 1.77979
1.91581 1.84275
1.94413 1.86604
1.82747 1.77753
1.79642 1.76883
1.6418 1.76573
1.95219 1.90993
1.64943 1.77134
1.88804 1.88401
1.37137 1.63042
1.83156 1.77939
1.31862 1.60516
1.88531 1.88118
1.79272 1.77013
1.41177 1.64444
1.93715 1.89959
1.39763 1.63922
1.74576 1.7827
1.91391 1.84544
1.94867 1.88385
1.47482 1.68735
1.47482 1.68733
1.47035 1.68415
1.95225 1.91035
1.44172 1.67294
1.79109 1.7701
1.36473 1.62838
1.90714 1.8563
1.79658 1.76896
1.85592 1.82439
1.85403 1.82125
1.46337 1.68094
1.9161 1.84226
1.78174 1.77629
1.31748 1.6044
1.31623 1.60634
1.94075 1.88179
1.24811 1.56678
1.9472 1.87177
1.79206 1.76953
1.46991 1.68444
1.74336 1.78216
0.96185 1.39002
1.89887 1.87556
1.43419 1.66671
1.85439 1.82205
1.93719 1.89956
1.36278 1.62673
1.8981 1.87621
1.79658 1.76902
1.93062 1.8965
1.85207 1.81733
1.20928 1.54395
0.96459 1.39056
1.7391 1.78356
1.86461 1.84649
1.85288 1.81833
1.60449 1.75426
1.39316 1.637
1.83122 1.77978
1.2158 1.54951
1.65382 1.77167
1.23791 1.56083
1.93717 1.89957
1.85524 1.82303
1.63879 1.76397
0.88089 1.34062
1.64497 1.76928
1.85445 1.82212
1.47441 1.68636
1.47303 1.68265
1.88681 1.8826
1.89895 1.87537
1.42836 1.6597
1.92274 1.85968
1.74525 1.78219
1.85436 1.82199
1.31297 1.60381
1.94699 1.8713
1.32728 1.6108
1.8724 1.86317
1.57009 1.73994
1.22059 1.54837
1.85585 1.82407
1.90715 1.85621
1.95174 1.90693
1.47454 1.68638
1.64487 1.76923
1.72856 1.78379
1.7323 1.78252
1.78974 1.77119
1.57353 1.73986
1.85571 1.82403
1.44232 1.67252
1.21829 1.54675
1.81461 1.77609
1.94409 1.86624
1.79715 1.76778
1.89938 1.87488
1.7406 1.78382
1.4249 1.65604
1.93723 1.89952
1.93701 1.89987
1.31794 1.60708
1.9497 1.89226
1.74637 1.78863
1.94083 1.88127
1.83154 1.77927
1.74467 1.78342
1.36617 1.62684
1.9369 1.89998
1.92142 1.85603
1.78975 1.77113
1.4687 1.68566
1.83089 1.7795
1.92666 1.88014
1.82116 1.77751
1.65262 1.77044
1.93303 1.90383
1.92246 1.85886
1.41497 1.64751
1.92743 1.88624
1.91601 1.84227
1.79681 1.7688
1.94721 1.87184
1.94086 1.88107
1.94099 1.88036
1.47152 1.68224
1.83069 1.77901
1.64788 1.77106
1.41084 1.64264
1.88788 1.88387
1.93676 1.90013
1.92793 1.88633
1.83143 1.77929
1.65103 1.77037
1.79748 1.76813
1.37443 1.63166
1.85561 1.82402
1.44363 1.67352
1.933 1.90375
1.83305 1.78314
1.2103 1.5477
1.83146 1.77932
1.77481 1.77948
1.45714 1.67288
1.45269 1.67336
1.36548 1.62632
1.65437 1.77269
1.94097 1.88045
1.79539 1.76888
1.92192 1.85728
1.64996 1.77119
1.94093 1.88068
1.89764 1.87678
1.93279 1.90312
1.78938 1.77138
1.45445 1.67381
1.42727 1.65846
1.9441 1.86618
1.85497 1.82265
1.88727 1.88333
1.89925 1.87516
1.63737 1.76198
1.78713 1.77327
1.32697 1.61114
1.92814 1.88729
1.32743 1.6112
1.74041 1.78378
1.31348 1.6057
1.65772 1.77276
1.74464 1.78348
1.46829 1.68813
1.94425 1.86544
1.41227 1.64491
1.88795 1.88399
1.7953 1.76897
1.42431 1.65562
1.95214 1.90958
1.8555 1.82387
1.45786 1.67368
1.65089 1.77057
1.89912 1.87514
1.39205 1.63688
1.93726 1.89943
1.4698 1.68453
1.92271 1.8595
1.45314 1.67367
1.74211 1.78269
1.63137 1.76049
1.79252 1.77009
1.91581 1.84275
1.95148 1.90529
1.93727 1.89941
1.37118 1.63074
1.46314 1.68126
1.41484 1.64746
1.41213 1.64246
1.65832 1.77438
1.88803 1.88689
1.74233 1.78261
1.65529 1.77402
1.9521 1.90936
1.36577 1.62874
1.83143 1.77924
1.94254 1.87361
1.7973 1.76765
1.74431 1.78352
1.89762 1.87679
1.94092 1.88075
1.36308 1.62824
1.9079 1.85425
1.7428 1.78201
1.39758 1.63894
1.79283 1.77017
1.85508 1.82265
1.87398 1.86646
1.39411 1.63528
1.46799 1.6862
1.94714 1.87167
1.94385 1.8673
1.73955 1.78361
1.91614 1.84226
1.7968 1.76886
1.94094 1.88065
1.39185 1.63535
1.39366 1.63471
1.91532 1.84319
1.94945 1.89025
1.77182 1.78035
1.74297 1.78211
1.9521 1.90936
1.39384 1.63733
1.85295 1.81867
1.41493 1.64727
1.65602 1.77419
1.65545 1.77401
1.89417 1.8808
1.9162 1.84211
1.41099 1.64403
1.4242 1.65469
1.42517 1.65473
1.70263 1.78562
1.92266 1.85947
1.64786 1.77107
1.65827 1.77428
1.94706 1.87147
1.89913 1.87517
1.74439 1.78347
1.64243 1.76678
1.64749 1.77082
1.4273 1.65862
1.4272 1.65856
1.65678 1.77341
1.73787 1.78275
1.85526 1.82304
1.88757 1.88348
1.90663 1.85792
1.78274 1.776
1.42527 1.65644
1.64745 1.77103
1.90814 1.85361
1.85587 1.82416
1.89853 1.87594
1.90795 1.85415
1.82418 1.77797
1.43734 1.66874
1.74474 1.78331
1.90852 1.85248
1.94983 1.89328
1.8868 1.88258
1.72121 1.78497
1.7458 1.78284
1.90857 1.85221
1.43465 1.6669
1.94716 1.87173
1.94714 1.87168
1.92766 1.88672
1.65623 1.774
1.88161 1.87747
1.95206 1.90911
1.43649 1.6681
1.88809 1.88397
1.85367 1.82042
1.63128 1.7612
1.94567 1.86811
1.43505 1.66632
1.85542 1.82361
1.79121 1.76969
1.43485 1.666
1.47458 1.68654
1.43651 1.66819
1.93924 1.89033
1.43644 1.66817
1.89942 1.87488
1.94955 1.89098
1.94851 1.88252
1.46661 1.68541
1.7954 1.76888
1.88616 1.88833
1.7406 1.78381
1.43493 1.6671
1.65782 1.77318
1.92274 1.85965
1.74048 1.78841
1.44431 1.67369
1.85116 1.81626
1.89838 1.87602
1.44216 1.67329
1.85525 1.82302
1.79758 1.77057
1.44248 1.6727
1.94388 1.86719
1.44365 1.67358
1.46029 1.69097
1.88384 1.87977
1.44359 1.67359
1.44239 1.67333
1.82627 1.77756
1.79749 1.76816
1.44179 1.67331
1.86563 1.8488
1.88817 1.88414
1.93263 1.90259
1.65239 1.76995
1.87349 1.8654
1.44989 1.67479
1.94961 1.89153
1.44813 1.67505
1.87387 1.86643
1.79745 1.76807
1.44933 1.67483
1.93308 1.90397
1.62157 1.75955
1.90574 1.86049
1.9466 1.87037
1.74474 1.78331
1.72123 1.78503
1.87332 1.86511
1.89827 1.87903
1.47481 1.68733
1.44839 1.6744
1.88603 1.88178
1.92253 1.85901
1.82995 1.77943
1.44777 1.67486
1.64577 1.76973
1.933 1.90376
1.47349 1.68398
1.94975 1.89262
1.9496 1.8914
1.44827 1.67428
1.82995 1.77942
1.87293 1.86454
1.8549 1.82257
1.44935 1.67489
1.85592 1.82436
1.65665 1.77351
1.47304 1.68284
1.73778 1.78995
1.94985 1.89346
1.65261 1.77043
1.46589 1.68534
1.73788 1.78278
1.94331 1.87002
1.93302 1.90381
1.93292 1.90345
1.90836 1.8528
1.91606 1.84224
1.4493 1.67491
1.57193 1.74032
1.44832 1.67503
1.92264 1.85942
1.74398 1.78311
1.92269 1.85951
1.8315 1.78018
1.74028 1.78392
1.89904 1.87521
1.854 1.82122
1.94426 1.86539
1.44782 1.67517
1.88686 1.88272
1.82765 1.77797
1.64956 1.78262
1.73806 1.78288
1.45299 1.67365
1.45399 1.67371
1.94098 1.88037
1.65464 1.77304
1.94981 1.89318
1.4572 1.67225
1.7456 1.78237
1.89941 1.87485
1.91607 1.84225
1.79638 1.76881
1.85467 1.82243
1.93508 1.90274
1.79539 1.76887
1.62182 1.75885
1.4532 1.673
1.90823 1.85321
1.92267 1.85948
1.4531 1.67282
1.8984 1.876
1.89929 1.87509
1.46019 1.6753
1.90831 1.85293
1.93301 1.90377
1.77092 1.78099
1.454 1.67377
1.45396 1.67379
1.94635 1.86977
1.92198 1.85744
1.78134 1.77691
1.73786 1.78279
1.95187 1.90778
1.45274 1.67371
1.92223 1.85829
1.77158 1.78094
1.45826 1.67418
1.45711 1.67196
1.65437 1.77277
1.9043 1.8644
1.72745 1.78415
1.46312 1.68102
1.88786 1.88384
1.91611 1.84225
1.82751 1.77113
1.94374 1.86784
1.8876 1.8835
1.83052 1.77895
1.9086 1.85212
1.46022 1.67564
1.45787 1.67374
1.71891 1.78549
1.62381 1.76003
1.45784 1.67372
1.4568 1.67256
1.9398 1.88723
1.65616 1.77407
1.90823 1.85324
1.79578 1.76834
1.65594 1.77422
1.91946 1.85057
1.46147 1.67784
1.7358 1.78202
1.93637 1.90078
1.57276 1.73945
1.92801 1.88668
1.46564 1.6852
1.8716 1.86608
1.65827 1.77429
1.46056 1.67563
1.46049 1.67532
1.94074 1.88179
1.92774 1.88532
1.46114 1.67727
1.87404 1.86658
1.74427 1.78355
1.4633 1.6814
1.92211 1.85785
1.46111 1.67723
1.88588 1.88164
1.95188 1.9079
1.93717 1.89957
1.8981 1.87622
1.46052 1.67612
1.65733 1.77282
1.9353 1.9024
1.91611 1.84226
1.65352 1.77095
1.87392 1.86646
1.88707 1.88303
1.46423 1.68252
1.46393 1.68214
1.88809 1.88681
1.64681 1.78322
1.81438 1.77605
1.6481 1.77107
1.85561 1.82405
1.90579 1.86032
1.46344 1.68114
1.87358 1.86564
1.73747 1.78255
1.90823 1.85321
1.74352 1.78245
1.93304 1.90385
1.79705 1.76821
1.87398 1.86647
1.90863 1.85211
1.65739 1.77288
1.85398 1.82009
1.88748 1.88347
1.46394 1.68218
1.88689 1.88277
1.79483 1.76971
1.88604 1.88177
1.46392 1.68216
1.91534 1.83845
1.4634 1.68152
1.4658 1.68533
1.65818 1.77397
1.82844 1.77384
1.46636 1.68536
1.87195 1.86206
1.74357 1.78253
1.9224 1.85876
1.47199 1.68271
1.46592 1.68501
1.4658 1.69187
1.92826 1.88783
1.83103 1.77983
1.94409 1.86624
1.46587 1.6849
1.89764 1.87671
1.46636 1.68539
1.46634 1.6854
1.8265 1.77783
1.63828 1.76359
1.95213 1.90957
1.46567 1.68536
1.92267 1.85948
1.82899 1.7792
1.87377 1.86627
1.95217 1.90978
1.46848 1.68581
1.61079 1.75596
1.93205 1.90085
1.66062 1.78314
1.46809 1.68581
1.94718 1.87176
1.92801 1.88669
1.74283 1.78201
1.83162 1.7796
1.89858 1.87589
1.94261 1.87325
1.79631 1.76878
1.46785 1.6862
1.94042 1.88362
1.74527 1.78219
1.88081 1.8766
1.78186 1.77625
1.92746 1.88394
1.46804 1.68575
1.8866 1.88818
1.94953 1.89086
1.94426 1.86539
1.46848 1.68583
1.65464 1.77303
1.93904 1.89143
1.79678 1.76891
1.90838 1.85279
1.94083 1.88124
1.9321 1.901
1.46846 1.68586
1.74533 1.78223
1.65544 1.77402
1.74164 1.78332
1.46807 1.68615
1.85374 1.81936
1.46787 1.68632
1.88778 1.88363
1.9162 1.84099
1.65717 1.77268
1.92268 1.8595
1.83132 1.77958
1.85508 1.82267
1.90817 1.85347
1.79605 1.76835
1.47055 1.68404
1.94423 1.8656
1.47349 1.68395
1.65659 1.77352
1.88726 1.88331
1.47001 1.68404
1.64494 1.76892
1.8312 1.77983
1.46978 1.6844
1.85367 1.82043
1.65106 1.77042
1.74038 1.78377
1.94418 1.8658
1.46996 1.68396
1.88771 1.88355
1.92787 1.88601
1.47321 1.68291
1.73535 1.7813
1.91626 1.84198
1.90803 1.85391
1.94423 1.86557
1.79731 1.7677
1.47035 1.68417
1.47033 1.68419
1.89942 1.87487
1.65132 1.77063
1.93306 1.90388
1.74337 1.78223
1.46998 1.68439
1.47059 1.68968
1.88817 1.88414
1.95188 1.9079
1.73941 1.78358
1.47218 1.68289
1.47161 1.6823
1.94409 1.86623
1.62205 1.75899
1.9522 1.91003
1.63248 1.76167
1.88778 1.88365
1.90776 1.85458
1.94684 1.87085
1.89838 1.87601
1.94079 1.88151
1.4717 1.68203
1.83029 1.77911
1.4715 1.68206
1.85404 1.82128
1.85539 1.82352
1.94966 1.89198
1.79272 1.77016
1.64946 1.77113
1.47166 1.68187
1.94074 1.88181
1.6603 1.78367
1.77381 1.77994
1.94962 1.89158
1.94676 1.87069
1.90857 1.85219
1.47201 1.68271
1.88781 1.88372
1.47365 1.68439
1.87114 1.86041
1.82123 1.77753
1.47314 1.68304
1.92241 1.85877
1.79763 1.77083
1.47318 1.6827
1.89903 1.87521
1.47348 1.68395
1.87319 1.86499
1.7934 1.77037
1.47497 1.68765
1.64976 1.77126
1.94672 1.86666
1.85069 1.81559
1.94684 1.87087
1.94411 1.86616
1.47451 1.68666
1.89904 1.87519
1.7968 1.7688
1.88793 1.88397
1.94969 1.8922
1.83092 1.77959
1.48728 1.70214
1.47455 1.68676
1.87255 1.86697
1.47443 1.68651
1.6332 1.76187
1.71957 1.78486
1.89884 1.87563
1.74505 1.78274
1.85594 1.82446
1.74478 1.78324
1.49812 1.70655
1.94037 1.88305
1.48791 1.70138
1.73235 1.78207
1.79745 1.76805
1.74533 1.78222
1.79734 1.7678
1.79421 1.77036
1.65346 1.77106
1.89871 1.87577
1.79731 1.76772
1.95213 1.90953
1.83131 1.77959
1.63832 1.7636
1.87369 1.86599
1.93305 1.90386
1.74553 1.78217
1.6566 1.77356
1.85543 1.82365
1.89854 1.87593
1.57308 1.74077
1.46924 1.69345
1.45928 1.68607
1.78936 1.771
1.63748 1.76221
1.90822 1.85325
1.94709 1.87152
1.6447 1.76901
1.95198 1.90849
1.82765 1.77795
1.72206 1.78487
1.63254 1.76165
1.63252 1.76156
1.65678 1.77341
1.74039 1.78392
1.74212 1.78276
1.91404 1.84527
1.65445 1.77264
1.93328 1.90523
1.89855 1.8759
1.92273 1.85958
1.63725 1.7627
1.89937 1.87488
1.93307 1.9039
1.62092 1.7591
1.7458 1.78284
1.56976 1.73888
1.87331 1.86513
1.91471 1.84424
1.92823 1.88775
1.65767 1.77275
1.5827 1.74451
1.65349 1.77085
1.88686 1.88272
1.82898 1.77909
1.64278 1.7671
1.79732 1.76767
1.86833 1.85484
1.5793 1.74304
1.64744 1.77077
1.64163 1.76602
1.72757 1.78368
1.87368 1.86597
1.89944 1.87488
1.92813 1.88722
1.7972 1.76781
1.65522 1.77403
1.60597 1.75454
1.91539 1.84313
1.94953 1.89081
1.57939 1.74326
1.85101 1.81603
1.89702 1.87758
1.91595 1.84242
1.83092 1.77959
1.82961 1.7795
1.57909 1.74322
1.89934 1.87497
1.74528 1.78212
1.71882 1.78522
1.93303 1.90557
1.65773 1.77293
1.82436 1.77782
1.74575 1.78274
1.85315 1.81929
1.63694 1.76212
1.93702 1.89984
1.74385 1.78303
1.89418 1.8808
1.60898 1.75549
1.64787 1.77104
1.73606 1.7821
1.65238 1.77018
1.94627 1.86959
1.92266 1.85947
1.78179 1.77657
1.63105 1.76112
1.79745 1.77088
1.65091 1.77069
1.90836 1.8528
1.64242 1.76673
1.65099 1.77066
1.6424 1.76677
1.92801 1.88671
1.6054 1.75436
1.92805 1.88684
1.92827 1.88787
1.90432 1.86435
1.6062 1.75392
1.60909 1.75538
1.60432 1.75369
1.851 1.81604
1.89876 1.87572
1.83092 1.77959
1.85225 1.81781
1.94571 1.86823
1.93229 1.90153
1.91587 1.84263
1.60582 1.75373
1.87141 1.86095
1.88678 1.88257
1.93726 1.89943
1.8288 1.77319
1.94716 1.87078
1.60914 1.7555
1.88813 1.88402
1.92226 1.85835
1.63742 1.76284
1.92071 1.85416
1.79744 1.76806
1.89934 1.87498
1.92264 1.85942
1.65814 1.77402
1.63068 1.76114
1.8738 1.86632
1.88814 1.88401
1.95215 1.90966
1.94421 1.86444
1.62481 1.76021
1.85226 1.8178
1.88644 1.88205
1.90451 1.86385
1.94589 1.86864
1.65104 1.77066
1.83017 1.77917
1.92765 1.88484
1.74526 1.78219
1.62378 1.75994
1.62372 1.76005
1.74558 1.7823
1.62192 1.75963
1.73227 1.78201
1.94254 1.8736
1.92656 1.87961
1.62102 1.75957
1.64172 1.76556
1.94426 1.86539
1.63061 1.76063
1.85562 1.82403
1.63121 1.76031
1.87377 1.86626
1.79699 1.76834
1.6383 1.76352
1.94986 1.89355
1.63699 1.76261
1.89936 1.87489
1.89911 1.87516
1.78714 1.7733
1.6414 1.7656
1.82944 1.77952
1.74135 1.78359
1.65233 1.77013
1.87272 1.86404
1.82749 1.7776
1.64175 1.76614
1.90568 1.86064
1.64143 1.76591
1.86852 1.85511
1.71937 1.78533
1.88804 1.88402
1.79634 1.76879
1.74285 1.78203
1.64549 1.76955
1.94416 1.86589
1.84915 1.81308
1.64501 1.76902
1.6455 1.76958
1.90382 1.86574
1.82663 1.77785
1.64547 1.76958
1.94955 1.89098
1.64724 1.77093
1.87399 1.8665
1.81587 1.77636
1.64472 1.76919
1.92266 1.85948
1.79526 1.76899
1.92269 1.85949
1.64738 1.77103
1.93247 1.90633
1.79602 1.76832
1.64726 1.77105
1.89595 1.87891
1.87267 1.86387
1.64937 1.77136
1.8302 1.77906
1.90595 1.8599
1.92706 1.88204
1.64977 1.77123
1.65827 1.77428
1.85467 1.82244
1.89855 1.8759
1.95215 1.90967
1.74443 1.78345
1.82613 1.77782
1.65369 1.77148
1.88656 1.88229
1.9226 1.85927
1.64925 1.77131
1.83026 1.77912
1.65818 1.7741
1.88588 1.88159
1.92823 1.88775
1.73917 1.7834
1.85226 1.81782
1.65782 1.77319
1.90857 1.85221
1.85509 1.82265
1.83026 1.77912
1.73197 1.78236
1.64942 1.77109
1.64927 1.77141
1.88809 1.88398
1.90803 1.85394
1.7455 1.78212
1.85448 1.82216
1.92809 1.88701
1.65148 1.77064
1.95219 1.90988
1.65132 1.77065
1.88744 1.88344
1.7935 1.77027
1.93231 1.90158
1.65132 1.77066
1.94426 1.86538
1.72713 1.78406
1.89759 1.87683
1.65275 1.77057
1.91579 1.84278
1.65262 1.77042
1.65225 1.76995
1.79481 1.76984
1.65723 1.7726
1.65236 1.76985
1.94708 1.87151
1.6534 1.77098
1.65773 1.77283
1.79684 1.76875
1.65599 1.77421
1.91621 1.84209
1.91389 1.84546
1.65226 1.77008
1.95223 1.9102
1.65768 1.77281
1.73514 1.78151
1.90857 1.85219
1.95195 1.90835
1.65521 1.77398
1.92548 1.87417
1.65339 1.77086
1.65371 1.77149
1.94092 1.88075
1.88408 1.88004
1.9086 1.85213
1.91269 1.84715
1.65081 1.78012
1.93155 1.89938
1.6535 1.77113
1.93719 1.89957
1.73293 1.7824
1.94079 1.88152
1.65474 1.77314
1.65443 1.77281
1.88112 1.87688
1.87321 1.86502
1.65601 1.77406
1.83046 1.77888
1.65448 1.77271
1.85572 1.82403
1.91243 1.84746
1.65463 1.77304
1.79678 1.76889
1.92171 1.85668
1.65446 1.77284
1.89907 1.8752
1.65553 1.77401
1.94406 1.86643
1.65526 1.77402
1.93638 1.90079
1.8242 1.7781
1.91619 1.84217
1.93911 1.89106
1.65722 1.77272
1.91579 1.84277
1.90836 1.8528
1.6553 1.77391
1.65528 1.77387
1.85076 1.81556
1.88189 1.87775
1.65545 1.77401
1.87215 1.86702
1.79687 1.7687
1.65603 1.77408
1.74466 1.78344
1.95216 1.90977
1.65615 1.77408
1.91971 1.85134
1.70631 1.78538
1.9441 1.86618
1.73752 1.78224
1.74557 1.7823
1.65595 1.77426
1.82987 1.77949
1.93983 1.88704
1.91625 1.84196
1.83047 1.77882
1.65684 1.77336
1.65663 1.77353
1.91578 1.8428
1.74233 1.7826
1.87404 1.86658
1.90664 1.85787
1.91553 1.843
1.65782 1.77318
1.95223 1.9102
1.92233 1.85859
1.65666 1.77339
1.93707 1.89975
1.79498 1.76957
1.72857 1.78384
1.65665 1.77336
1.72762 1.7841
1.74155 1.78341
1.74342 1.78218
1.65677 1.77342
1.90857 1.85221
1.65716 1.77262
1.65721 1.77255
1.93302 1.90381
1.65816 1.77406
1.94418 1.86577
1.65788 1.77332
1.8506 1.81539
1.944 1.86666
1.65771 1.77288
1.79242 1.76997
1.65819 1.77402
1.88799 1.88403
1.65813 1.77397
1.78269 1.77604
1.93233 1.90656
1.88677 1.88761
1.73756 1.78233
1.73327 1.78239
1.66572 1.78376
1.7434 1.78226
1.92773 1.88527
1.92226 1.85836
1.7032 1.78559
1.65128 1.78276
1.91463 1.84433
1.93159 1.89947
1.82956 1.77951
1.866 1.84962
1.89772 1.87667
1.6463 1.78087
1.874 1.86651
1.83052 1.77895
1.73541 1.7814
1.74129 1.78359
1.94702 1.8714
1.79656 1.76903
1.82107 1.77772
1.92809 1.88701
1.73293 1.78245
1.7972 1.7678
1.90754 1.85512
1.92242 1.8588
1.66076 1.78353
1.88814 1.88401
1.74505 1.78273
1.74389 1.78293
1.73529 1.78177
1.70154 1.78534
1.95195 1.90835
1.7455 1.78208
1.89884 1.87561
1.73219 1.78254
1.88707 1.88305
1.94979 1.89297
1.70343 1.78499
1.93719 1.89956
1.83163 1.77963
1.83122 1.77978
1.79699 1.76828
1.92274 1.85967
1.87361 1.86571
1.83153 1.77928
1.79634 1.76873
1.85445 1.82212
1.71965 1.78528
1.70636 1.78547
1.85583 1.82547
1.84891 1.81271
1.94699 1.8713
1.94094 1.88067
1.70621 1.78552
1.95225 1.91034
1.94088 1.88093
1.93291 1.90342
1.70171 1.78584
1.83051 1.77895
1.71977 1.78488
1.95158 1.90588
1.94657 1.87028
1.78162 1.77668
1.72116 1.78507
1.73537 1.78181
1.83135 1.77954
1.94392 1.86353
1.732 1.78265
1.74155 1.78342
1.94362 1.86852
1.91537 1.84315
1.72907 1.78368
1.79108 1.7699
1.74071 1.78376
1.92269 1.8595
1.7957 1.76817
1.73582 1.78201
1.94079 1.88154
1.74403 1.78315
1.88158 1.87746
1.72853 1.78388
1.94908 1.88729
1.72717 1.78431
1.7329 1.78247
1.73582 1.78197
1.91383 1.84561
1.9221 1.85783
1.91589 1.84259
1.73516 1.78178
1.85594 1.82444
1.74432 1.78345
1.73736 1.78236
1.73754 1.78259
1.85577 1.82547
1.90842 1.85273
1.73738 1.78254
1.9497 1.89228
1.73914 1.78336
1.73941 1.7836
1.7394 1.7836
1.82912 1.77402
1.82949 1.77947
1.93248 1.90207
1.73915 1.78357
1.91502 1.84366
1.82946 1.77954
1.73903 1.78358
1.90857 1.85221
1.92171 1.8567
1.82847 1.77864
1.90846 1.85267
1.94413 1.86603
1.74035 1.78393
1.94983 1.89328
1.87264 1.86383
1.74059 1.78383
1.74029 1.78398
1.88652 1.88224
1.93723 1.90086
1.74155 1.7834
1.74139 1.78342
1.74137 1.78341
1.86883 1.85584
1.79666 1.76894
1.87392 1.86645
1.95195 1.90831
1.74138 1.78356
1.79638 1.76881
1.88369 1.87965
1.79601 1.76827
1.7413 1.78364
1.79567 1.76825
1.89871 1.87579
1.94709 1.87153
1.94095 1.88056
1.92232 1.85858
1.7424 1.78256
1.89989 1.87555
1.74216 1.78271
1.94097 1.88041
1.74286 1.78189
1.89937 1.87488
1.95224 1.91024
1.95206 1.90909
1.7422 1.78255
1.94427 1.86537
1.74218 1.78253
1.94711 1.87154
1.74232 1.78262
1.79611 1.76844
1.93253 1.90224
1.78661 1.77341
1.88539 1.88126
1.7458 1.78284
1.87181 1.86164
1.87398 1.86646
1.92579 1.87578
1.79699 1.76829
1.74303 1.78216
1.74279 1.78193
1.74285 1.78184
1.91241 1.84755
1.74385 1.78298
1.89615 1.87867
1.79443 1.77014
1.83164 1.78036
1.74297 1.78212
1.79719 1.76781
1.74296 1.78212
1.94932 1.88918
1.74352 1.78244
1.95221 1.91009
1.82748 1.77781
1.79527 1.76904
1.74427 1.78352
1.79703 1.76826
1.74341 1.78212
1.88813 1.884
1.79716 1.7678
1.91567 1.84291
1.9326 1.90248
1.74351 1.78244
1.93721 1.89955
1.79572 1.7682
1.74342 1.78229
1.74388 1.78304
1.7439 1.78297
1.85308 1.81914
1.94686 1.87093
1.74398 1.78312
1.79163 1.77011
1.82766 1.77797
1.7439 1.78305
1.88644 1.88213
1.94423 1.86552
1.7443 1.78353
1.74431 1.78343
1.74439 1.78347
1.74439 1.78348
1.91471 1.84425
1.89801 1.87625
1.74468 1.78335
1.74499 1.78283
1.74464 1.78346
1.79149 1.7701
1.91627 1.842
1.74467 1.78334
1.90806 1.85385
1.88591 1.88166
1.74509 1.78269
1.74498 1.78285
1.91553 1.84297
1.83073 1.77919
1.91611 1.84225
1.745 1.78275
1.9371 1.89968
1.74499 1.78274
1.74553 1.78211
1.74505 1.78274
1.74496 1.78288
1.90842 1.85272
1.91537 1.84315
1.74533 1.78222
1.95151 1.90543
1.83133 1.77954
1.9327 1.90284
1.74536 1.78224
1.74618 1.7891
1.74525 1.78215
1.9321 1.90101
1.74527 1.78209
1.74552 1.78215
1.74552 1.78207
1.90855 1.85234
1.74582 1.78289
1.74573 1.78269
1.92092 1.85471
1.79349 1.7704
1.88757 1.88348
1.74575 1.78267
1.94063 1.88238
1.74575 1.78275
1.79544 1.76882
1.74573 1.78272
1.78996 1.77104
1.89874 1.87575
1.73973 1.79061
1.74943 1.78798
1.933 1.90375
1.9226 1.85927
1.88747 1.88347
1.79604 1.76834
1.82835 1.77836
1.77191 1.78079
1.74077 1.79035
1.89937 1.87487
1.94713 1.8716
1.94039 1.88374
1.74117 1.78844
1.79124 1.76975
1.78976 1.77116
1.92829 1.88799
1.92822 1.8877
1.79703 1.76826
1.9038 1.86573
1.90754 1.85512
1.89919 1.87518
1.78647 1.77381
1.91476 1.84416
1.94405 1.86644
1.82999 1.77939
1.79633 1.7687
1.79117 1.77006
1.93252 1.90219
1.92224 1.8583
1.78627 1.77382
1.73808 1.79165
1.77379 1.77989
1.89375 1.88126
1.92827 1.88788
1.77205 1.78029
1.94022 1.88476
1.93717 1.89957
1.79423 1.77023
1.93723 1.89953
1.85465 1.82242
1.79745 1.76808
1.79748 1.76814
1.94965 1.89187
1.83156 1.77939
1.77372 1.78002
1.85296 1.81885
1.89713 1.87748
1.92823 1.88881
1.90846 1.85266
1.83067 1.77906
1.92655 1.87957
1.79436 1.7702
1.874 1.86651
1.82827 1.77835
1.79658 1.76903
1.94929 1.88894
1.77103 1.78132
1.87409 1.86679
1.7957 1.76831
1.78931 1.77142
1.94025 1.88463
1.78323 1.77568
1.78272 1.77596
1.78129 1.77673
1.79122 1.77006
1.7892 1.77155
1.78744 1.77306
1.78654 1.77343
1.79578 1.76834
1.78711 1.77333
1.91617 1.84098
1.79148 1.77011
1.82612 1.77767
1.88758 1.88346
1.7863 1.77399
1.87184 1.86177
1.88683 1.88797
1.91531 1.84318
1.94354 1.86889
1.92819 1.88757
1.78918 1.77134
1.95211 1.9094
1.9472 1.87179
1.90793 1.85419
1.83154 1.77929
1.95223 1.91022
1.79734 1.7678
1.79251 1.76984
1.91471 1.84424
1.82989 1.77941
1.7957 1.7683
1.82831 1.77846
1.82893 1.77914
1.92246 1.85888
1.79272 1.77015
1.92252 1.85896
1.79243 1.7701
1.92211 1.85784
1.79373 1.77033
1.94981 1.8931
1.85384 1.82051
1.79346 1.77041
1.89923 1.87519
1.82085 1.77761
1.92792 1.88631
1.79364 1.77034
1.94682 1.86768
1.8316 1.7801
1.79348 1.77025
1.79365 1.77036
1.8262 1.77779
1.79364 1.77036
1.94904 1.88692
1.94095 1.88054
1.79417 1.77036
1.84329 1.8027
1.82995 1.77942
1.79341 1.77044
1.91567 1.84288
1.85472 1.82247
1.79424 1.77023
1.83118 1.77984
1.79436 1.77021
1.89918 1.87518
1.79435 1.77022
1.82119 1.77773
1.79423 1.77033
1.9079 1.85427
1.79417 1.77041
1.79493 1.76965
1.88786 1.88383
1.88815 1.88406
1.91601 1.84227
1.83087 1.7795
1.79477 1.76986
1.89596 1.87884
1.91625 1.84197
1.82495 1.77801
1.79734 1.7678
1.94083 1.88128
1.89928 1.87511
1.83132 1.77953
1.87349 1.8654
1.79482 1.76971
1.86849 1.85515
1.91383 1.84559
1.9466 1.87037
1.94418 1.86579
1.81653 1.77649
1.79493 1.76966
1.93609 1.90123
1.87404 1.86659
1.79493 1.76967
1.92774 1.88534
1.91614 1.84226
1.79715 1.7678
1.85353 1.8201
1.79483 1.76981
1.79478 1.7699
1.83094 1.77961
1.93302 1.90381
1.92263 1.85939
1.89928 1.87512
1.79529 1.76899
1.93728 1.89942
1.79532 1.76887
1.90823 1.85323
1.7953 1.76885
1.79582 1.76836
1.89911 1.87515
1.92777 1.88547
1.92827 1.88789
1.91612 1.84226
1.89714 1.87747
1.79577 1.76834
1.85367 1.82042
1.8702 1.85866
1.89831 1.87606
1.94092 1.88078
1.88758 1.88347
1.94705 1.87147
1.93285 1.90328
1.79568 1.76831
1.93307 1.90393
1.79614 1.76849
1.89941 1.87486
1.8994 1.87484
1.928 1.88663
1.81581 1.77637
1.79611 1.76844
1.95225 1.91035
1.79605 1.76827
1.82738 1.77762
1.79604 1.76823
1.94097 1.88039
1.83089 1.77954
1.79611 1.76845
1.91226 1.84773
1.87319 1.86499
1.92759 1.88452
1.91617 1.84221
1.79633 1.76878
1.8987 1.8758
1.79638 1.76882
1.79716 1.7678
1.79663 1.76897
1.88777 1.88362
1.79659 1.76897
1.93637 1.90081
1.8724 1.86317
1.79663 1.76897
1.95225 1.91031
1.93714 1.89959
1.90862 1.85212
1.79663 1.76897
1.92829 1.88802
1.79656 1.76906
1.91621 1.84107
1.79679 1.76887
1.89415 1.88083
1.79684 1.76875
1.83074 1.77919
1.79684 1.76876
1.93717 1.89957
1.89897 1.87536
1.94425 1.86543
1.82899 1.77912
1.79699 1.76836
1.85277 1.81726
1.79697 1.76837
1.8489 1.81269
1.93515 1.90262
1.83105 1.77983
1.79703 1.76826
1.79698 1.76839
1.93663 1.90034
1.933 1.90377
1.79721 1.76781
1.90749 1.85523
1.79717 1.76774
1.93065 1.8966
1.79716 1.76772
1.79736 1.76784
1.87371 1.86606
1.92819 1.88758
1.79731 1.76764
1.7973 1.76768
1.94325 1.87032
1.83163 1.7796
1.79744 1.76804
1.88731 1.88335
1.79745 1.76803
1.79316 1.76933
1.90838 1.85278
1.79962 1.77139
1.85357 1.82008
1.83068 1.77908
1.83165 1.77969
1.91587 1.84264
1.94982 1.89319
1.91624 1.842
1.79384 1.76956
1.95202 1.90878
1.94698 1.87128
1.82089 1.77776
1.93295 1.90353
1.79411 1.76806
1.79185 1.76789
1.89932 1.87501
1.82431 1.77806
1.92793 1.88634
1.83088 1.77949
1.79366 1.76772
1.82744 1.77778
1.9436 1.86862
1.81395 1.77578
1.83153 1.77926
1.87345 1.86531
1.82855 1.7787
1.81585 1.7763
1.89883 1.87562
1.95224 1.91024
1.94421 1.86567
1.93202 1.90078
1.85578 1.82395
1.8147 1.77578
1.82948 1.77946
1.81455 1.77572
1.91404 1.84528
1.94372 1.86307
1.87357 1.86559
1.8853 1.88119
1.83165 1.77969
1.91627 1.84199
1.88382 1.87981
1.93253 1.90608
1.8244 1.77785
1.9282 1.88874
1.9162 1.8421
1.82988 1.77948
1.83124 1.77976
1.95213 1.90957
1.83154 1.77932
1.82957 1.7795
1.88769 1.88352
1.8986 1.87587
1.93714 1.8996
1.81401 1.77607
1.83047 1.77889
1.82215 1.7778
1.82775 1.77805
1.9371 1.89967
1.83017 1.77913
1.94983 1.89327
1.82848 1.77862
1.82181 1.77775
1.82182 1.77778
1.88743 1.88345
1.82179 1.77779
1.8557 1.82403
1.8302 1.77915
1.82894 1.77919
1.82475 1.778
1.82474 1.77804
1.8987 1.87581
1.87398 1.86647
1.90728 1.85415
1.8265 1.77781
1.89833 1.87604
1.90847 1.85263
1.94714 1.87168
1.94052 1.88298
1.91587 1.84264
1.82624 1.77752
1.9472 1.87179
1.82648 1.77784
1.83108 1.77982
1.82625 1.7778
1.89858 1.87589
1.83087 1.77953
1.85586 1.82407
1.82739 1.77777
1.82893 1.77485
1.92263 1.8594
1.87349 1.8654
1.82834 1.77831
1.82848 1.77864
1.93679 1.90011
1.82834 1.77849
1.83021 1.77907
1.91618 1.8422
1.82828 1.77844
1.95223 1.91021
1.95173 1.90691
1.8311 1.77981
1.82915 1.77927
1.82897 1.77919
1.82909 1.77924
1.82909 1.77925
1.83105 1.77983
1.82909 1.77925
1.82957 1.77951
1.89925 1.87516
1.94426 1.86539
1.88806 1.88401
1.82948 1.77953
1.93635 1.90083
1.82944 1.77955
1.90757 1.85506
1.82984 1.77948
1.89874 1.87575
1.83156 1.77939
1.93083 1.89716
1.89368 1.88134
1.92806 1.88689
1.82988 1.7794
1.84465 1.80518
1.92793 1.88634
1.82985 1.77951
1.92569 1.87523
1.85539 1.82353
1.83019 1.77915
1.9085 1.85255
1.83026 1.77912
1.9085 1.85254
1.83054 1.77898
1.83044 1.77883
1.83047 1.77879
1.94718 1.87176
1.83045 1.77887
1.92258 1.85917
1.85592 1.82436
1.89772 1.87668
1.83075 1.77924
1.888 1.88403
1.95213 1.90954
1.83073 1.77919
1.8307 1.77904
1.83067 1.77902
1.83069 1.7791
1.83143 1.77929
1.83088 1.77954
1.89906 1.8752
1.9085 1.85257
1.83118 1.77985
1.87315 1.86491
1.83108 1.77982
1.87009 1.85841
1.90793 1.85419
1.94985 1.89341
1.94656 1.87026
1.94016 1.88513
1.83105 1.7798
1.93721 1.90097
1.83108 1.77982
1.93093 1.89744
1.90857 1.8522
1.9226 1.85926
1.83104 1.77984
1.89772 1.87669
1.83119 1.77984
1.8312 1.77979
1.8312 1.77979
1.83122 1.77978
1.83136 1.77952
1.83132 1.77958
1.83135 1.77954
1.94097 1.8804
1.85586 1.8241
1.83135 1.77954
1.83131 1.7796
1.83147 1.77933
1.90838 1.85278
1.94085 1.88109
1.87121 1.86045
1.83143 1.77929
1.83143 1.77925
1.94097 1.8804
1.83143 1.77927
1.83157 1.77943
1.83153 1.7793
1.9472 1.87178
1.93724 1.89948
1.83166 1.77971
1.89887 1.87556
1.94022 1.88478
1.83163 1.77961
1.83163 1.77964
1.85358 1.82013
1.87404 1.86657
1.94965 1.89185
1.92268 1.85916
1.87276 1.86411
1.85236 1.81797
1.92823 1.88775
1.85525 1.82305
1.93213 1.90109
1.8485 1.81191
1.94986 1.89353
1.84377 1.80365
1.93304 1.90384
1.8558 1.82401
1.87484 1.87004
1.85573 1.82403
1.85297 1.81873
1.93689 1.89999
1.85101 1.81606
1.85539 1.82351
1.86465 1.84669
1.85494 1.82262
1.85293 1.81879
1.82765 1.77266
1.85585 1.82406
1.94628 1.86962
1.84514 1.80606
1.94975 1.89266
1.90854 1.85246
1.85372 1.82055
1.94699 1.87132
1.84383 1.80355
1.85439 1.822
1.94979 1.89293
1.84372 1.80333
1.85356 1.82016
1.84847 1.81199
1.87051 1.85925
1.84467 1.80524
1.94984 1.89334
1.94932 1.88917
1.85564 1.82404
1.84462 1.80518
1.90836 1.85278
1.90851 1.8525
1.85289 1.81863
1.87409 1.86678
1.94069 1.88209
1.93719 1.89956
1.84334 1.80297
1.88806 1.88401
1.89925 1.87516
1.94016 1.88513
1.85509 1.82271
1.85205 1.81747
1.90789 1.85431
1.85488 1.82254
1.92825 1.8878
1.91567 1.8429
1.93287 1.90333
1.84838 1.81186
1.84891 1.81268
1.95213 1.90954
1.84823 1.81155
1.84844 1.81181
1.89912 1.87516
1.84825 1.81168
1.93202 1.90076
1.87314 1.86493
1.85199 1.81741
1.85581 1.82404
1.8549 1.82258
1.88423 1.88018
1.85309 1.81915
1.85073 1.8155
1.93302 1.90382
1.85074 1.81566
1.85062 1.8155
1.85209 1.81739
1.94944 1.89009
1.92821 1.88769
1.85199 1.8173
1.90816 1.85351
1.85208 1.81752
1.85538 1.82352
1.94703 1.87142
1.85308 1.81913
1.91614 1.84226
1.8529 1.81873
1.90569 1.86064
1.94571 1.86819
1.85353 1.82004
1.85508 1.82269
1.85358 1.8202
1.87399 1.86904
1.89858 1.87589
1.85415 1.82153
1.85402 1.82129
1.85579 1.82398
1.91628 1.842
1.87182 1.86171
1.85411 1.82145
1.85411 1.82146
1.90842 1.85274
1.85411 1.82146
1.88712 1.88311
1.85404 1.82132
1.93689 1.89999
1.854 1.82126
1.85438 1.82204
1.8741 1.86683
1.8544 1.82202
1.93261 1.90252
1.91606 1.84223
1.85445 1.82213
1.85436 1.82202
1.92235 1.85863
1.85475 1.8225
1.88786 1.88383
1.90855 1.85249
1.85594 1.82444
1.85468 1.8224
1.85465 1.8224
1.94373 1.86792
1.85467 1.82239
1.85472 1.82248
1.92708 1.88221
1.90825 1.85317
1.92656 1.87966
1.85551 1.82389
1.85693 1.82827
1.85578 1.82396
1.8551 1.82267
1.90747 1.8553
1.92821 1.88768
1.88678 1.8826
1.89913 1.87517
1.85491 1.82254
1.8549 1.82252
1.89833 1.87604
1.94094 1.88071
1.85494 1.82262
1.95215 1.90967
1.85488 1.82256
1.85515 1.82284
1.85513 1.82279
1.95176 1.9071
1.85538 1.8235
1.85513 1.8228
1.85513 1.8228
1.85528 1.82317
1.93635 1.90083
1.85524 1.823
1.85528 1.82317
1.85526 1.82307
1.85542 1.82361
1.95225 1.9103
1.85542 1.82361
1.94057 1.88231
1.85539 1.82355
1.95173 1.9069
1.85555 1.82393
1.85553 1.82392
1.91627 1.842
1.8944 1.88056
1.9226 1.8593
1.85551 1.82388
1.92813 1.88722
1.9083 1.85296
1.92824 1.88778
1.85551 1.82387
1.85553 1.82392
1.8555 1.82389
1.88786 1.88384
1.94965 1.89184
1.85563 1.82404
1.9409 1.88086
1.8556 1.82404
1.85563 1.82405
1.85561 1.82404
1.88378 1.87976
1.94981 1.89318
1.9281 1.88707
1.86497 1.84735
1.90775 1.85313
1.85561 1.82405
1.94686 1.87093
1.85587 1.82416
1.8981 1.87621
1.85571 1.82401
1.92826 1.88784
1.91511 1.84355
1.85569 1.82402
1.8557 1.824
1.91588 1.84261
1.85586 1.82408
1.85572 1.82403
1.92266 1.85947
1.87371 1.86605
1.85569 1.82403
1.85578 1.82397
1.87378 1.86626
1.87358 1.8656
1.85579 1.82396
1.85579 1.82395
1.8558 1.82402
1.85588 1.8242
1.90769 1.85354
1.85586 1.82409
1.85592 1.82438
1.87239 1.86317
1.85592 1.82437
1.85592 1.82437
1.87233 1.86294
1.89906 1.8752
1.85347 1.81957
1.94977 1.89281
1.93168 1.89976
1.87358 1.86562
1.87187 1.86175
1.87134 1.8608
1.91659 1.8422
1.8704 1.85905
1.87394 1.86647
1.87016 1.85858
1.8864 1.88208
1.87369 1.86598
1.85587 1.82566
1.93713 1.8996
1.86484 1.84708
1.8816 1.87745
1.90838 1.85279
1.87403 1.86656
1.87385 1.86641
1.9217 1.85671
1.87244 1.86327
1.86501 1.84732
1.87293 1.86452
1.86493 1.84713
1.87231 1.86294
1.8994 1.87484
1.94273 1.87274
1.8741 1.86684
1.87021 1.8586
1.88645 1.88207
1.86564 1.84885
1.90825 1.85318
1.92274 1.85965
1.87388 1.86644
1.90401 1.86514
1.8712 1.8604
1.95216 1.9097
1.92822 1.8877
1.86561 1.84879
1.87378 1.86627
1.87298 1.86463
1.87346 1.86533
1.87118 1.86047
1.9368 1.9029
1.86901 1.8562
1.92719 1.88266
1.87331 1.86511
1.897 1.87759
1.86843 1.85502
1.86883 1.85582
1.88768 1.88349
1.9522 1.91002
1.86848 1.85502
1.86881 1.85581
1.87186 1.86181
1.87332 1.86515
1.87196 1.86206
1.89353 1.88146
1.89888 1.87554
1.87019 1.85855
1.87186 1.8617
1.90753 1.85373
1.9366 1.90395
1.8701 1.85849
1.87134 1.86079
1.91595 1.84242
1.87113 1.86034
1.87133 1.86079
1.8712 1.86052
1.87201 1.86219
1.87368 1.86598
1.87196 1.86205
1.90832 1.85292
1.87229 1.86285
1.87232 1.8629
1.87233 1.86298
1.93598 1.90142
1.89904 1.87519
1.87229 1.86289
1.87266 1.86389
1.94413 1.86604
1.87273 1.86404
1.94966 1.89195
1.87267 1.86389
1.87392 1.86645
1.88531 1.88119
1.88711 1.88311
1.87273 1.86404
1.94095 1.88055
1.87291 1.8645
1.87267 1.86391
1.888 1.88403
1.89833 1.876
1.87264 1.86386
1.87301 1.86467
1.87294 1.86453
1.87298 1.86463
1.87294 1.86455
1.87291 1.86452
1.91606 1.84225
1.92273 1.85959
1.87315 1.86492
1.87312 1.8649
1.87405 1.86663
1.91606 1.84223
1.87378 1.86628
1.94713 1.87163
1.87315 1.86494
1.90716 1.85626
1.87313 1.86492
1.87337 1.86522
1.87332 1.86514
1.87335 1.8652
1.95209 1.90935
1.87347 1.8653
1.94961 1.89153
1.87332 1.86512
1.94985 1.89341
1.87335 1.8652
1.87335 1.8652
1.8735 1.86544
1.93307 1.9039
1.87345 1.86528
1.87346 1.86529
1.92194 1.85728
1.87357 1.8656
1.94097 1.8804
1.87345 1.8653
1.87362 1.86575
1.94975 1.89262
1.87359 1.86562
1.91502 1.84369
1.87361 1.86572
1.94423 1.86552
1.9157 1.84287
1.87372 1.86608
1.87368 1.86599
1.87369 1.866
1.87377 1.86627
1.90712 1.85636
1.94984 1.89334
1.88747 1.88347
1.91625 1.84197
1.87379 1.8663
1.87379 1.8663
1.87385 1.86642
1.87386 1.86642
1.87385 1.86642
1.89885 1.87559
1.87387 1.86644
1.87385 1.86642
1.87394 1.86648
1.95222 1.91016
1.87392 1.86646
1.87405 1.86663
1.87235 1.86669
1.87392 1.86645
1.87392 1.86646
1.94053 1.88297
1.874 1.86652
1.87398 1.86645
1.87405 1.86666
1.87403 1.86656
1.8741 1.86685
1.87408 1.86679
1.87408 1.86678
1.95217 1.90981
1.93726 1.89943
1.87409 1.8668
1.87408 1.86678
1.88609 1.88183
1.88778 1.88365
1.88108 1.87693
1.94965 1.89188
1.87243 1.86735
1.9441 1.86619
1.8881 1.88399
1.88768 1.8835
1.88705 1.88302
1.93278 1.90309
1.88604 1.88178
1.88512 1.88104
1.91284 1.84694
1.87394 1.86909
1.88643 1.88211
1.93272 1.9029
1.88507 1.88097
1.87401 1.86914
1.94401 1.86666
1.88098 1.87684
1.87169 1.86668
1.9066 1.85803
1.88105 1.87681
1.92805 1.88684
1.91556 1.84298
1.88679 1.88261
1.88818 1.88416
1.88758 1.88349
1.92851 1.88973
1.88516 1.88101
1.94972 1.89244
1.88801 1.88403
1.88799 1.88404
1.88814 1.88402
1.94406 1.86642
1.8864 1.88204
1.94982 1.89364
1.88731 1.88335
1.91601 1.84229
1.94969 1.89221
1.88084 1.87671
1.95217 1.90978
1.88757 1.88347
1.90847 1.85265
1.92242 1.8588
1.88686 1.88272
1.90716 1.85619
1.92805 1.88683
1.92246 1.85887
1.88381 1.87973
1.88409 1.88005
1.88408 1.88004
1.8994 1.87484
1.89932 1.87501
1.94953 1.89086
1.8837 1.87971
1.88508 1.88101
1.88652 1.88224
1.88514 1.88099
1.93695 1.89994
1.89942 1.87487
1.88515 1.88106
1.88593 1.88162
1.88809 1.88396
1.88593 1.88159
1.88593 1.88167
1.89935 1.87686
1.88652 1.88223
1.94069 1.88208
1.88769 1.88351
1.88762 1.88351
1.90807 1.85381
1.8868 1.88263
1.93154 1.89935
1.88714 1.88314
1.88712 1.88311
1.88708 1.88304
1.88707 1.88306
1.90855 1.85232
1.88705 1.88304
1.88733 1.88337
1.88728 1.88331
1.88732 1.88336
1.88728 1.88333
1.88726 1.88332
1.94095 1.88056
1.91617 1.84221
1.88744 1.88346
1.92651 1.87938
1.88818 1.88416
1.95226 1.91036
1.88745 1.88344
1.88814 1.88405
1.88793 1.88398
1.88809 1.88397
1.94055 1.88223
1.88744 1.88346
1.94038 1.88385
1.88743 1.88346
1.8876 1.8835
1.88769 1.8835
1.8876 1.8835
1.94421 1.86568
1.88772 1.88357
1.92822 1.88876
1.92793 1.88633
1.88771 1.88355
1.88769 1.88349
1.88786 1.88383
1.92135 1.85585
1.88778 1.88364
1.88799 1.88403
1.89802 1.87628
1.88771 1.88355
1.93283 1.90323
1.8878 1.88369
1.88793 1.88398
1.88778 1.88364
1.8878 1.8837
1.88789 1.88388
1.90806 1.85385
1.9498 1.89307
1.88786 1.88383
1.92176 1.85686
1.88788 1.88387
1.88795 1.88399
1.91511 1.84356
1.91943 1.85054
1.9085 1.85252
1.88795 1.88399
1.88793 1.88397
1.93989 1.88666
1.90578 1.8604
1.93598 1.90139
1.92816 1.88745
1.88793 1.88398
1.9224 1.85877
1.88799 1.88404
1.89942 1.87488
1.92762 1.88474
1.88799 1.88403
1.88799 1.88402
1.93231 1.9016
1.92784 1.88588
1.88806 1.88401
1.88813 1.88401
1.88814 1.88405
1.88805 1.884
1.94977 1.89276
1.88804 1.88401
1.88805 1.884
1.93675 1.90014
1.88805 1.88401
1.88811 1.884
1.93724 1.89948
1.88809 1.88398
1.88809 1.88397
1.92192 1.85726
1.8881 1.88399
1.90754 1.85513
1.88818 1.88417
1.88817 1.88413
1.94413 1.86605
1.9409 1.88084
1.93726 1.89943
1.88816 1.88413
1.89834 1.876
1.90665 1.8578
1.89776 1.87662
1.93301 1.90562
1.89759 1.8768
1.94979 1.89293
1.88875 1.88617
1.94714 1.87167
1.88807 1.88677
1.89911 1.87516
1.88692 1.88751
1.90854 1.85237
1.9083 1.85295
1.89937 1.87488
1.89805 1.87619
1.90433 1.86435
1.89698 1.87767
1.95211 1.90942
1.94406 1.86642
1.89803 1.87626
1.89694 1.8777
1.88623 1.88864
1.91607 1.84225
1.8994 1.87484
1.89378 1.88115
1.89373 1.8812
1.8993 1.87508
1.93661 1.90038
1.89355 1.8815
1.89904 1.87521
1.92816 1.88741
1.89627 1.87852
1.89894 1.8754
1.89838 1.87601
1.89591 1.87895
1.93298 1.90369
1.92274 1.85965
1.89616 1.87865
1.94097 1.8804
1.89583 1.87902
1.92233 1.85859
1.89594 1.87887
1.89616 1.87865
1.89585 1.87904
1.89914 1.87517
1.92777 1.88546
1.89804 1.87625
1.8972 1.87738
1.89783 1.88053
1.94052 1.88302
1.92273 1.85955
1.9159 1.84257
1.89895 1.87539
1.94416 1.86585
1.89714 1.87747
1.89804 1.87619
1.89701 1.87764
1.89695 1.87772
1.90746 1.85527
1.90722 1.85607
1.89763 1.87672
1.89813 1.87619
1.89918 1.87519
1.9086 1.85213
1.89831 1.87604
1.89855 1.87593
1.89853 1.87594
1.89872 1.87577
1.89871 1.87579
1.94279 1.87244
1.94056 1.88281
1.89885 1.87559
1.92223 1.85826
1.89924 1.87518
1.89885 1.8756
1.89906 1.87521
1.89898 1.87534
1.95187 1.90778
1.93723 1.89951
1.89895 1.87539
1.89897 1.87536
1.93308 1.90397
1.89895 1.87537
1.89903 1.87522
1.89923 1.87518
1.9368 1.90009
1.89912 1.87515
1.8992 1.87517
1.93679 1.9001
1.89919 1.87518
1.94985 1.8934
1.89918 1.87517
1.93064 1.89653
1.89919 1.87518
1.89918 1.87518
1.93714 1.8996
1.89925 1.87515
1.89923 1.87518
1.89924 1.87517
1.89924 1.87517
1.90722 1.85606
1.89928 1.87512
1.95102 1.90212
1.91971 1.85133
1.89929 1.87509
1.89928 1.87511
1.89928 1.8751
1.89933 1.875
1.89933 1.87499
1.92819 1.88757
1.89934 1.87498
1.89933 1.875
1.89936 1.87488
1.89937 1.87487
1.8994 1.87484
1.90846 1.85266
1.928 1.88664
1.8994 1.87483
1.90773 1.85462
1.9085 1.85253
1.93292 1.90343
1.90726 1.85595
1.89813 1.87972
1.9408 1.88147
1.89934 1.87685
1.94676 1.87069
1.90398 1.86528
1.89832 1.87929
1.93159 1.8995
1.89839 1.87878
1.89777 1.88033
1.90789 1.8543
1.90674 1.85755
1.90855 1.85234
1.8993 1.87701
1.93067 1.89661
1.92823 1.88775
1.90748 1.85526
1.90659 1.85801
1.91461 1.84441
1.94663 1.87041
1.90392 1.86545
1.90772 1.85467
1.90778 1.85453
1.91269 1.84715
1.93594 1.90148
1.90396 1.86525
1.90863 1.85212
1.92825 1.8878
1.92776 1.88546
1.91601 1.84229
1.90806 1.85385
1.90831 1.85295
1.95186 1.90772
1.94706 1.87148
1.90604 1.85963
1.90776 1.85457
1.90577 1.86038
1.94423 1.86561
1.92547 1.87407
1.90595 1.8599
1.95222 1.91016
1.92759 1.88669
1.916 1.84228
1.90862 1.85212
1.91511 1.84355
1.95209 1.90934
1.94713 1.8716
1.90594 1.85992
1.9068 1.85738
1.90664 1.85783
1.92233 1.85859
1.90674 1.85757
1.90749 1.85518
1.94076 1.8817
1.93306 1.90386
1.90722 1.85605
1.91588 1.84261
1.90712 1.85634
1.91596 1.84241
1.90842 1.85275
1.95209 1.90934
1.90771 1.85469
1.90857 1.8522
1.94383 1.86346
1.90772 1.85462
1.90776 1.85458
1.95225 1.91029
1.90773 1.85466
1.90771 1.8547
1.90789 1.85429
1.94697 1.87126
1.9079 1.85425
1.94733 1.8723
1.90793 1.8542
1.90803 1.85396
1.91388 1.84553
1.90803 1.8539
1.90803 1.85392
1.90803 1.85396
1.90814 1.85359
1.90815 1.85356
1.94852 1.88262
1.9086 1.85213
1.90814 1.85356
1.90862 1.85211
1.90816 1.85351
1.93296 1.90357
1.90815 1.85358
1.94423 1.8656
1.90814 1.85361
1.90826 1.85315
1.90825 1.85318
1.90861 1.85212
1.90823 1.85326
1.90833 1.8529
1.94706 1.87147
1.90832 1.85292
1.9083 1.85295
1.90831 1.85293
1.92271 1.85951
1.90836 1.85281
1.9086 1.85213
1.90843 1.8527
1.95208 1.90919
1.93728 1.89942
1.90843 1.85271
1.92672 1.88043
1.90843 1.85272
1.90862 1.85212
1.90843 1.85272
1.9426 1.87332
1.90842 1.85273
1.90848 1.85261
1.90847 1.85263
1.94944 1.8901
1.94374 1.86789
1.90846 1.85265
1.90846 1.85267
1.92211 1.85785
1.9085 1.85253
1.92763 1.88475
1.90851 1.8525
1.90854 1.85238
1.90723 1.85388
1.90854 1.85236
1.93701 1.89985
1.90854 1.85237
1.90854 1.85238
1.90857 1.8522
1.9086 1.85212
1.94018 1.885
1.90862 1.85211
1.90862 1.85212
1.91514 1.84351
1.909 1.85192
1.94401 1.86664
1.91624 1.842
1.93283 1.90324
1.91533 1.84314
1.91566 1.84291
1.90764 1.85321
1.91458 1.84444
1.91235 1.84762
1.93302 1.90381
1.91557 1.84297
1.91595 1.84244
1.91579 1.84277
1.91239 1.8475
1.91552 1.84301
1.9139 1.84549
1.91628 1.84201
1.91268 1.84717
1.93714 1.89959
1.91227 1.84776
1.93687 1.89999
1.91504 1.84366
1.94098 1.88037
1.91412 1.84515
1.91594 1.84245
1.91556 1.84298
1.91405 1.84527
1.91533 1.84319
1.92195 1.85734
1.91462 1.84435
1.91533 1.84313
1.91463 1.84439
1.91459 1.84446
1.91506 1.84359
1.91505 1.84359
1.91505 1.84364
1.94053 1.88294
1.9161 1.84227
1.92198 1.85744
1.91537 1.84315
1.94966 1.89195
1.91531 1.84321
1.93662 1.90397
1.91551 1.843
1.9372 1.89956
1.91553 1.84297
1.94098 1.88037
1.91556 1.84298
1.91551 1.84302
1.94076 1.88173
1.93306 1.90387
1.91571 1.84286
1.91568 1.84288
1.9157 1.84288
1.91566 1.84292
1.91582 1.84273
1.91578 1.84279
1.93283 1.90324
1.91614 1.84226
1.91589 1.84259
1.91623 1.84201
1.94079 1.88154
1.91588 1.84262
1.95219 1.90989
1.91597 1.8424
1.91595 1.84244
1.91596 1.84241
1.91594 1.84245
1.93283 1.90323
1.91603 1.84228
1.91602 1.84228
1.91606 1.84224
1.91602 1.84228
1.91602 1.84228
1.94975 1.89262
1.91601 1.84229
1.91608 1.84225
1.91611 1.84226
1.91611 1.84226
1.93308 1.90397
1.91615 1.84224
1.91623 1.84201
1.91615 1.84224
1.94985 1.89345
1.91614 1.84225
1.92795 1.8864
1.91615 1.84225
1.94986 1.89353
1.91618 1.84221
1.93606 1.9013
1.91618 1.84218
1.91618 1.8422
1.91618 1.84218
1.951 1.90195
1.91621 1.84208
1.9162 1.84211
1.91621 1.8421
1.9162 1.84211
1.92784 1.88588
1.91621 1.84211
1.95226 1.91036
1.91624 1.842
1.94709 1.87151
1.91623 1.842
1.94954 1.89151
1.94424 1.8655
1.91623 1.842
1.91623 1.84199
1.95172 1.90685
1.91626 1.84198
1.91625 1.84196
1.91625 1.84197
1.91628 1.84201
1.91627 1.842
1.91627 1.842
1.92178 1.85693
1.92256 1.85911
1.93675 1.90013
1.91947 1.85066
1.91548 1.83885
1.91553 1.8387
1.93661 1.90036
1.92271 1.85952
1.91509 1.83748
1.92195 1.8573
1.9327 1.90283
1.92142 1.85603
1.92134 1.85582
1.9226 1.85927
1.91544 1.83839
1.94656 1.87025
1.93605 1.90129
1.92131 1.85574
1.91934 1.85028
1.91513 1.83791
1.94423 1.86551
1.92272 1.85955
1.94415 1.86589
1.91984 1.8517
1.92215 1.85801
1.91948 1.85066
1.92233 1.85858
1.93507 1.90273
1.92074 1.85422
1.92135 1.85583
1.94982 1.89319
1.93712 1.89966
1.9197 1.85131
1.92273 1.85956
1.92235 1.85863
1.91936 1.85036
1.92213 1.85796
1.92074 1.85421
1.92086 1.85453
1.92067 1.85404
1.92073 1.85417
1.92086 1.85454
1.92085 1.85453
1.92169 1.85668
1.92146 1.85613
1.92142 1.85603
1.92198 1.85745
1.92135 1.8558
1.92131 1.85577
1.94719 1.87176
1.92176 1.85685
1.92785 1.88592
1.92168 1.85664
1.92176 1.85686
1.92171 1.85673
1.92199 1.85751
1.9226 1.85927
1.94396 1.86685
1.9221 1.85781
1.94975 1.89268
1.92827 1.88789
1.92252 1.85897
1.93279 1.90314
1.92213 1.85796
1.95206 1.90911
1.94088 1.88096
1.92211 1.85787
1.92227 1.85839
1.94708 1.87151
1.92224 1.85829
1.94977 1.89277
1.92223 1.85828
1.92232 1.85857
1.95195 1.9083
1.92274 1.85967
1.92223 1.85827
1.95195 1.90834
1.92236 1.85865
1.92235 1.85863
1.93292 1.90343
1.92243 1.85881
1.93708 1.89974
1.92241 1.85877
1.92273 1.85958
1.94713 1.8716
1.92241 1.85876
1.9227 1.8595
1.92241 1.85878
1.92249 1.85892
1.94703 1.87142
1.92246 1.85888
1.92248 1.85891
1.92247 1.85887
1.92248 1.85891
1.93297 1.90365
1.92248 1.85891
1.94965 1.89187
1.92246 1.85887
1.92253 1.85902
1.92253 1.859
1.92252 1.85895
1.92252 1.85896
1.9522 1.91
1.94638 1.86984
1.92256 1.8591
1.92252 1.85896
1.93706 1.89977
1.92257 1.85915
1.93289 1.90338
1.92256 1.85911
1.92256 1.85909
1.95225 1.91034
1.92257 1.85915
1.92256 1.85911
1.92261 1.85932
1.92264 1.85942
1.92263 1.8594
1.92271 1.85951
1.93231 1.90645
1.92263 1.8594
1.92263 1.8594
1.92263 1.8594
1.92266 1.85947
1.92268 1.85949
1.92268 1.85949
1.94693 1.87114
1.92273 1.85956
1.95201 1.90875
1.94088 1.88093
1.92273 1.85956
1.92269 1.8595
1.95225 1.91029
1.94711 1.87154
1.92269 1.8595
1.92268 1.85949
1.92271 1.85953
1.94708 1.87151
1.92809 1.88702
1.9227 1.8595
1.92271 1.8595
1.92272 1.85955
1.92274 1.85965
1.92775 1.88534
1.92194 1.855
1.92301 1.86097
1.92267 1.85908
1.92813 1.88721
1.92206 1.85565
1.94374 1.86785
1.9221 1.85565
1.92173 1.85361
1.9276 1.88458
1.92816 1.8874
1.92744 1.88384
1.94927 1.88883
1.92715 1.8825
1.94673 1.86693
1.92823 1.88777
1.92708 1.88216
1.92816 1.88741
1.92265 1.85901
1.92202 1.85518
1.9276 1.88456
1.92537 1.87359
1.92544 1.87398
1.92176 1.85405
1.92778 1.88553
1.92568 1.87521
1.93289 1.90337
1.92549 1.87421
1.92774 1.88532
1.92709 1.88221
1.92822 1.88771
1.93261 1.90251
1.92568 1.87519
1.93283 1.90324
1.92759 1.8845
1.92538 1.87369
1.92739 1.8836
1.92657 1.87967
1.92813 1.88719
1.92667 1.88016
1.92667 1.88017
1.92652 1.87943
1.9276 1.88459
1.92738 1.88355
1.92805 1.88685
1.94684 1.87086
1.92715 1.8825
1.92708 1.88217
1.9276 1.88455
1.92706 1.88208
1.92744 1.88383
1.9274 1.88362
1.93982 1.88704
1.92738 1.88352
1.9274 1.8836
1.92744 1.88383
1.9274 1.88364
1.92763 1.88475
1.92773 1.88529
1.92813 1.8872
1.92788 1.88606
1.92785 1.88591
1.92785 1.88591
1.93719 1.89957
1.92787 1.88601
1.92787 1.88601
1.92785 1.88592
1.92795 1.88644
1.92795 1.88641
1.92793 1.88632
1.92799 1.88663
1.92829 1.88801
1.95202 1.90877
1.94705 1.87147
1.92799 1.88661
1.92827 1.88791
1.92801 1.88669
1.928 1.88664
1.92799 1.88662
1.92806 1.88691
1.92809 1.88702
1.92805 1.88684
1.92806 1.88689
1.94083 1.88122
1.92805 1.88683
1.92811 1.88709
1.92809 1.887
1.93706 1.89978
1.92816 1.8874
1.9281 1.88707
1.92809 1.887
1.92814 1.88726
1.92819 1.88756
1.94082 1.8813
1.92813 1.88721
1.94427 1.86537
1.92814 1.88726
1.92817 1.88747
1.92816 1.88745
1.93714 1.89959
1.92816 1.88741
1.92816 1.88742
1.9282 1.88761
1.94069 1.88212
1.92819 1.88757
1.92825 1.88781
1.9282 1.8876
1.92819 1.88758
1.93724 1.89947
1.93297 1.90366
1.9282 1.8876
1.92821 1.88768
1.92821 1.88768
1.92821 1.88768
1.92823 1.88776
1.92825 1.88781
1.92825 1.8878
1.93277 1.90307
1.92828 1.88793
1.92827 1.88788
1.93706 1.89978
1.92827 1.88788
1.92829 1.88802
1.92828 1.88799
1.92828 1.88798
1.92829 1.88799
1.94422 1.86566
1.92829 1.888
1.92828 1.88799
1.93261 1.90252
1.93236 1.90176
1.93295 1.90354
1.94415 1.86589
1.92769 1.88702
1.92773 1.88696
1.9274 1.88595
1.93249 1.90209
1.94085 1.88108
1.93235 1.90171
1.93304 1.90385
1.93204 1.90083
1.94386 1.86724
1.93249 1.90209
1.94714 1.87167
1.93056 1.89629
1.93264 1.90263
1.94658 1.87029
1.9407 1.88203
1.93083 1.89714
1.93252 1.9022
1.93278 1.90308
1.94985 1.89339
1.93261 1.90251
1.94985 1.89339
1.93309 1.90399
1.93082 1.89713
1.93307 1.90391
1.93248 1.90205
1.94425 1.86543
1.93279 1.90312
1.93057 1.89635
1.93173 1.89991
1.93158 1.89946
1.9316 1.8995
1.93168 1.89976
1.93168 1.89977
1.93249 1.9021
1.93516 1.90258
1.93229 1.90155
1.94079 1.88153
1.93288 1.90335
1.9321 1.901
1.93204 1.90082
1.93251 1.90219
1.93249 1.90207
1.93205 1.90085
1.93235 1.9017
1.93232 1.90158
1.93231 1.90157
1.93297 1.90365
1.93292 1.90343
1.94414 1.86599
1.93263 1.90259
1.9485 1.88243
1.94378 1.86768
1.93697 1.89991
1.93263 1.90259
1.9326 1.90249
1.93273 1.90293
1.9327 1.90285
1.94847 1.8822
1.93307 1.90392
1.93272 1.9029
1.93271 1.90285
1.93272 1.9029
1.93271 1.90286
1.94969 1.89218
1.93277 1.90308
1.93278 1.90308
1.93284 1.90327
1.93284 1.90327
1.93305 1.90386
1.93283 1.90325
1.93288 1.90334
1.93289 1.90337
1.95221 1.91009
1.93288 1.90334
1.93288 1.90334
1.93288 1.90334
1.93293 1.90347
1.93291 1.90341
1.93707 1.89975
1.93295 1.90353
1.93292 1.90346
1.93296 1.90358
1.933 1.90375
1.95213 1.90953
1.94331 1.87003
1.93295 1.90353
1.93296 1.90357
1.93295 1.90357
1.93295 1.90354
1.93297 1.90366
1.93298 1.90368
1.93297 1.90366
1.93642 1.90071
1.93298 1.90368
1.93297 1.90366
1.933 1.90375
1.933 1.90377
1.933 1.90375
1.93302 1.90381
1.94933 1.8893
1.93302 1.90382
1.93304 1.90384
1.93307 1.90392
1.93304 1.90384
1.94324 1.87031
1.93304 1.90384
1.93307 1.90391
1.93304 1.90384
1.94413 1.86601
1.93305 1.90386
1.93306 1.90386
1.93306 1.90386
1.93307 1.9039
1.93307 1.9039
1.93309 1.90399
1.93308 1.90397
1.93308 1.90397
1.93666 1.90031
1.93302 1.90556
1.9442 1.86571
1.93716 1.89957
1.94377 1.86776
1.93256 1.90621
1.93259 1.90602
1.93726 1.89943
1.93676 1.90011
1.93695 1.89994
1.93664 1.90033
1.93724 1.89947
1.93512 1.90267
1.93539 1.90227
1.93531 1.90239
1.9409 1.88083
1.93515 1.90261
1.95224 1.91026
1.93687 1.90001
1.93729 1.89942
1.93638 1.90077
1.94702 1.87139
1.93531 1.90239
1.93727 1.89941
1.93702 1.89984
1.93714 1.8996
1.9366 1.90039
1.93596 1.90144
1.93594 1.90148
1.93597 1.90141
1.93605 1.9013
1.93676 1.90013
1.93659 1.90041
1.93645 1.90067
1.95155 1.90572
1.9371 1.89968
1.95104 1.90223
1.93642 1.90071
1.93642 1.90072
1.93678 1.90011
1.93664 1.90033
1.93659 1.9004
1.93661 1.90036
1.93719 1.89957
1.93686 1.90001
1.93689 1.89999
1.93687 1.90001
1.93686 1.90002
1.93697 1.89992
1.93695 1.89992
1.94982 1.89321
1.93695 1.89993
1.93724 1.89948
1.93696 1.89992
1.93695 1.89993
1.9442 1.86572
1.93695 1.89994
1.95215 1.90967
1.94673 1.87061
1.93703 1.89983
1.93701 1.89986
1.93706 1.89976
1.93702 1.89985
1.94629 1.86962
1.93703 1.89984
1.93701 1.89986
1.93701 1.89987
1.93727 1.89941
1.94421 1.86567
1.93706 1.89977
1.9463 1.86964
1.93721 1.89956
1.93706 1.89978
1.9371 1.89968
1.94425 1.86542
1.93711 1.89966
1.9371 1.89967
1.95176 1.9071
1.9371 1.89968
1.93713 1.8996
1.94424 1.86549
1.93716 1.89957
1.94719 1.87176
1.93721 1.89956
1.93716 1.89957
1.93717 1.89956
1.93745 1.89974
1.93717 1.89957
1.93719 1.89957
1.93719 1.89957
1.93722 1.89955
1.93721 1.89956
1.94702 1.87139
1.93726 1.89943
1.93721 1.89955
1.94713 1.8716
1.93721 1.89956
1.94062 1.88247
1.93721 1.89956
1.93723 1.89952
1.93723 1.89953
1.93723 1.89953
1.94423 1.86447
1.93724 1.89947
1.93724 1.89948
1.93727 1.89941
1.93724 1.89948
1.93726 1.89943
1.93726 1.89943
1.93728 1.89942
1.93727 1.89941
1.95113 1.90285
1.93728 1.89942
1.95225 1.91029
1.94062 1.88244
1.94416 1.86586
1.94043 1.88352
1.93674 1.90333
1.93723 1.90087
1.94088 1.88095
1.9522 1.90999
1.93682 1.90295
1.94086 1.88104
1.94096 1.88045
1.94069 1.88212
1.94042 1.88361
1.94095 1.88055
1.94018 1.88506
1.9409 1.88085
1.93903 1.89144
1.93908 1.8912
1.93932 1.88989
1.94064 1.88233
1.93924 1.8903
1.93912 1.89098
1.94422 1.86565
1.94075 1.88178
1.9391 1.89107
1.94427 1.86537
1.94019 1.88498
1.93925 1.89029
1.9472 1.87177
1.94094 1.88064
1.94051 1.88301
1.94076 1.88173
1.94086 1.88108
1.94038 1.8838
1.93994 1.88643
1.94082 1.8813
1.94717 1.8709
1.94064 1.88238
1.93982 1.88711
1.93984 1.88699
1.9399 1.88664
1.9398 1.88724
1.9399 1.88664
1.94421 1.86567
1.94038 1.88385
1.94022 1.88476
1.94055 1.88286
1.94054 1.88287
1.94052 1.88295
1.9442 1.86572
1.94018 1.88501
1.94981 1.89311
1.94039 1.88375
1.94039 1.88377
1.9409 1.88087
1.94054 1.88286
1.94903 1.88683
1.94061 1.88249
1.94062 1.88244
1.94062 1.88245
1.94061 1.88249
1.94071 1.88199
1.94069 1.8821
1.9407 1.88202
1.94069 1.88208
1.94075 1.88178
1.9408 1.88144
1.94098 1.88036
1.94097 1.8804
1.94079 1.88151
1.94092 1.88077
1.9408 1.88147
1.94096 1.88047
1.94272 1.87277
1.94082 1.88128
1.94373 1.86793
1.94083 1.88124
1.94083 1.88127
1.94086 1.88105
1.94085 1.88109
1.94085 1.88107
1.94088 1.88096
1.94415 1.86589
1.94086 1.88105
1.94089 1.88092
1.94674 1.87063
1.94088 1.88094
1.94088 1.88094
1.94088 1.88095
1.9409 1.88083
1.9409 1.88085
1.9409 1.88084
1.9409 1.88086
1.94092 1.88074
1.94698 1.87127
1.94092 1.88077
1.94092 1.88076
1.94092 1.88077
1.94093 1.88068
1.94094 1.88065
1.94094 1.88067
1.94702 1.87139
1.94094 1.88067
1.94095 1.88057
1.94095 1.88058
1.94095 1.88057
1.94096 1.88047
1.94092 1.8808
1.94096 1.88046
1.94096 1.88047
1.94687 1.86818
1.94099 1.88036
1.94098 1.88037
1.94395 1.86688
1.9405 1.8826
1.94113 1.87986
1.94093 1.88072
1.94418 1.86579
1.9426 1.87332
1.94059 1.88205
1.94716 1.87173
1.94377 1.86775
1.9515 1.90537
1.9436 1.86862
1.94355 1.86883
1.9442 1.86573
1.94386 1.86728
1.94258 1.87342
1.94975 1.89266
1.94039 1.8831
1.94397 1.86682
1.94272 1.87275
1.94394 1.86691
1.95224 1.91024
1.94356 1.86877
1.94426 1.86539
1.94407 1.86638
1.95222 1.91015
1.94334 1.86986
1.94323 1.87037
1.94325 1.87028
1.94321 1.87046
1.95224 1.91025
1.94331 1.87002
1.94322 1.87046
1.94386 1.86727
1.94355 1.86879
1.94359 1.86862
1.94388 1.8672
1.94395 1.8669
1.94386 1.86725
1.94355 1.8688
1.94354 1.86889
1.94374 1.86787
1.94946 1.89025
1.94388 1.86715
1.94685 1.87088
1.94419 1.86574
1.94385 1.86731
1.94394 1.86692
1.94395 1.86689
1.94395 1.86685
1.94394 1.86693
1.94402 1.86657
1.94401 1.86665
1.94402 1.86659
1.94401 1.86663
1.94401 1.86663
1.94402 1.86659
1.94407 1.86636
1.94406 1.86641
1.94407 1.86638
1.94409 1.86622
1.94409 1.86622
1.94409 1.86622
1.94413 1.86601
1.94416 1.86588
1.94413 1.86603
1.94413 1.86605
1.94415 1.86588
1.94418 1.8658
1.94416 1.86587
1.94418 1.86578
1.94421 1.86568
1.94947 1.89034
1.94418 1.86578
1.94932 1.88917
1.9442 1.86574
1.9442 1.86573
1.9442 1.86573
1.94425 1.86544
1.94423 1.86558
1.94423 1.8656
1.94423 1.8656
1.94423 1.86551
1.94423 1.86552
1.94711 1.87156
1.94425 1.86544
1.94425 1.86543
1.94425 1.86544
1.94425 1.86543
1.95223 1.91018
1.94426 1.86538
1.94427 1.86536
1.94427 1.86537
1.94427 1.86537
1.94692 1.87109
1.95148 1.90526
1.94677 1.87072
1.94711 1.87156
1.9444 1.86491
1.94422 1.86444
1.9439 1.86361
1.94685 1.87087
1.94676 1.8707
1.94657 1.87028
1.9496 1.89142
1.94388 1.86341
1.94566 1.86808
1.9457 1.86818
1.94374 1.86325
1.95207 1.90917
1.94694 1.87116
1.94583 1.86849
1.94582 1.86849
1.94573 1.86823
1.94692 1.8711
1.9463 1.86965
1.94721 1.87183
1.94583 1.8685
1.94943 1.89082
1.94711 1.87155
1.94673 1.87063
1.94627 1.86957
1.94635 1.86977
1.94635 1.86977
1.94673 1.87062
1.94709 1.87151
1.9466 1.87036
1.94685 1.87086
1.94657 1.87029
1.94674 1.87062
1.94674 1.87064
1.94982 1.89321
1.94687 1.87096
1.94714 1.87167
1.94979 1.89296
1.94692 1.87108
1.94692 1.87109
1.94711 1.87154
1.94693 1.87114
1.95224 1.91026
1.94692 1.8711
1.94692 1.87109
1.94698 1.87128
1.94702 1.8714
1.94702 1.8714
1.94707 1.87149
1.94706 1.87147
1.9472 1.87179
1.94716 1.87173
1.94719 1.87176
1.94706 1.87147
1.94709 1.87151
1.94977 1.89278
1.94712 1.87157
1.94711 1.87154
1.94713 1.8716
1.94713 1.87162
1.94716 1.87172
1.94715 1.87169
1.94714 1.87167
1.94716 1.87173
1.94716 1.87172
1.94719 1.87176
1.94716 1.87172
1.94717 1.87175
1.94718 1.87176
1.94717 1.87175
1.94717 1.87175
1.94719 1.87177
1.94718 1.87176
1.94718 1.87176
1.9472 1.87178
1.94719 1.87176
1.94721 1.8718
1.9472 1.87178
1.94721 1.87183
1.94721 1.87182
1.94721 1.87182
1.94721 1.87183
1.9496 1.89144
1.94717 1.87084
1.94979 1.89292
1.94852 1.88259
1.94946 1.89026
1.94984 1.89335
1.94928 1.8889
1.94686 1.86791
1.94953 1.89084
1.94927 1.88881
1.94846 1.88213
1.94985 1.89345
1.94861 1.8834
1.94969 1.8922
1.95213 1.90952
1.94904 1.88691
1.94986 1.89355
1.94929 1.88894
1.94862 1.88342
1.94983 1.8933
1.94861 1.88338
1.94953 1.89079
1.94943 1.89007
1.94911 1.88752
1.94975 1.89261
1.94961 1.89153
1.94908 1.8873
1.94901 1.88669
1.94903 1.88687
1.94909 1.88731
1.94901 1.88672
1.94943 1.89002
1.94975 1.89263
1.94955 1.89098
1.94929 1.88892
1.94953 1.89084
1.94943 1.89001
1.94943 1.89007
1.94955 1.89105
1.9496 1.89139
1.9496 1.89143
1.94977 1.89277
1.9496 1.89144
1.94966 1.89195
1.9497 1.89226
1.9497 1.89225
1.94969 1.89218
1.94973 1.89251
1.94972 1.89249
1.94972 1.89245
1.94972 1.89242
1.94986 1.89348
1.94972 1.89244
1.94972 1.89249
1.94984 1.89339
1.94972 1.89243
1.94977 1.89277
1.94975 1.89261
1.94978 1.89283
1.94977 1.89281
1.94977 1.89276
1.9498 1.89306
1.94979 1.89291
1.94979 1.89291
1.94979 1.89296
1.9498 1.89309
1.9498 1.89307
1.9498 1.89307
1.94982 1.89322
1.94982 1.89319
1.94981 1.89318
1.94983 1.89328
1.94983 1.89329
1.94983 1.89327
1.94984 1.89336
1.94984 1.89334
1.95105 1.90226
1.94984 1.89333
1.94984 1.89334
1.94985 1.89342
1.94984 1.89339
1.94985 1.89339
1.94986 1.89348
1.94985 1.89346
1.94986 1.89347
1.94985 1.89345
1.94986 1.89355
1.94986 1.89353
1.94986 1.89353
1.9519 1.90797
1.94951 1.89136
1.94997 1.8947
1.95219 1.90989
1.94956 1.89172
1.94958 1.89176
1.94941 1.89061
1.95176 1.9071
1.95223 1.91021
1.9522 1.91
1.94981 1.8936
1.95172 1.90683
1.94983 1.89369
1.95099 1.9019
1.95225 1.91028
1.95226 1.91036
1.95118 1.90317
1.95203 1.90889
1.95113 1.90284
1.95103 1.90219
1.95174 1.90693
1.95112 1.90282
1.95225 1.91029
1.95211 1.9094
1.95217 1.90978
1.95187 1.90776
1.95202 1.90885
1.95151 1.90544
1.95151 1.9054
1.95155 1.90572
1.95155 1.90571
1.95186 1.90773
1.95178 1.9072
1.95197 1.90845
1.95197 1.90844
1.95195 1.90834
1.95188 1.9079
1.95187 1.90777
1.95197 1.90844
1.95202 1.90886
1.95202 1.90885
1.95202 1.90879
1.95201 1.90875
1.95207 1.90912
1.95207 1.90917
1.95216 1.9097
1.95207 1.90916
1.95206 1.90909
1.9521 1.90936
1.95224 1.91024
1.95216 1.90971
1.95215 1.90967
1.95215 1.90966
1.95218 1.90982
1.95217 1.90981
1.9522 1.90999
1.95219 1.90988
1.95216 1.90977
1.95219 1.90992
1.95221 1.91008
1.95219 1.90989
1.95219 1.90992
1.95219 1.90989
1.9522 1.91002
1.9522 1.91
1.95222 1.91011
1.95221 1.91009
1.95224 1.91025
1.95221 1.9101
1.95221 1.91011
1.95222 1.91017
1.95222 1.91016
1.95222 1.91015
1.95223 1.9102
1.95223 1.9102
1.95223 1.91021
1.95224 1.91024
1.95225 1.91029
1.95225 1.91034
