2.1418 1.99331
2.28943 1.97861
2.24881 1.97862
2.15722 1.99408
2.24739 1.97717
2.30249 1.97097
2.12381 1.995
2.31236 1.98134
2.21659 1.99131
2.27715 1.95756
2.29964 1.98008
2.21906 1.99038
2.3028 1.96988
2.15773 1.99408
2.2179 1.99062
2.29012 1.97976
2.1332 1.99286
2.07909 1.9961
2.28516 1.96974
2.13248 1.99296
2.24831 1.97667
2.30731 1.96887
2.27479 1.95855
1.9658 1.98222
2.30689 1.96791
2.15225 1.9933
2.26543 1.96077
2.31736 1.98191
2.13879 1.99271
2.28509 1.96954
2.29605 1.9853
2.15346 1.99395
2.26218 1.96472
2.24852 1.97634
2.29575 1.98519
2.30278 1.9699
2.26417 1.962
2.23434 1.9858
2.3075 1.96937
2.11079 1.99634
1.99812 1.98738
2.29975 1.97991
2.24256 1.98045
2.29972 1.97995
2.31365 1.97359
2.31092 1.9834
2.2772 1.95765
2.07939 1.996
2.31365 1.97363
2.28119 1.96438
2.2191 1.99039
2.21871 1.99108
2.31563 1.96793
2.30284 1.96971
1.98791 1.98506
2.27491 1.95846
2.29965 1.98006
2.31658 1.97635
2.31228 1.98247
2.29105 1.98137
2.13748 1.9914
2.29099 1.98128
2.3174 1.98216
2.31565 1.96904
2.31089 1.98333
2.26416 1.96208
2.24633 1.9781
2.28523 1.96975
2.15733 1.99414
2.30753 1.96947
2.15371 1.99428
2.30525 1.96465
2.31097 1.9835
2.07307 1.99597
2.29013 1.97976
2.24824 1.97688
2.26313 1.96309
2.24799 1.97696
2.21731 1.9942
1.97059 1.97622
2.311 1.98362
2.29605 1.9853
2.26382 1.96229
2.16273 1.99806
1.96829 1.97501
2.30904 1.9771
2.236 1.98497
2.31659 1.97648
2.15233 1.99345
2.2191 1.9904
1.96924 1.98286
1.95928 1.97644
2.30286 1.96961
2.31738 1.98203
2.29132 1.98174
2.1447 1.9956
2.27701 1.95784
2.30526 1.96463
2.3147 1.96766
2.27582 1.9577
2.26547 1.96078
2.21393 1.99088
2.31739 1.98208
2.21647 1.99141
2.29601 1.98529
2.12378 1.99491
2.27718 1.95757
2.1062 1.99609
2.2951 1.98481
2.26423 1.96205
2.13725 1.99202
2.31238 1.98131
2.13254 1.99291
2.24858 1.97645
2.30463 1.96603
2.31622 1.97335
2.15827 1.99529
2.15827 1.99528
2.15678 1.995
2.31741 1.98221
2.14724 1.99657
2.26369 1.96238
2.12157 1.99548
2.30237 1.97146
2.26552 1.96079
2.2853 1.96985
2.28467 1.96905
2.15445 1.99521
2.30536 1.96438
2.26057 1.9667
2.10582 1.99604
2.1054 1.99701
2.31358 1.97416
2.0827 1.99594
2.31573 1.96918
2.26401 1.96196
2.15663 1.99519
2.24778 1.97673
1.98728 1.98657
2.29962 1.98015
2.14472 1.99578
2.28479 1.96928
2.31239 1.98129
2.12092 1.99526
2.29936 1.98053
2.26552 1.96082
2.3102 1.98147
2.28402 1.96797
2.06976 1.99519
1.98819 1.98621
2.24636 1.97811
2.2882 1.97632
2.28429 1.96818
2.20149 1.99405
2.13105 1.99298
2.27707 1.9578
2.07193 1.99597
2.21793 1.99067
2.0793 1.99576
2.31238 1.9813
2.28507 1.96947
2.21292 1.99083
1.96029 1.98388
2.21498 1.99154
2.28481 1.96929
2.15813 1.99501
2.15767 1.99392
2.2956 1.98502
2.29964 1.98006
2.14278 1.99436
2.30758 1.96959
2.24841 1.97636
2.28478 1.96926
2.10432 1.99672
2.31566 1.96905
2.10909 1.99646
2.29079 1.98086
2.19002 1.99562
2.07352 1.99456
2.28528 1.96974
2.30238 1.97142
2.31724 1.9811
2.15818 1.99499
2.21495 1.99154
2.24285 1.98031
2.24409 1.97909
2.26324 1.96308
2.19117 1.99492
2.28523 1.96976
2.14744 1.9963
2.07276 1.99442
2.27153 1.95982
2.31469 1.96774
2.26571 1.96021
2.29979 1.9798
2.24686 1.97791
2.14163 1.9937
2.3124 1.98127
2.31233 1.98144
2.10598 1.99694
2.31656 1.97621
2.24878 1.97854
2.3136 1.97396
2.27717 1.95753
2.24822 1.97694
2.12205 1.99462
2.31229 1.9815
2.30713 1.96849
2.26324 1.96306
2.15623 1.99588
2.27696 1.95776
2.30888 1.97635
2.27371 1.95901
2.21753 1.99046
2.311 1.98362
2.30748 1.96934
2.13832 1.99252
2.30914 1.97841
2.30533 1.9644
2.2656 1.96068
2.31573 1.9692
2.31361 1.97388
2.31366 1.97359
2.15717 1.99407
2.27689 1.95761
2.21595 1.99161
2.13694 1.99154
2.29595 1.98527
2.31225 1.98158
2.3093 1.97834
2.27714 1.95756
2.217 1.99075
2.26582 1.96028
2.12481 1.99475
2.2852 1.96977
2.14787 1.9964
2.31099 1.9836
2.27768 1.95873
2.07009 1.99641
2.27715 1.95756
2.25826 1.96934
2.15238 1.99349
2.15089 1.99455
2.12182 1.99457
2.21812 1.99093
2.31365 1.97363
2.26512 1.96101
2.3073 1.96886
2.21665 1.99125
2.31364 1.97372
2.29921 1.98083
2.31092 1.98342
2.26312 1.96323
2.15148 1.99436
2.14242 1.99412
2.31469 1.96772
2.28498 1.96939
2.29575 1.98519
2.29974 1.97993
2.21245 1.99039
2.26237 1.96443
2.10898 1.99665
2.30937 1.97865
2.10914 1.99657
2.2468 1.97793
2.10449 1.99733
2.21923 1.9903
2.24821 1.97697
2.15609 1.99686
2.31474 1.96741
2.13742 1.9921
2.29598 1.9853
2.2651 1.96106
2.14143 1.99366
2.31737 1.98197
2.28516 1.96974
2.15262 1.99364
2.21696 1.99085
2.2997 1.97995
2.13068 1.99316
2.31241 1.98123
2.1566 1.99525
2.30756 1.96953
2.15104 1.99457
2.24736 1.97718
2.21045 1.99103
2.26417 1.96208
2.30526 1.96463
2.31716 1.98056
2.31242 1.98122
2.12372 1.99507
2.15438 1.99537
2.13828 1.99253
2.13737 1.99121
2.21943 1.99077
2.296 1.98631
2.24744 1.97711
2.21842 1.99123
2.31736 1.98189
2.12192 1.99541
2.27714 1.95754
2.31417 1.97079
2.26576 1.96013
2.2481 1.97705
2.2992 1.98084
2.31363 1.97375
2.12102 1.99576
2.30263 1.97054
2.24759 1.97679
2.13252 1.99282
2.26427 1.96205
2.28502 1.96936
2.29132 1.98174
2.13137 1.99215
2.15599 1.99622
2.31571 1.96915
2.31461 1.96819
2.24651 1.97804
2.30537 1.96437
2.26559 1.96071
2.31364 1.97371
2.13061 1.99263
2.13121 1.99203
2.3051 1.96489
2.31648 1.97553
2.25727 1.97028
2.24765 1.97679
2.31736 1.98189
2.13128 1.99297
2.28431 1.96829
2.13831 1.99244
2.21867 1.99115
2.21848 1.99119
2.29805 1.98295
2.30539 1.9643
2.13699 1.99203
2.1414 1.99334
2.14172 1.99316
2.2342 1.98613
2.30755 1.96952
2.21595 1.99162
2.21942 1.99074
2.31568 1.9691
2.2997 1.97996
2.24812 1.97701
2.21414 1.99114
2.21582 1.9916
2.14243 1.99417
2.14239 1.99417
2.21892 1.99072
2.24595 1.97806
2.28508 1.96947
2.29585 1.98519
2.3022 1.97216
2.26091 1.96638
2.14175 1.99377
2.21581 1.99169
2.30271 1.97026
2.28528 1.96977
2.2995 1.98035
2.30264 1.9705
2.27472 1.95856
2.14577 1.9959
2.24824 1.97688
2.30283 1.96976
2.3166 1.97656
2.29559 1.98502
2.2404 1.98221
2.24859 1.9765
2.30285 1.96965
2.14488 1.99576
2.31571 1.96917
2.31571 1.96916
2.30921 1.97854
2.21874 1.99104
2.29386 1.98421
2.31735 1.98181
2.14549 1.99583
2.29602 1.98526
2.28455 1.96881
2.21042 1.99131
2.31522 1.96812
2.14501 1.99547
2.28513 1.96966
2.26373 1.9622
2.14495 1.99539
2.15819 1.99504
2.1455 1.99586
2.31307 1.97757
2.14547 1.99587
2.2998 1.97979
2.31651 1.97578
2.31616 1.97289
2.15553 1.9962
2.26513 1.96101
2.29538 1.98718
2.24686 1.9779
2.14497 1.99577
2.21927 1.99043
2.30757 1.96958
2.24682 1.97963
2.1481 1.99633
2.28371 1.96774
2.29945 1.98041
2.14738 1.99661
2.28508 1.96947
2.26585 1.96121
2.14749 1.99633
2.31462 1.96814
2.14788 1.99642
2.15343 1.99946
2.29461 1.98459
2.14786 1.99644
2.14746 1.99658
2.27542 1.95796
2.26582 1.96029
2.14726 1.99669
2.28854 1.97697
2.29605 1.98531
2.31087 1.98326
2.21746 1.99033
2.29116 1.98146
2.14996 1.99563
2.31653 1.97596
2.14937 1.99607
2.29128 1.98176
2.26581 1.96027
2.14977 1.99575
2.31102 1.98366
2.20718 1.99261
2.30191 1.97329
2.31553 1.96878
2.24824 1.97689
2.2404 1.98222
2.2911 1.98139
2.29942 1.98152
2.15827 1.99528
2.14946 1.99578
2.29534 1.98488
2.3075 1.96938
2.27664 1.95792
2.14925 1.99607
2.21525 1.99154
2.31099 1.9836
2.15783 1.99432
2.31658 1.97633
2.31653 1.97592
2.14942 1.99576
2.27664 1.95792
2.29097 1.98125
2.28496 1.96937
2.14978 1.99577
2.2853 1.96984
2.21888 1.99078
2.15768 1.99398
2.24592 1.98074
2.31661 1.97662
2.21753 1.99046
2.15529 1.99632
2.24595 1.97807
2.31443 1.96931
2.311 1.98362
2.31097 1.98351
2.30278 1.96991
2.30535 1.96438
2.14976 1.99579
2.19064 1.9954
2.14943 1.99603
2.30754 1.96951
2.24799 1.97696
2.30756 1.96953
2.27716 1.9579
2.24675 1.97801
2.29967 1.97999
2.28466 1.96904
2.31475 1.96739
2.14927 1.99618
2.29561 1.98506
2.27588 1.95784
2.21651 1.99543
2.24601 1.97806
2.15099 1.9946
2.15133 1.99442
2.31365 1.97359
2.21821 1.991
2.3166 1.97652
2.15239 1.99324
2.24853 1.97636
2.2998 1.97979
2.30535 1.96438
2.26546 1.96078
2.28488 1.96936
2.31169 1.98284
2.26512 1.961
2.20727 1.99231
2.15106 1.99431
2.30274 1.97009
2.30755 1.96953
2.15103 1.99427
2.29946 1.9804
2.29976 1.9799
2.15339 1.99377
2.30276 1.96997
2.311 1.98361
2.25697 1.97071
2.15133 1.99444
2.15132 1.99445
2.31544 1.96861
2.30732 1.96891
2.26044 1.96702
2.24595 1.97807
2.31728 1.98138
2.15091 1.99467
2.3074 1.96917
2.25719 1.97056
2.15275 1.99374
2.15236 1.99315
2.21812 1.99096
2.30143 1.97501
2.24248 1.98066
2.15437 1.99529
2.29595 1.98526
2.30536 1.96438
2.27583 1.95517
2.31457 1.96841
2.29586 1.98519
2.27683 1.95762
2.30286 1.96961
2.1534 1.99389
2.15262 1.99366
2.23963 1.98286
2.20793 1.99235
2.15261 1.99366
2.15226 1.99344
2.31326 1.97633
2.21871 1.99108
2.30274 1.9701
2.26525 1.96072
2.21864 1.99117
2.30648 1.96684
2.15382 1.99445
2.24526 1.9782
2.31212 1.98189
2.19091 1.99492
2.30933 1.97846
2.15521 1.99632
2.29053 1.98207
2.21942 1.99074
2.15352 1.99382
2.15349 1.99372
2.31357 1.97416
2.30924 1.97801
2.15371 1.9943
2.29134 1.98177
2.24808 1.97707
2.15443 1.99539
2.30736 1.96903
2.1537 1.99429
2.29529 1.98486
2.31729 1.98142
2.31238 1.9813
2.29936 1.98054
2.1535 1.99401
2.2191 1.9904
2.31176 1.98267
2.30536 1.96438
2.21783 1.99047
2.2913 1.98175
2.29568 1.98513
2.15474 1.99562
2.15464 1.99554
2.29602 1.98627
2.2156 1.99618
2.27145 1.95985
2.21603 1.99157
2.2852 1.96978
2.30192 1.97322
2.15448 1.99527
2.29119 1.98152
2.24582 1.97806
2.30274 1.97009
2.24783 1.97681
2.31101 1.98363
2.26568 1.9604
2.29132 1.98175
2.30287 1.9696
2.21912 1.9904
2.28465 1.96862
2.29582 1.9852
2.15464 1.99555
2.29562 1.98507
2.26494 1.96145
2.29534 1.98488
2.15463 1.99555
2.30511 1.96309
2.15446 1.99542
2.15526 1.99633
2.21939 1.99064
2.27614 1.95604
2.15545 1.99623
2.29064 1.98055
2.24785 1.97683
2.30746 1.96931
2.15733 1.99415
2.1553 1.99619
2.15526 1.99871
2.30941 1.97882
2.277 1.95785
2.31469 1.96774
2.15528 1.99616
2.29921 1.98081
2.15545 1.99624
2.15544 1.99625
2.27549 1.95802
2.21275 1.9908
2.31737 1.98196
2.15522 1.99637
2.30755 1.96953
2.27632 1.95804
2.29125 1.98171
2.31738 1.98203
2.15615 1.99598
2.20359 1.99343
2.31068 1.98275
2.2202 1.99347
2.15603 1.99605
2.31572 1.96918
2.30933 1.97846
2.2476 1.97678
2.2772 1.95764
2.29952 1.98033
2.3142 1.97065
2.26543 1.96078
2.15594 1.99624
2.31347 1.9749
2.24842 1.97636
2.2936 1.98405
2.26061 1.96666
2.30915 1.97757
2.15601 1.99604
2.29553 1.98704
2.3165 1.97573
2.31475 1.96739
2.15616 1.99599
2.21821 1.991
2.31301 1.978
2.26559 1.96073
2.30279 1.9699
2.3136 1.97394
2.31069 1.9828
2.15615 1.996
2.24844 1.97636
2.21847 1.9912
2.24721 1.97751
2.15602 1.99618
2.28457 1.9684
2.15595 1.99629
2.29592 1.9852
2.30539 1.96388
2.21905 1.99038
2.30755 1.96953
2.2771 1.9577
2.28502 1.96937
2.30272 1.9702
2.26534 1.96067
2.15684 1.99492
2.31474 1.96748
2.15782 1.99431
2.21886 1.99079
2.29575 1.98519
2.15666 1.99503
2.21498 1.99142
2.27706 1.95782
2.15659 1.9952
2.28455 1.96881
2.21701 1.99076
2.24679 1.97793
2.31472 1.96756
2.15665 1.99501
2.2959 1.98519
2.30928 1.97824
2.15773 1.99398
2.24511 1.97802
2.30541 1.96424
2.30267 1.97039
2.31474 1.96746
2.26576 1.96015
2.15678 1.99501
2.15677 1.99502
2.2998 1.97979
2.2171 1.99078
2.31101 1.98363
2.24778 1.97675
2.15665 1.99516
2.15686 1.99697
2.29605 1.98531
2.31729 1.98141
2.24646 1.97806
2.15739 1.99418
2.1572 1.99407
2.31469 1.96774
2.20734 1.99232
2.31739 1.98211
2.21082 1.99124
2.29592 1.98521
2.30258 1.97069
2.31561 1.96891
2.29945 1.98041
2.31359 1.97405
2.15723 1.99396
2.27676 1.95773
2.15716 1.99401
2.28467 1.96906
2.28512 1.96963
2.31655 1.97612
2.26423 1.96206
2.21648 1.99133
2.15721 1.99391
2.31357 1.97417
2.22009 1.99372
2.25793 1.96972
2.31653 1.97598
2.31558 1.96887
2.30285 1.96964
2.15733 1.99415
2.29593 1.98523
2.15788 1.99443
2.29037 1.98011
2.27374 1.959
2.15771 1.99404
2.30746 1.96932
2.26587 1.9613
2.15772 1.99391
2.29967 1.97999
2.15782 1.99431
2.29106 1.98137
2.26446 1.962
2.15832 1.99537
2.21658 1.99132
2.31557 1.96737
2.28356 1.96759
2.31561 1.96892
2.3147 1.96771
2.15816 1.99509
2.29967 1.97998
2.26559 1.96069
2.29597 1.98529
2.31656 1.97619
2.27697 1.95779
2.16242 1.99821
2.15818 1.99512
2.29084 1.98221
2.15814 1.99506
2.21106 1.99117
2.23985 1.98249
2.29961 1.98018
2.24834 1.97661
2.28531 1.96987
2.24825 1.97685
2.16603 1.99767
2.31345 1.9747
2.16263 1.99781
2.24411 1.97891
2.26581 1.96026
2.24844 1.97636
2.26577 1.96018
2.26473 1.96183
2.21781 1.99052
2.29956 1.98026
2.26576 1.96015
2.31737 1.98195
2.2771 1.9577
2.21277 1.99079
2.29122 1.98163
2.31101 1.98363
2.2485 1.9763
2.21886 1.99081
2.28514 1.96967
2.29951 1.98035
2.19102 1.99534
2.15641 1.9986
2.15309 1.99789
2.26311 1.96309
2.21249 1.99045
2.30273 1.97011
2.31569 1.96911
2.21489 1.9915
2.31732 1.98161
2.27588 1.95782
2.24068 1.982
2.21084 1.99122
2.21083 1.99119
2.21892 1.99072
2.24679 1.97798
2.24737 1.9772
2.30467 1.96594
2.21814 1.9909
2.31109 1.98407
2.29951 1.98034
2.30757 1.96955
2.21241 1.99068
2.29978 1.97981
2.31102 1.98364
2.20697 1.99258
2.24859 1.9765
2.18991 1.9953
2.2911 1.98139
2.3049 1.96541
2.3094 1.9788
2.21922 1.9903
2.19423 1.9948
2.21782 1.99044
2.29561 1.98506
2.27632 1.958
2.21425 1.99118
2.26577 1.96014
2.28944 1.97864
2.19309 1.99494
2.21581 1.99159
2.21387 1.99102
2.24252 1.98046
2.29122 1.98162
2.29981 1.97979
2.30937 1.97862
2.26573 1.96021
2.2184 1.99125
2.20199 1.99386
2.30512 1.96486
2.3165 1.97572
2.19312 1.995
2.28366 1.96769
2.299 1.98124
2.30531 1.96447
2.27697 1.95778
2.27653 1.95802
2.19302 1.99504
2.29977 1.97984
2.24842 1.97633
2.2396 1.98277
2.311 1.98424
2.21924 1.99036
2.27478 1.95846
2.24858 1.97647
2.28438 1.96849
2.21231 1.99053
2.31233 1.98142
2.24794 1.97696
2.29805 1.98295
2.20299 1.99362
2.21595 1.99161
2.24535 1.97818
2.21745 1.99041
2.31542 1.96855
2.30755 1.96953
2.26059 1.9668
2.21034 1.99132
2.26581 1.96136
2.21696 1.99089
2.30278 1.96991
2.21413 1.99112
2.21699 1.99086
2.21413 1.99114
2.30933 1.97846
2.20179 1.99391
2.30934 1.9785
2.30942 1.97883
2.30143 1.97499
2.20206 1.99359
2.20302 1.99355
2.20143 1.99388
2.28366 1.9677
2.29958 1.98023
2.27697 1.95778
2.28408 1.96811
2.31523 1.96816
2.31076 1.98295
2.30528 1.96457
2.20193 1.9936
2.29046 1.98025
2.29559 1.98502
2.31241 1.98123
2.27626 1.95571
2.31571 1.96882
2.20304 1.99359
2.29604 1.98527
2.30741 1.96919
2.21247 1.99069
2.3069 1.96793
2.26581 1.96026
2.29977 1.97985
2.30754 1.96951
2.21937 1.99067
2.21022 1.9914
2.29126 1.98173
2.29604 1.98527
2.31738 1.98199
2.31473 1.96704
2.20826 1.99222
2.28408 1.9681
2.29547 1.9849
2.3015 1.97477
2.31529 1.96828
2.21701 1.99085
2.27672 1.95778
2.30921 1.97786
2.24841 1.97636
2.20792 1.99232
2.2079 1.99237
2.24852 1.97634
2.2073 1.99257
2.24408 1.9789
2.31417 1.97079
2.30885 1.97617
2.207 1.99273
2.2139 1.99083
2.31475 1.96739
2.2102 1.99123
2.2852 1.96977
2.2104 1.991
2.29125 1.98171
2.26566 1.96047
2.21276 1.99076
2.31661 1.97665
2.21232 1.99069
2.29978 1.97981
2.2997 1.97996
2.26237 1.96444
2.21379 1.99091
2.27647 1.95807
2.24711 1.97767
2.21744 1.9904
2.2909 1.98111
2.27582 1.95772
2.21391 1.99104
2.30189 1.97336
2.2138 1.99102
2.2895 1.9787
2.23978 1.9827
2.29601 1.98529
2.26544 1.96078
2.24761 1.97679
2.21516 1.99154
2.31471 1.9676
2.28304 1.96695
2.215 1.99144
2.21516 1.99155
2.30127 1.9756
2.27554 1.958
2.21515 1.99155
2.31651 1.97578
2.21574 1.99169
2.29132 1.98176
2.27195 1.95966
2.2149 1.99156
2.30755 1.96953
2.26508 1.96108
2.30756 1.96953
2.21579 1.9917
2.31082 1.98462
2.26533 1.96066
2.21575 1.99173
2.29864 1.98193
2.29088 1.98106
2.21645 1.99143
2.27673 1.95773
2.30198 1.97303
2.30901 1.97696
2.21658 1.9913
2.21942 1.99074
2.28488 1.96937
2.29951 1.98034
2.31738 1.98199
2.24814 1.977
2.27537 1.95809
2.21789 1.99062
2.29551 1.98496
2.30753 1.96946
2.21641 1.99143
2.27675 1.95774
2.21939 1.99069
2.29529 1.98485
2.3094 1.9788
2.24638 1.97804
2.28408 1.96811
2.21927 1.99043
2.30285 1.96965
2.28502 1.96936
2.27675 1.95774
2.24398 1.97909
2.21647 1.99132
2.21642 1.99147
2.29602 1.98527
2.30267 1.9704
2.24849 1.97628
2.28482 1.9693
2.30936 1.97856
2.21715 1.99075
2.31739 1.98206
2.2171 1.99079
2.29581 1.9852
2.26449 1.96195
2.31076 1.98296
2.2171 1.99079
2.31475 1.96739
2.24237 1.98069
2.29919 1.98086
2.21758 1.99048
2.30526 1.96464
2.21753 1.99045
2.21741 1.99035
2.26493 1.96151
2.21907 1.99034
2.21745 1.9903
2.31569 1.9691
2.21779 1.9905
2.21924 1.99032
2.26561 1.96066
2.21866 1.99116
2.3054 1.96429
2.30462 1.96604
2.21741 1.9904
2.3174 1.98217
2.21922 1.99032
2.24504 1.97814
2.30285 1.96964
2.31731 1.98156
2.2184 1.99123
2.30849 1.9744
2.21779 1.99046
2.2179 1.99063
2.31363 1.97375
2.29469 1.98464
2.30286 1.96961
2.30422 1.96692
2.21693 1.99429
2.31051 1.98233
2.21783 1.99054
2.31239 1.9813
2.2443 1.97892
2.31359 1.97405
2.21824 1.99102
2.21814 1.99096
2.2937 1.98409
2.29106 1.98137
2.21866 1.9911
2.27681 1.9576
2.21815 1.99092
2.28523 1.96975
2.30414 1.96709
2.2182 1.991
2.26559 1.96073
2.30723 1.96867
2.21815 1.99097
2.29968 1.97998
2.2185 1.99118
2.31468 1.96782
2.21841 1.99123
2.31212 1.98189
2.27473 1.95861
2.30539 1.96433
2.31303 1.97786
2.21907 1.99038
2.30526 1.96464
2.30278 1.96991
2.21843 1.99119
2.21842 1.99118
2.28358 1.96756
2.29396 1.98425
2.21848 1.9912
2.29071 1.9823
2.26562 1.96063
2.21867 1.99111
2.24821 1.97695
2.31738 1.98203
2.21871 1.99108
2.30656 1.96708
2.23543 1.98531
2.31469 1.96772
2.24583 1.97794
2.24852 1.97634
2.21864 1.99119
2.27662 1.95796
2.31327 1.97626
2.30541 1.96424
2.27682 1.95758
2.21894 1.99069
2.21887 1.99079
2.30525 1.96465
2.24744 1.9771
2.29134 1.98177
2.30221 1.97214
2.30517 1.96478
2.21927 1.99043
2.3174 1.98217
2.30744 1.96926
2.21888 1.99073
2.31235 1.98138
2.26499 1.96137
2.24285 1.98032
2.21888 1.99072
2.24253 1.98061
2.24718 1.97756
2.2478 1.97673
2.21892 1.99072
2.30285 1.96965
2.21905 1.99036
2.21906 1.99032
2.311 1.98362
2.21938 1.99068
2.31472 1.96755
2.21929 1.99047
2.28353 1.96753
2.31466 1.96792
2.21923 1.99034
2.26413 1.96205
2.21939 1.99066
2.29599 1.98531
2.21937 1.99065
2.26089 1.96641
2.31077 1.98472
2.29558 1.98681
2.24585 1.97796
2.24442 1.97884
2.2219 1.99269
2.24779 1.97676
2.30924 1.978
2.30741 1.96919
2.23439 1.986
2.21709 1.99514
2.30487 1.96547
2.31052 1.98235
2.27651 1.95804
2.28866 1.97719
2.29923 1.98078
2.21543 1.99544
2.29133 1.98176
2.27683 1.95762
2.24513 1.97805
2.24709 1.97768
2.31567 1.96908
2.26551 1.96083
2.27368 1.95911
2.30936 1.97856
2.2443 1.97893
2.26573 1.96021
2.30251 1.97094
2.30747 1.96932
2.22025 1.99358
2.29604 1.98527
2.24834 1.97661
2.24796 1.97691
2.24509 1.97821
2.23384 1.98624
2.31731 1.98156
2.24849 1.97627
2.29961 1.98017
2.24406 1.97912
2.29568 1.98514
2.31659 1.97645
2.23447 1.98574
2.31239 1.98129
2.2772 1.95765
2.27707 1.9578
2.26566 1.96044
2.30758 1.96958
2.2912 1.98155
2.27717 1.95754
2.26544 1.96075
2.28481 1.96929
2.23988 1.98263
2.23545 1.98534
2.28527 1.97027
2.28297 1.96686
2.31566 1.96905
2.31364 1.97371
2.2354 1.98538
2.31741 1.98221
2.31362 1.97382
2.31096 1.9835
2.2339 1.98639
2.27683 1.95762
2.23992 1.98246
2.31719 1.98075
2.31552 1.96875
2.26053 1.96688
2.24038 1.98225
2.24512 1.97821
2.27711 1.95767
2.31463 1.96676
2.24399 1.97919
2.24718 1.97757
2.31453 1.96869
2.30512 1.96487
2.24302 1.98017
2.26369 1.9623
2.2469 1.97786
2.30756 1.96953
2.26523 1.96067
2.24527 1.97819
2.31359 1.97406
2.248 1.97697
2.29385 1.98421
2.24284 1.98034
2.31635 1.97452
2.24239 1.98077
2.24429 1.97895
2.24527 1.97818
2.3046 1.96611
2.30736 1.96903
2.30529 1.96455
2.24505 1.97824
2.28531 1.96986
2.2481 1.97702
2.24578 1.97801
2.24584 1.97806
2.28525 1.97028
2.3028 1.96987
2.24579 1.97807
2.31656 1.97622
2.24637 1.97803
2.24646 1.97806
2.24646 1.97807
2.27637 1.95597
2.27649 1.95804
2.31082 1.9831
2.24638 1.9781
2.305 1.96513
2.27648 1.95807
2.24634 1.97813
2.30285 1.96965
2.30723 1.96868
2.27615 1.95792
2.30281 1.96984
2.3147 1.96766
2.24678 1.978
2.3166 1.97656
2.29087 1.98106
2.24686 1.97791
2.24676 1.97803
2.2955 1.98495
2.3124 1.98175
2.24718 1.97756
2.24712 1.9776
2.24712 1.9776
2.2896 1.97891
2.26555 1.96077
2.2913 1.98175
2.31731 1.98155
2.24712 1.97765
2.26546 1.96077
2.29456 1.98458
2.26533 1.96064
2.24709 1.9777
2.26522 1.9607
2.29956 1.98027
2.31569 1.96911
2.31364 1.97367
2.30743 1.96926
2.24746 1.97708
2.29996 1.97995
2.24738 1.97718
2.31365 1.97361
2.24761 1.97673
2.29978 1.97981
2.31741 1.98218
2.31735 1.9818
2.24739 1.97711
2.31475 1.96738
2.24739 1.97711
2.3157 1.96911
2.24743 1.97711
2.26536 1.96069
2.31084 1.98315
2.2622 1.96459
2.29512 1.98482
2.24859 1.97649
2.2906 1.98043
2.29132 1.98174
2.30859 1.97493
2.26566 1.96044
2.24767 1.9768
2.24759 1.97676
2.24761 1.97671
2.30413 1.96713
2.24794 1.97694
2.29871 1.9818
2.2648 1.9617
2.27721 1.95794
2.24765 1.97679
2.26572 1.96022
2.24765 1.9768
2.31643 1.97517
2.24783 1.9768
2.3174 1.98213
2.27582 1.95781
2.26508 1.9611
2.24808 1.97706
2.26567 1.96042
2.2478 1.97671
2.29604 1.98527
2.26571 1.96022
2.30522 1.96471
2.31086 1.98322
2.24783 1.97681
2.3124 1.98128
2.26523 1.96068
2.2478 1.97677
2.24795 1.97695
2.24796 1.97692
2.28435 1.96844
2.31561 1.96893
2.24799 1.97696
2.26387 1.96227
2.27588 1.95783
2.24796 1.97696
2.29547 1.98493
2.31474 1.96744
2.24809 1.97705
2.2481 1.97702
2.24812 1.97701
2.24812 1.97702
2.3049 1.96542
2.29933 1.98057
2.24822 1.97691
2.24832 1.97665
2.24821 1.97696
2.26382 1.9623
2.30542 1.96425
2.24822 1.97691
2.30268 1.97036
2.2953 1.98486
2.24836 1.97658
2.24832 1.97666
2.30517 1.96477
2.2769 1.95767
2.30536 1.96438
2.24833 1.97662
2.31236 1.98135
2.24832 1.97662
2.2485 1.97628
2.24834 1.97661
2.24831 1.97668
2.3028 1.96987
2.30512 1.96487
2.24844 1.97636
2.31716 1.9806
2.2771 1.95768
2.31089 1.98333
2.24845 1.97636
2.24872 1.97875
2.24841 1.97635
2.31069 1.9828
2.24842 1.97632
2.2485 1.97629
2.2485 1.97626
2.30284 1.9697
2.2486 1.97651
2.24857 1.97645
2.30697 1.9681
2.26449 1.962
2.29585 1.98519
2.24858 1.97644
2.31354 1.9744
2.24858 1.97647
2.26514 1.96098
2.24857 1.97646
2.26331 1.96298
2.29957 1.98024
2.24657 1.9806
2.2498 1.97768
2.31099 1.9836
2.30753 1.96946
2.29582 1.98521
2.26534 1.96066
2.27611 1.95784
2.2573 1.97043
2.24692 1.98029
2.29978 1.9798
2.3157 1.96913
2.31346 1.97495
2.24705 1.97951
2.26374 1.96221
2.26325 1.96307
2.30942 1.97887
2.3094 1.97878
2.26567 1.96042
2.30126 1.9756
2.30251 1.97094
2.29972 1.97995
2.26215 1.96477
2.30491 1.96537
2.31468 1.96783
2.27666 1.9579
2.26544 1.96075
2.26372 1.96235
2.31083 1.98314
2.30741 1.96917
2.26208 1.96482
2.24602 1.98131
2.25792 1.96971
2.29791 1.9832
2.30942 1.97884
2.25734 1.97021
2.3134 1.97535
2.31238 1.9813
2.26474 1.96178
2.3124 1.98127
2.28488 1.96936
2.26581 1.96027
2.26582 1.96028
2.31654 1.97608
2.27718 1.95757
2.2579 1.96977
2.28431 1.96836
2.29904 1.98118
2.3094 1.97918
2.30281 1.96984
2.27688 1.95763
2.30884 1.97616
2.26478 1.96174
2.29133 1.98176
2.27608 1.95785
2.26552 1.96082
2.31642 1.97509
2.257 1.97081
2.29136 1.98184
2.26523 1.96072
2.2631 1.96326
2.31341 1.9753
2.26107 1.96616
2.2609 1.96637
2.26042 1.96696
2.26373 1.96234
2.26306 1.96333
2.26247 1.96428
2.26217 1.96461
2.26525 1.96072
2.26236 1.96446
2.30538 1.96388
2.26382 1.9623
2.27537 1.95804
2.29585 1.98518
2.26209 1.96488
2.29061 1.98047
2.2956 1.98693
2.3051 1.96489
2.31451 1.96884
2.30939 1.97874
2.26305 1.96326
2.31736 1.98191
2.31573 1.96918
2.30264 1.97052
2.27717 1.95754
2.3174 1.98217
2.26577 1.96018
2.26416 1.96198
2.3049 1.96541
2.27662 1.95793
2.26523 1.96072
2.2761 1.95789
2.2763 1.95802
2.30748 1.96934
2.26424 1.96206
2.3075 1.96936
2.26414 1.9621
2.30736 1.96903
2.26457 1.96192
2.3166 1.97649
2.28461 1.96881
2.26448 1.96201
2.29974 1.97994
2.27361 1.95911
2.3093 1.97834
2.26454 1.96194
2.3156 1.96773
2.27719 1.95784
2.26449 1.96194
2.26454 1.96195
2.27539 1.95807
2.26454 1.96195
2.31634 1.9744
2.31364 1.97366
2.26472 1.96184
2.28109 1.96419
2.27664 1.95792
2.26446 1.96203
2.30522 1.9647
2.2849 1.96937
2.26474 1.96178
2.27705 1.95783
2.26478 1.96174
2.29972 1.97995
2.26478 1.96175
2.27372 1.95909
2.26474 1.96182
2.30263 1.97055
2.26472 1.96186
2.26497 1.96141
2.29595 1.98526
2.29604 1.98529
2.30533 1.9644
2.27695 1.95776
2.26492 1.96152
2.29865 1.9819
2.30541 1.96424
2.27498 1.95841
2.26577 1.96018
2.3136 1.97396
2.29976 1.97991
2.2771 1.95768
2.29116 1.98146
2.26493 1.96145
2.28949 1.97872
2.3046 1.9661
2.31553 1.96878
2.31472 1.96756
2.27217 1.95958
2.26497 1.96141
2.31203 1.9821
2.29134 1.98178
2.26497 1.96141
2.30924 1.97802
2.30537 1.96437
2.26571 1.96022
2.2845 1.96872
2.26494 1.96149
2.26492 1.96153
2.27697 1.95779
2.311 1.98362
2.30754 1.9695
2.29975 1.97991
2.26509 1.96107
2.31242 1.98122
2.2651 1.96102
2.30274 1.9701
2.2651 1.96102
2.26527 1.96072
2.2997 1.97996
2.30925 1.97806
2.30942 1.97884
2.30537 1.96438
2.29904 1.98118
2.26525 1.96072
2.28455 1.96881
2.29006 1.97966
2.29943 1.98044
2.31363 1.97376
2.29585 1.98518
2.31568 1.9691
2.31094 1.98346
2.26522 1.96073
2.31102 1.98365
2.26537 1.9607
2.2998 1.97979
2.29979 1.97979
2.30933 1.97844
2.27193 1.95968
2.26536 1.96069
2.31741 1.98222
2.26534 1.96063
2.27579 1.95775
2.26534 1.96062
2.31365 1.9736
2.27696 1.95777
2.26536 1.96069
2.30408 1.96723
2.29106 1.98137
2.30919 1.97775
2.30538 1.96435
2.26544 1.96078
2.29956 1.98027
2.26546 1.96078
2.26571 1.96022
2.26554 1.96078
2.29592 1.9852
2.26552 1.9608
2.31212 1.9819
2.29079 1.98087
2.26554 1.96079
2.31741 1.9822
2.31237 1.98131
2.30287 1.96961
2.26554 1.96079
2.30942 1.97888
2.26551 1.96083
2.3054 1.96391
2.26559 1.96072
2.29804 1.98297
2.26561 1.96066
2.27691 1.95767
2.26561 1.96066
2.31238 1.9813
2.29965 1.98006
2.31474 1.96741
2.27633 1.958
2.26566 1.96047
2.28425 1.9678
2.26565 1.96048
2.28296 1.96685
2.31171 1.98278
2.27701 1.95785
2.26567 1.96043
2.26565 1.96049
2.31221 1.98168
2.31099 1.9836
2.26573 1.96021
2.30249 1.97099
2.26572 1.9602
2.31021 1.9815
2.26571 1.96019
2.26578 1.96019
2.29123 1.98165
2.30939 1.97874
2.26576 1.96013
2.26576 1.96014
2.31441 1.96943
2.2772 1.95764
2.26581 1.96026
2.29576 1.9852
2.26581 1.96025
2.26438 1.96165
2.30279 1.9699
2.26653 1.96111
2.28452 1.9687
2.27689 1.95763
2.27721 1.95767
2.30528 1.96457
2.3166 1.97653
2.30541 1.96426
2.26461 1.9616
2.31733 1.9817
2.31565 1.96904
2.27362 1.95916
2.31098 1.98353
2.2647 1.96096
2.26394 1.96136
2.29977 1.97986
2.27476 1.95857
2.3093 1.97835
2.27695 1.95775
2.26455 1.96092
2.27581 1.9578
2.31453 1.96873
2.27131 1.95984
2.27717 1.95753
2.29115 1.98143
2.27618 1.95793
2.27194 1.95965
2.2996 1.98018
2.31741 1.98218
2.31473 1.96751
2.31067 1.98273
2.28525 1.96971
2.27156 1.95968
2.27649 1.95803
2.27151 1.95969
2.30467 1.96594
2.31457 1.96663
2.29118 1.98151
2.29509 1.98482
2.27721 1.95767
2.30542 1.96424
2.2946 1.98461
2.31084 1.98451
2.27479 1.95846
2.30939 1.97916
2.30539 1.9643
2.27662 1.95796
2.27707 1.95778
2.31737 1.98196
2.27717 1.95755
2.27652 1.95803
2.29589 1.98518
2.29953 1.98032
2.31237 1.98131
2.27133 1.95994
2.27682 1.95761
2.27404 1.95891
2.27591 1.95784
2.31236 1.98135
2.27672 1.95776
2.3166 1.97655
2.27615 1.95792
2.27393 1.95897
2.27393 1.95898
2.2958 1.98521
2.27392 1.95899
2.28523 1.96976
2.27673 1.95776
2.27631 1.95804
2.27491 1.95845
2.27491 1.95847
2.29956 1.98027
2.29132 1.98175
2.30242 1.97063
2.27549 1.95801
2.29944 1.98043
2.30282 1.96983
2.31571 1.96915
2.3135 1.97464
2.30528 1.96457
2.27541 1.95795
2.31573 1.96919
2.27549 1.95803
2.27702 1.95784
2.27541 1.95806
2.29952 1.98033
2.27695 1.95777
2.28528 1.96974
2.27579 1.95781
2.2763 1.95634
2.30754 1.96951
2.29116 1.98146
2.27611 1.95782
2.27615 1.95792
2.31226 1.98157
2.27611 1.95789
2.27673 1.95773
2.30539 1.96434
2.27609 1.95789
2.3174 1.98217
2.31724 1.98109
2.27703 1.95783
2.27638 1.95803
2.27632 1.95804
2.27636 1.95803
2.27636 1.95803
2.27701 1.95785
2.27636 1.95803
2.27652 1.95804
2.29974 1.97993
2.31475 1.96739
2.29601 1.98529
2.27649 1.95806
2.31211 1.98191
2.27647 1.95808
2.30252 1.97091
2.27661 1.95797
2.29957 1.98024
2.27718 1.95757
2.31027 1.98167
2.29789 1.98324
2.30935 1.97852
2.27662 1.95793
2.28154 1.96486
2.3093 1.97835
2.27661 1.95798
2.30856 1.97475
2.28512 1.96963
2.27672 1.95777
2.30283 1.96979
2.27675 1.95774
2.30283 1.96979
2.27684 1.95763
2.27681 1.95759
2.27682 1.95757
2.31572 1.96918
2.27681 1.9576
2.30752 1.96943
2.2853 1.96984
2.29923 1.98078
2.27691 1.95768
2.29599 1.9853
2.31737 1.98195
2.2769 1.95767
2.27689 1.95762
2.27688 1.95761
2.27689 1.95764
2.27714 1.95756
2.27695 1.95777
2.29968 1.97998
2.30283 1.9698
2.27705 1.95783
2.29104 1.98135
2.27702 1.95784
2.29002 1.97959
2.30264 1.97052
2.31661 1.9766
2.31551 1.96875
2.31338 1.9755
2.27701 1.95784
2.3124 1.98179
2.27702 1.95784
2.3103 1.98175
2.30285 1.96965
2.30753 1.96946
2.27701 1.95786
2.29923 1.98078
2.27706 1.95783
2.27706 1.95781
2.27706 1.95781
2.27707 1.9578
2.27711 1.95766
2.2771 1.9577
2.27711 1.95768
2.31365 1.97361
2.28528 1.96975
2.27711 1.95768
2.2771 1.95771
2.27715 1.95757
2.30279 1.9699
2.31361 1.97389
2.2904 1.98011
2.27714 1.95756
2.27714 1.95755
2.31365 1.97361
2.27714 1.95755
2.27718 1.95759
2.27717 1.95754
2.31573 1.96918
2.31241 1.98125
2.27721 1.95768
2.29962 1.98015
2.3134 1.97536
2.2772 1.95765
2.2772 1.95766
2.28452 1.96872
2.29134 1.98177
2.31654 1.97607
2.30755 1.96941
2.29091 1.98113
2.28411 1.96815
2.30941 1.9788
2.28508 1.96948
2.3107 1.98282
2.28283 1.96664
2.31661 1.97664
2.28125 1.96445
2.31101 1.98362
2.28526 1.96973
2.29161 1.98286
2.28524 1.96975
2.28432 1.96831
2.31229 1.98151
2.28366 1.9677
2.28512 1.96962
2.28821 1.97639
2.28497 1.96938
2.2843 1.96834
2.27588 1.95574
2.28528 1.96974
2.31542 1.96856
2.28171 1.96509
2.31658 1.97635
2.30284 1.96975
2.28457 1.96885
2.31566 1.96905
2.28127 1.9644
2.28479 1.96926
2.31659 1.97644
2.28123 1.96434
2.28451 1.96873
2.28282 1.96667
2.29016 1.97981
2.28155 1.96488
2.31661 1.97658
2.31643 1.97516
2.28521 1.96977
2.28153 1.96486
2.30278 1.96991
2.30283 1.96977
2.28429 1.96829
2.29136 1.98184
2.31356 1.97428
2.31239 1.98129
2.28111 1.96428
2.29601 1.98529
2.29974 1.97993
2.31338 1.9755
2.28502 1.96938
2.28401 1.96802
2.30262 1.97057
2.28495 1.96936
2.30941 1.97881
2.30522 1.96471
2.31095 1.98347
2.28279 1.96664
2.28296 1.96685
2.31737 1.98195
2.28274 1.96655
2.28281 1.96661
2.2997 1.97996
2.28274 1.9666
2.31067 1.98273
2.29104 1.98135
2.28399 1.96801
2.28526 1.96974
2.28496 1.96937
2.29474 1.98466
2.28436 1.96844
2.28357 1.96754
2.311 1.98362
2.28357 1.9676
2.28353 1.96757
2.28402 1.96798
2.31647 1.97548
2.3094 1.97878
2.28399 1.96797
2.30271 1.97022
2.28402 1.96804
2.28512 1.96963
2.31567 1.96908
2.28435 1.96844
2.30537 1.96437
2.28429 1.96833
2.30189 1.97336
2.31523 1.96814
2.2845 1.96869
2.28502 1.96938
2.28452 1.96874
2.29132 1.98267
2.29952 1.98033
2.28471 1.96913
2.28467 1.96907
2.28526 1.96972
2.30542 1.96425
2.2906 1.98045
2.2847 1.96911
2.2847 1.96911
2.3028 1.96988
2.2847 1.96911
2.2957 1.98515
2.28467 1.96907
2.31229 1.9815
2.28466 1.96906
2.28479 1.96927
2.29136 1.98185
2.28479 1.96926
2.31086 1.98324
2.30535 1.96438
2.28481 1.96929
2.28478 1.96927
2.30744 1.96927
2.28491 1.96937
2.29595 1.98526
2.30284 1.96976
2.28531 1.96986
2.28489 1.96935
2.28488 1.96936
2.31457 1.96844
2.28488 1.96935
2.2849 1.96937
2.30902 1.97701
2.30274 1.97007
2.30885 1.97619
2.28516 1.96974
2.28564 1.9711
2.28525 1.96972
2.28503 1.96937
2.30248 1.97102
2.3094 1.97878
2.29559 1.98503
2.2997 1.97996
2.28496 1.96936
2.28496 1.96935
2.29944 1.98043
2.31364 1.97373
2.28497 1.96938
2.31738 1.98199
2.28495 1.96937
2.28504 1.96942
2.28504 1.96941
2.31725 1.98115
2.28512 1.96962
2.28504 1.96941
2.28504 1.96941
2.28509 1.96952
2.31211 1.98191
2.28507 1.96946
2.28509 1.96952
2.28508 1.96949
2.28513 1.96966
2.31741 1.9822
2.28513 1.96966
2.31352 1.97439
2.28512 1.96964
2.31724 1.98109
2.28518 1.96975
2.28517 1.96975
2.30542 1.96425
2.29813 1.98282
2.30753 1.96947
2.28516 1.96974
2.30937 1.97862
2.30276 1.96998
2.30941 1.9788
2.28516 1.96973
2.28517 1.96975
2.28516 1.96974
2.29595 1.98526
2.31654 1.97607
2.2852 1.96978
2.31363 1.97379
2.28519 1.96978
2.2852 1.96978
2.2852 1.96978
2.29459 1.9846
2.3166 1.97653
2.30936 1.97857
2.28832 1.97657
2.30258 1.97016
2.2852 1.96978
2.31561 1.96893
2.28528 1.96977
2.29936 1.98054
2.28523 1.96975
2.30941 1.97882
2.30503 1.96507
2.28523 1.96975
2.28523 1.96975
2.30529 1.96456
2.28528 1.96974
2.28523 1.96975
2.30755 1.96952
2.29123 1.98165
2.28523 1.96976
2.28525 1.96972
2.29125 1.98171
2.29119 1.98151
2.28526 1.96971
2.28526 1.96971
2.28526 1.96973
2.28529 1.96978
2.30256 1.97032
2.28528 1.96975
2.2853 1.96984
2.29079 1.98086
2.2853 1.96984
2.2853 1.96984
2.29077 1.98079
2.29968 1.97998
2.28448 1.96853
2.31658 1.9764
2.31055 1.98243
2.29119 1.98152
2.29062 1.98045
2.29044 1.98022
2.30552 1.96426
2.29013 1.97976
2.29131 1.98176
2.29005 1.97964
2.29546 1.98492
2.29122 1.98163
2.28528 1.97033
2.31237 1.98132
2.28827 1.97649
2.29386 1.9842
2.30279 1.9699
2.29134 1.98177
2.29128 1.98175
2.30723 1.96869
2.29081 1.98089
2.28833 1.97655
2.29097 1.98125
2.2883 1.97649
2.29076 1.9808
2.29979 1.97979
2.31424 1.97044
2.29136 1.98185
2.29006 1.97964
2.29548 1.98491
2.28854 1.97698
2.30274 1.97008
2.30757 1.96957
2.29129 1.98176
2.30133 1.97535
2.29039 1.9801
2.31738 1.982
2.3094 1.97878
2.28853 1.97697
2.29125 1.98171
2.29099 1.98128
2.29115 1.98144
2.29039 1.98013
2.31226 1.98256
2.28966 1.979
2.30906 1.97716
2.2911 1.98139
2.29899 1.98125
2.28947 1.97869
2.2896 1.9789
2.29589 1.98517
2.31739 1.98211
2.28949 1.97868
2.2896 1.9789
2.29061 1.98048
2.2911 1.9814
2.29065 1.98055
2.29784 1.98331
2.29962 1.98014
2.29006 1.97962
2.29061 1.98044
2.3025 1.97043
2.31219 1.98297
2.29003 1.97962
2.29044 1.98021
2.30531 1.96447
2.29037 1.98009
2.29044 1.98021
2.29039 1.98014
2.29066 1.98059
2.29122 1.98163
2.29065 1.98055
2.30277 1.96997
2.29076 1.98077
2.29077 1.98078
2.29077 1.98081
2.31199 1.98219
2.29967 1.97998
2.29076 1.98079
2.29088 1.98107
2.3147 1.96766
2.2909 1.98111
2.31655 1.97611
2.29088 1.98107
2.2913 1.98175
2.2951 1.98481
2.2957 1.98515
2.2909 1.98111
2.31364 1.97367
2.29096 1.98124
2.29088 1.98108
2.29599 1.9853
2.29944 1.98041
2.29087 1.98107
2.291 1.98129
2.29097 1.98125
2.29099 1.98128
2.29097 1.98126
2.29097 1.98125
2.30535 1.96438
2.30757 1.96956
2.29104 1.98135
2.29104 1.98135
2.29134 1.98179
2.30535 1.96438
2.29125 1.98172
2.3157 1.96914
2.29104 1.98136
2.30238 1.97144
2.29104 1.98135
2.29112 1.98142
2.2911 1.9814
2.29111 1.98141
2.31736 1.98189
2.29115 1.98143
2.31653 1.97596
2.2911 1.98139
2.31661 1.9766
2.29111 1.98141
2.29111 1.98141
2.29116 1.98147
2.31102 1.98364
2.29114 1.98142
2.29115 1.98142
2.30731 1.96885
2.29118 1.98151
2.31365 1.97361
2.29114 1.98143
2.2912 1.98156
2.31658 1.97633
2.29119 1.98152
2.305 1.96514
2.2912 1.98155
2.31474 1.96744
2.30523 1.9647
2.29123 1.98166
2.29122 1.98163
2.29122 1.98163
2.29125 1.98172
2.30237 1.97149
2.31661 1.97658
2.29582 1.98521
2.30541 1.96424
2.29126 1.98172
2.29126 1.98172
2.29128 1.98175
2.29128 1.98175
2.29128 1.98175
2.29961 1.98016
2.29128 1.98176
2.29128 1.98175
2.29131 1.98176
2.3174 1.98215
2.2913 1.98175
2.29134 1.98179
2.29078 1.98214
2.2913 1.98175
2.2913 1.98175
2.3135 1.97464
2.29133 1.98176
2.29132 1.98174
2.29134 1.9818
2.29134 1.98177
2.29136 1.98186
2.29135 1.98184
2.29135 1.98184
2.31738 1.98204
2.31241 1.98123
2.29136 1.98184
2.29135 1.98184
2.29536 1.98489
2.29592 1.98521
2.29369 1.98412
2.31654 1.97608
2.2908 1.98236
2.31469 1.96772
2.29603 1.98527
2.29589 1.98518
2.29568 1.98513
2.31092 1.98341
2.29534 1.98488
2.29503 1.9848
2.30427 1.96681
2.29131 1.9827
2.29547 1.98492
2.3109 1.98335
2.29502 1.98478
2.29133 1.9827
2.31466 1.96792
2.29366 1.9841
2.29056 1.98227
2.30219 1.97221
2.29368 1.98407
2.30934 1.9785
2.30518 1.96477
2.29559 1.98503
2.29605 1.98531
2.29585 1.98519
2.3095 1.97946
2.29505 1.98478
2.31657 1.97627
2.296 1.9853
2.29599 1.98531
2.29604 1.98527
2.31468 1.96782
2.29546 1.9849
2.3166 1.97669
2.29576 1.98519
2.30533 1.96441
2.31656 1.97619
2.29361 1.98408
2.31738 1.98203
2.29585 1.98519
2.30282 1.96983
2.30747 1.96932
2.29561 1.98506
2.30238 1.97142
2.30934 1.9785
2.30748 1.96934
2.2946 1.98458
2.29469 1.98464
2.29469 1.98464
2.29979 1.97978
2.29977 1.97986
2.3165 1.97574
2.29456 1.9846
2.29502 1.98479
2.2955 1.98495
2.29504 1.98478
2.31231 1.98147
2.2998 1.97979
2.29504 1.9848
2.29531 1.98484
2.29602 1.98526
2.2953 1.98484
2.2953 1.98487
2.29978 1.98053
2.2955 1.98495
2.31356 1.97428
2.29589 1.98518
2.29587 1.98519
2.30268 1.97035
2.29559 1.98504
2.31051 1.98232
2.29571 1.98515
2.2957 1.98515
2.29569 1.98513
2.29568 1.98514
2.30284 1.9697
2.29568 1.98513
2.29577 1.9852
2.29575 1.98519
2.29577 1.9852
2.29575 1.98519
2.29575 1.98519
2.31364 1.97367
2.30538 1.96435
2.29581 1.98521
2.30883 1.9761
2.29605 1.98531
2.31741 1.98222
2.29581 1.9852
2.29604 1.98528
2.29597 1.9853
2.29602 1.98527
2.31351 1.97436
2.29581 1.98521
2.31345 1.97499
2.2958 1.98521
2.29586 1.98519
2.29589 1.98517
2.29586 1.98519
2.31473 1.96751
2.2959 1.98519
2.3094 1.97916
2.3093 1.97834
2.2959 1.98519
2.29589 1.98517
2.29595 1.98526
2.30711 1.96844
2.29592 1.98521
2.29599 1.98531
2.29933 1.98058
2.2959 1.98519
2.31094 1.98345
2.29593 1.98522
2.29597 1.9853
2.29592 1.98521
2.29593 1.98522
2.29596 1.98527
2.30268 1.97036
2.31659 1.97648
2.29595 1.98526
2.30725 1.96873
2.29595 1.98527
2.29598 1.9853
2.30503 1.96508
2.30647 1.96683
2.30283 1.96978
2.29598 1.9853
2.29597 1.9853
2.31329 1.97611
2.30192 1.97325
2.31199 1.98218
2.30938 1.9787
2.29597 1.9853
2.30746 1.96932
2.29599 1.98531
2.2998 1.97979
2.3092 1.97783
2.29599 1.9853
2.29599 1.9853
2.31076 1.98297
2.30927 1.9782
2.29601 1.98528
2.29604 1.98527
2.29604 1.98528
2.29601 1.98528
2.31658 1.97638
2.29601 1.98529
2.29601 1.98528
2.31224 1.98159
2.29601 1.98529
2.29603 1.98527
2.31241 1.98125
2.29602 1.98527
2.29602 1.98526
2.3073 1.96885
2.29603 1.98527
2.30251 1.97094
2.29605 1.98532
2.29605 1.98531
2.3147 1.96766
2.31363 1.97378
2.31241 1.98123
2.29605 1.98531
2.29944 1.98041
2.30221 1.97211
2.29925 1.98075
2.311 1.98426
2.29919 1.98085
2.31659 1.97644
2.29624 1.98592
2.31571 1.96915
2.29602 1.98626
2.2997 1.97996
2.29563 1.98675
2.30284 1.96972
2.30276 1.96998
2.29978 1.9798
2.29934 1.98054
2.30144 1.97499
2.29899 1.98128
2.31736 1.98191
2.31468 1.96782
2.29934 1.98057
2.29897 1.9813
2.2954 1.98728
2.30535 1.96438
2.29979 1.97979
2.29792 1.98315
2.2979 1.98318
2.29976 1.97989
2.3122 1.9817
2.29784 1.98332
2.29967 1.97999
2.30938 1.97869
2.29875 1.98172
2.29964 1.98008
2.29945 1.98041
2.29863 1.98195
2.31099 1.98358
2.30757 1.96958
2.29871 1.98179
2.31365 1.97361
2.29861 1.98199
2.30744 1.96926
2.29864 1.98191
2.29871 1.98179
2.29861 1.98199
2.29971 1.97996
2.30925 1.97806
2.29934 1.98056
2.29906 1.98113
2.29927 1.98214
2.3135 1.97466
2.30757 1.96954
2.30529 1.96454
2.29964 1.98007
2.31471 1.96758
2.29904 1.98118
2.29934 1.98054
2.299 1.98126
2.29898 1.98131
2.30248 1.97101
2.3024 1.97136
2.2992 1.98081
2.29937 1.98052
2.29972 1.97995
2.30286 1.96961
2.29943 1.98043
2.29951 1.98034
2.2995 1.98035
2.29957 1.98026
2.29956 1.98026
2.31426 1.97031
2.31351 1.97457
2.29961 1.98016
2.3074 1.96916
2.29974 1.97994
2.29961 1.98017
2.29968 1.97999
2.29965 1.98005
2.31728 1.98138
2.3124 1.98127
2.29964 1.98007
2.29965 1.98006
2.31102 1.98366
2.29964 1.98006
2.29967 1.97999
2.29974 1.97994
2.31226 1.98156
2.2997 1.97995
2.29973 1.97995
2.31226 1.98156
2.29972 1.97995
2.31661 1.97659
2.29972 1.97995
2.31021 1.98148
2.29972 1.97995
2.29972 1.97995
2.31237 1.98132
2.29974 1.97993
2.29974 1.97994
2.29974 1.97994
2.29974 1.97994
2.3024 1.97135
2.29975 1.97991
2.317 1.97951
2.30656 1.96707
2.29976 1.9799
2.29976 1.9799
2.29975 1.9799
2.29977 1.97986
2.29977 1.97985
2.30939 1.97874
2.29977 1.97985
2.29977 1.97986
2.29978 1.97981
2.29978 1.9798
2.29979 1.97979
2.30281 1.96984
2.30933 1.97844
2.29979 1.97978
2.30257 1.97072
2.30283 1.96978
2.31097 1.9835
2.30241 1.9713
2.29937 1.98179
2.31359 1.97403
2.29977 1.98052
2.31558 1.96887
2.30132 1.9754
2.29943 1.9816
2.31052 1.98236
2.29946 1.9814
2.29925 1.98208
2.30262 1.97057
2.30224 1.972
2.30284 1.9697
2.29976 1.98059
2.31022 1.9815
2.3094 1.9788
2.30249 1.971
2.30219 1.9722
2.30486 1.9655
2.31554 1.96879
2.3013 1.97548
2.30257 1.97074
2.30259 1.97067
2.30422 1.96692
2.31197 1.98222
2.30131 1.97539
2.30287 1.9696
2.30941 1.97881
2.30925 1.97806
2.30533 1.96441
2.30268 1.97036
2.30276 1.96998
2.31728 1.98135
2.31568 1.9691
2.30201 1.97291
2.30258 1.97069
2.30192 1.97324
2.31474 1.96748
2.30848 1.97436
2.30198 1.97303
2.3174 1.98215
2.30919 1.97854
2.30533 1.96441
2.30287 1.96961
2.30503 1.96507
2.31736 1.98189
2.3157 1.96913
2.30197 1.97304
2.30226 1.97193
2.30221 1.97213
2.30744 1.96926
2.30224 1.97201
2.30249 1.97097
2.31358 1.97413
2.31101 1.98363
2.3024 1.97135
2.30529 1.96456
2.30237 1.97148
2.30531 1.96447
2.3028 1.96988
2.31736 1.98189
2.30256 1.97075
2.30285 1.96965
2.3146 1.96675
2.30257 1.97072
2.30258 1.9707
2.31741 1.98219
2.30257 1.97073
2.30256 1.97075
2.30263 1.97056
2.31565 1.96904
2.30263 1.97055
2.31577 1.96935
2.30264 1.97052
2.30267 1.97041
2.30462 1.96607
2.30267 1.97039
2.30267 1.9704
2.30267 1.97041
2.30271 1.97025
2.30271 1.97024
2.31617 1.97293
2.30286 1.96961
2.30271 1.97024
2.30287 1.9696
2.30271 1.97022
2.31098 1.98354
2.30271 1.97025
2.31474 1.96747
2.30271 1.97026
2.30275 1.97006
2.30274 1.97007
2.30286 1.96961
2.30274 1.97011
2.30277 1.96996
2.31568 1.96909
2.30277 1.96996
2.30276 1.96998
2.30276 1.96997
2.30756 1.96953
2.30278 1.96992
2.30286 1.96961
2.3028 1.96986
2.31735 1.98184
2.31242 1.98122
2.3028 1.96987
2.3089 1.97644
2.3028 1.96987
2.30287 1.96961
2.3028 1.96987
2.31419 1.97067
2.3028 1.96988
2.30282 1.96982
2.30282 1.96983
2.31647 1.97548
2.31457 1.96843
2.30281 1.96984
2.30281 1.96984
2.30736 1.96903
2.30283 1.96978
2.3092 1.97783
2.30283 1.96977
2.30284 1.96972
2.3024 1.97054
2.30284 1.96971
2.31233 1.98143
2.30284 1.96972
2.30284 1.96972
2.30285 1.96964
2.30286 1.96961
2.31339 1.97545
2.30287 1.9696
2.30287 1.96961
2.30504 1.96505
2.30299 1.96945
2.31466 1.96791
2.30541 1.96425
2.31094 1.98345
2.3051 1.96487
2.30521 1.96472
2.30254 1.97021
2.30485 1.96552
2.30411 1.96717
2.311 1.98362
2.30518 1.96476
2.30531 1.96448
2.30526 1.96464
2.30412 1.96711
2.30517 1.96478
2.30463 1.96605
2.30542 1.96425
2.30422 1.96693
2.31237 1.98131
2.30408 1.96724
2.31228 1.98151
2.30501 1.96512
2.31365 1.97359
2.3047 1.96588
2.30531 1.96448
2.30518 1.96476
2.30468 1.96594
2.3051 1.96489
2.30731 1.96887
2.30487 1.96547
2.3051 1.96487
2.30487 1.96549
2.30486 1.96552
2.30501 1.9651
2.30501 1.9651
2.30501 1.96512
2.3135 1.97463
2.30536 1.96438
2.30732 1.96891
2.30512 1.96487
2.31655 1.97611
2.3051 1.9649
2.3122 1.98298
2.30516 1.96478
2.31239 1.98129
2.30517 1.96477
2.31365 1.9736
2.30518 1.96476
2.30516 1.96479
2.31358 1.97414
2.31101 1.98363
2.30523 1.96469
2.30522 1.9647
2.30523 1.9647
2.30521 1.96472
2.30527 1.96462
2.30525 1.96465
2.31094 1.98345
2.30537 1.96437
2.30529 1.96455
2.3054 1.96426
2.31359 1.97406
2.30529 1.96456
2.31739 1.98207
2.30532 1.96446
2.30531 1.96448
2.30531 1.96447
2.30531 1.96449
2.31094 1.98345
2.30534 1.9644
2.30533 1.9644
2.30535 1.96438
2.30533 1.96441
2.30533 1.96441
2.31658 1.97633
2.30533 1.96441
2.30535 1.96438
2.30536 1.96438
2.30536 1.96438
2.31102 1.98366
2.30538 1.96436
2.3054 1.96426
2.30538 1.96436
2.31661 1.97662
2.30537 1.96437
2.30931 1.97837
2.30538 1.96436
2.31661 1.97664
2.30539 1.96435
2.31201 1.98213
2.30539 1.96433
2.30539 1.96434
2.30539 1.96434
2.31699 1.97946
2.3054 1.96429
2.30539 1.9643
2.3054 1.9643
2.30539 1.9643
2.30927 1.97819
2.3054 1.9643
2.31741 1.98222
2.30541 1.96425
2.31569 1.9691
2.3054 1.96425
2.31651 1.97597
2.31474 1.96744
2.3054 1.96426
2.3054 1.96425
2.31723 1.98107
2.30541 1.96424
2.30541 1.96424
2.30541 1.96424
2.30542 1.96425
2.30542 1.96425
2.30542 1.96425
2.30725 1.96875
2.30751 1.96941
2.31224 1.98158
2.30648 1.96687
2.30515 1.96321
2.30517 1.96314
2.3122 1.98169
2.30756 1.96953
2.30502 1.96277
2.30731 1.96886
2.31089 1.98333
2.30713 1.96849
2.30711 1.96843
2.30753 1.96946
2.30514 1.96304
2.31551 1.96874
2.31201 1.98213
2.3071 1.9684
2.30644 1.96675
2.30504 1.96292
2.31474 1.96744
2.30757 1.96954
2.31471 1.9676
2.30661 1.96718
2.30738 1.96908
2.30649 1.96687
2.30744 1.96926
2.31168 1.98284
2.30691 1.96795
2.30711 1.96843
2.3166 1.97653
2.31237 1.98134
2.30656 1.96707
2.30757 1.96955
2.30744 1.96927
2.30645 1.96678
2.30737 1.96907
2.30691 1.96795
2.30695 1.96804
2.30688 1.96789
2.3069 1.96793
2.30695 1.96805
2.30694 1.96804
2.30722 1.96868
2.30715 1.96852
2.30713 1.96849
2.30732 1.96891
2.30711 1.96842
2.3071 1.96841
2.31572 1.96918
2.30725 1.96873
2.30928 1.97821
2.30722 1.96867
2.30725 1.96873
2.30723 1.96869
2.30733 1.96893
2.30753 1.96946
2.31465 1.96799
2.30736 1.96902
2.31658 1.97635
2.30942 1.97884
2.3075 1.96937
2.31092 1.98342
2.30737 1.96907
2.31735 1.98181
2.31362 1.97383
2.30736 1.96904
2.30742 1.9692
2.31569 1.96911
2.30741 1.96917
2.31658 1.97638
2.3074 1.96917
2.30743 1.96926
2.31731 1.98154
2.30758 1.96958
2.3074 1.96917
2.31731 1.98156
2.30745 1.96928
2.30744 1.96928
2.31097 1.9835
2.30747 1.96933
2.31235 1.98138
2.30746 1.96931
2.30757 1.96955
2.3157 1.96913
2.30746 1.96931
2.30756 1.96953
2.30746 1.96932
2.30749 1.96935
2.31567 1.96908
2.30748 1.96934
2.30749 1.96935
2.30748 1.96934
2.30749 1.96935
2.31098 1.98357
2.30749 1.96935
2.31654 1.97608
2.30748 1.96934
2.3075 1.96938
2.3075 1.96938
2.3075 1.96936
2.3075 1.96936
2.31739 1.9821
2.31545 1.96863
2.30751 1.96941
2.3075 1.96936
2.31235 1.98139
2.30752 1.96942
2.31096 1.98349
2.30751 1.96941
2.30751 1.9694
2.31741 1.98221
2.30752 1.96942
2.30751 1.96941
2.30753 1.96948
2.30754 1.96951
2.30754 1.96951
2.30756 1.96953
2.31076 1.98469
2.30754 1.9695
2.30754 1.9695
2.30754 1.96951
2.30755 1.96953
2.30755 1.96953
2.30755 1.96953
2.31564 1.969
2.30757 1.96954
2.31733 1.98169
2.31362 1.97382
2.30757 1.96954
2.30756 1.96953
2.31741 1.9822
2.3157 1.96911
2.30756 1.96953
2.30755 1.96953
2.30756 1.96954
2.31569 1.96911
2.30936 1.97856
2.30756 1.96953
2.30756 1.96953
2.30757 1.96954
2.30757 1.96958
2.30924 1.97802
2.30731 1.968
2.30766 1.97001
2.30755 1.96938
2.30937 1.97862
2.30735 1.96822
2.31457 1.96841
2.30736 1.96821
2.30724 1.96752
2.30919 1.97777
2.30938 1.97869
2.30914 1.97754
2.31642 1.97505
2.30904 1.97711
2.31557 1.96747
2.30941 1.9788
2.30902 1.977
2.30938 1.97869
2.30754 1.96936
2.30733 1.96805
2.30919 1.97777
2.30845 1.97421
2.30847 1.97434
2.30725 1.96768
2.30925 1.97808
2.30855 1.97474
2.31096 1.98348
2.30849 1.97441
2.30924 1.97801
2.30902 1.97701
2.3094 1.97878
2.31086 1.98323
2.30855 1.97473
2.31094 1.98345
2.30919 1.97775
2.30845 1.97424
2.30912 1.97746
2.30885 1.97619
2.30937 1.97862
2.30888 1.97635
2.30888 1.97635
2.30883 1.97611
2.30919 1.97778
2.30912 1.97744
2.30934 1.97851
2.31561 1.96891
2.30904 1.97711
2.30902 1.977
2.30919 1.97776
2.30901 1.97697
2.30914 1.97753
2.30913 1.97747
2.31327 1.97626
2.30912 1.97743
2.30913 1.97746
2.30914 1.97753
2.30913 1.97747
2.3092 1.97783
2.30924 1.978
2.30937 1.97862
2.30929 1.97825
2.30928 1.97821
2.30928 1.97821
2.31239 1.98129
2.30928 1.97824
2.30928 1.97824
2.30928 1.97821
2.30931 1.97838
2.30931 1.97837
2.3093 1.97834
2.30932 1.97844
2.30942 1.97888
2.31733 1.9817
2.31568 1.9691
2.30932 1.97843
2.30942 1.97885
2.30933 1.97846
2.30933 1.97844
2.30932 1.97844
2.30935 1.97853
2.30936 1.97856
2.30934 1.9785
2.30935 1.97852
2.31361 1.97393
2.30934 1.9785
2.30936 1.97858
2.30936 1.97855
2.31235 1.98139
2.30938 1.97868
2.30936 1.97858
2.30936 1.97855
2.30937 1.97864
2.30939 1.97874
2.3136 1.97397
2.30937 1.97862
2.31475 1.96738
2.30937 1.97864
2.30938 1.97871
2.30938 1.9787
2.31237 1.98131
2.30938 1.97869
2.30938 1.97869
2.30939 1.97875
2.31356 1.97429
2.30939 1.97874
2.30941 1.97881
2.30939 1.97875
2.30939 1.97874
2.31241 1.98125
2.31099 1.98357
2.30939 1.97875
2.3094 1.97878
2.3094 1.97877
2.3094 1.97878
2.30941 1.9788
2.30941 1.97881
2.30941 1.97881
2.31092 1.9834
2.30942 1.97885
2.30942 1.97884
2.31235 1.9814
2.30942 1.97884
2.30942 1.97888
2.30942 1.97887
2.30942 1.97887
2.30942 1.97887
2.31473 1.9675
2.30942 1.97887
2.30942 1.97887
2.31086 1.98323
2.31078 1.98301
2.31098 1.98353
2.31471 1.9676
2.30922 1.97864
2.30924 1.97861
2.30913 1.97831
2.31082 1.98311
2.31361 1.97388
2.31078 1.983
2.31101 1.98363
2.31067 1.98274
2.31461 1.96816
2.31082 1.98311
2.31571 1.96915
2.31018 1.98141
2.31087 1.98327
2.31552 1.96875
2.31356 1.97426
2.31027 1.98166
2.31083 1.98314
2.31092 1.9834
2.31661 1.97659
2.31086 1.98323
2.31661 1.97659
2.31102 1.98367
2.31027 1.98166
2.31102 1.98364
2.31082 1.98309
2.31474 1.96741
2.31092 1.98342
2.31018 1.98143
2.31057 1.98248
2.31052 1.98235
2.31053 1.98236
2.31055 1.98244
2.31055 1.98244
2.31082 1.98311
2.31171 1.98276
2.31076 1.98295
2.31359 1.97406
2.31095 1.98348
2.31069 1.9828
2.31067 1.98274
2.31083 1.98314
2.31082 1.9831
2.31068 1.98275
2.31078 1.983
2.31077 1.98296
2.31076 1.98296
2.31098 1.98357
2.31097 1.9835
2.31471 1.96764
2.31087 1.98326
2.31616 1.97286
2.31459 1.96834
2.31232 1.98146
2.31087 1.98326
2.31086 1.98323
2.3109 1.98336
2.31089 1.98333
2.31615 1.97278
2.31102 1.98365
2.3109 1.98335
2.3109 1.98334
2.3109 1.98335
2.3109 1.98334
2.31656 1.97618
2.31092 1.98341
2.31092 1.98341
2.31094 1.98346
2.31094 1.98346
2.31101 1.98363
2.31094 1.98345
2.31095 1.98348
2.31096 1.98348
2.3174 1.98213
2.31095 1.98348
2.31095 1.98348
2.31095 1.98348
2.31097 1.98351
2.31096 1.9835
2.31235 1.98138
2.31098 1.98353
2.31097 1.98351
2.31098 1.98355
2.31099 1.9836
2.31737 1.98195
2.31443 1.96931
2.31098 1.98353
2.31098 1.98354
2.31098 1.98354
2.31098 1.98353
2.31099 1.98357
2.31099 1.98358
2.31099 1.98357
2.31213 1.98185
2.31099 1.98358
2.31099 1.98357
2.31099 1.9836
2.31099 1.9836
2.31099 1.9836
2.311 1.98362
2.31644 1.97521
2.311 1.98362
2.31101 1.98362
2.31102 1.98365
2.31101 1.98362
2.31441 1.96943
2.31101 1.98362
2.31102 1.98364
2.31101 1.98362
2.3147 1.96765
2.31101 1.98363
2.31101 1.98363
2.31101 1.98363
2.31102 1.98364
2.31102 1.98364
2.31102 1.98367
2.31102 1.98366
2.31102 1.98366
2.31221 1.98166
2.311 1.98424
2.31473 1.96752
2.31238 1.9813
2.31458 1.96837
2.31085 1.98456
2.31086 1.98448
2.31241 1.98123
2.31225 1.98157
2.31231 1.98148
2.31221 1.98168
2.31241 1.98125
2.3117 1.9828
2.31179 1.98261
2.31176 1.98267
2.31363 1.97378
2.31171 1.98278
2.31741 1.98218
2.31228 1.98152
2.31242 1.98122
2.31212 1.98188
2.31567 1.96907
2.31176 1.98267
2.31242 1.98122
2.31233 1.98142
2.31237 1.98132
2.31219 1.9817
2.31198 1.9822
2.31197 1.98222
2.31198 1.98219
2.31201 1.98214
2.31225 1.98158
2.31219 1.98171
2.31214 1.98183
2.31718 1.9807
2.31236 1.98135
2.31701 1.97955
2.31213 1.98185
2.31213 1.98185
2.31225 1.98157
2.31221 1.98167
2.31219 1.98171
2.3122 1.98169
2.31239 1.9813
2.31228 1.98152
2.31229 1.98151
2.31228 1.98151
2.31228 1.98152
2.31232 1.98146
2.31231 1.98147
2.3166 1.97653
2.31231 1.98147
2.31241 1.98125
2.31231 1.98146
2.31231 1.98147
2.31473 1.96753
2.31231 1.98148
2.31738 1.98199
2.31557 1.96884
2.31234 1.98142
2.31233 1.98143
2.31235 1.98139
2.31233 1.98143
2.31542 1.96856
2.31234 1.98142
2.31233 1.98143
2.31233 1.98144
2.31242 1.98122
2.31473 1.9675
2.31235 1.98139
2.31543 1.96857
2.3124 1.98129
2.31235 1.9814
2.31236 1.98135
2.31474 1.9674
2.31236 1.98134
2.31236 1.98135
2.31725 1.98115
2.31236 1.98135
2.31237 1.98132
2.31474 1.96743
2.31238 1.9813
2.31572 1.96918
2.3124 1.98129
2.31238 1.9813
2.31238 1.9813
2.31248 1.98131
2.31238 1.9813
2.31239 1.9813
2.31239 1.98129
2.3124 1.98128
2.3124 1.98129
2.31567 1.96907
2.31241 1.98123
2.3124 1.98129
2.3157 1.96913
2.3124 1.98129
2.31353 1.97444
2.3124 1.98129
2.3124 1.98127
2.3124 1.98127
2.3124 1.98127
2.31474 1.96705
2.31241 1.98125
2.31241 1.98125
2.31242 1.98122
2.31241 1.98125
2.31241 1.98123
2.31241 1.98123
2.31242 1.98122
2.31242 1.98122
2.31704 1.97975
2.31242 1.98122
2.31741 1.9822
2.31353 1.97442
2.31471 1.96759
2.31347 1.97486
2.31224 1.98272
2.3124 1.98175
2.31362 1.97383
2.31739 1.9821
2.31227 1.98257
2.31361 1.97386
2.31365 1.97363
2.31356 1.97429
2.31347 1.97489
2.31364 1.97367
2.31339 1.97547
2.31363 1.97379
2.313 1.97801
2.31302 1.97791
2.3131 1.97739
2.31354 1.97438
2.31307 1.97756
2.31303 1.97783
2.31473 1.9675
2.31358 1.97416
2.31303 1.97786
2.31475 1.96738
2.31339 1.97544
2.31308 1.97755
2.31573 1.96918
2.31364 1.9737
2.3135 1.97466
2.31358 1.97414
2.31361 1.97388
2.31345 1.97497
2.31331 1.97601
2.3136 1.97397
2.31572 1.96886
2.31354 1.9744
2.31327 1.97629
2.31327 1.97624
2.31329 1.9761
2.31326 1.97634
2.31329 1.9761
2.31473 1.9675
2.31345 1.97499
2.3134 1.97535
2.31351 1.97459
2.31351 1.9746
2.3135 1.97463
2.31473 1.96752
2.31339 1.97545
2.3166 1.9765
2.31346 1.97495
2.31346 1.97496
2.31363 1.97379
2.31351 1.97459
2.31634 1.97437
2.31353 1.97444
2.31353 1.97443
2.31353 1.97443
2.31353 1.97445
2.31356 1.97424
2.31356 1.97429
2.31356 1.97426
2.31356 1.97428
2.31358 1.97416
2.31359 1.97402
2.31365 1.97359
2.31365 1.97361
2.31359 1.97405
2.31363 1.97375
2.31359 1.97404
2.31365 1.97364
2.31423 1.97045
2.3136 1.97396
2.31457 1.96845
2.3136 1.97394
2.3136 1.97396
2.31361 1.97387
2.31361 1.97389
2.31361 1.97388
2.31362 1.97383
2.31471 1.9676
2.31361 1.97387
2.31362 1.97381
2.31557 1.96885
2.31362 1.97382
2.31362 1.97383
2.31362 1.97383
2.31363 1.97378
2.31363 1.97379
2.31363 1.97378
2.31363 1.97379
2.31363 1.97374
2.31565 1.96904
2.31363 1.97376
2.31363 1.97375
2.31363 1.97375
2.31364 1.97372
2.31364 1.97371
2.31364 1.97371
2.31567 1.96907
2.31364 1.97372
2.31364 1.97368
2.31364 1.97368
2.31364 1.97367
2.31365 1.97364
2.31363 1.97377
2.31365 1.97363
2.31365 1.97364
2.31562 1.96791
2.31366 1.97359
2.31365 1.9736
2.31464 1.96801
2.31349 1.97451
2.3137 1.97338
2.31364 1.97373
2.31472 1.96756
2.31419 1.97067
2.31352 1.97429
2.31571 1.96917
2.31458 1.96837
2.31716 1.98059
2.31453 1.96873
2.31451 1.96882
2.31473 1.96753
2.31461 1.96818
2.31419 1.97072
2.31658 1.97635
2.31346 1.97471
2.31465 1.96798
2.31423 1.97044
2.31464 1.96802
2.31741 1.98218
2.31451 1.96879
2.31475 1.96739
2.31468 1.9678
2.3174 1.98215
2.31444 1.96924
2.3144 1.96945
2.31441 1.96942
2.3144 1.96949
2.31741 1.98218
2.31443 1.96931
2.3144 1.96949
2.31461 1.96817
2.31451 1.9688
2.31452 1.96873
2.31462 1.96814
2.31464 1.96802
2.31461 1.96817
2.31451 1.9688
2.31451 1.96884
2.31457 1.96842
2.31648 1.97553
2.31462 1.96812
2.31561 1.96892
2.31472 1.96753
2.31461 1.96819
2.31464 1.96803
2.31464 1.96801
2.31465 1.968
2.31464 1.96803
2.31467 1.96788
2.31466 1.96791
2.31467 1.96789
2.31466 1.9679
2.31466 1.96791
2.31467 1.96789
2.31468 1.96779
2.31468 1.96781
2.31468 1.9678
2.31469 1.96773
2.31469 1.96773
2.31469 1.96773
2.3147 1.96765
2.31471 1.96759
2.3147 1.96766
2.3147 1.96766
2.31471 1.96759
2.31472 1.96756
2.31471 1.96759
2.31472 1.96755
2.31473 1.96751
2.31648 1.97556
2.31472 1.96755
2.31643 1.97516
2.31473 1.96753
2.31473 1.96753
2.31473 1.96753
2.31474 1.96741
2.31474 1.96747
2.31474 1.96747
2.31474 1.96748
2.31474 1.96744
2.31474 1.96744
2.3157 1.96912
2.31474 1.96741
2.31474 1.96741
2.31474 1.96741
2.31474 1.96741
2.3174 1.98216
2.31475 1.96739
2.31475 1.96738
2.31475 1.96738
2.31475 1.96738
2.31563 1.96898
2.31715 1.98055
2.31558 1.96887
2.3157 1.96912
2.31479 1.96718
2.31473 1.96704
2.31463 1.9668
2.31561 1.96891
2.31558 1.96887
2.31552 1.96875
2.31653 1.97593
2.31462 1.96673
2.31521 1.96811
2.31523 1.96815
2.31457 1.9667
2.31735 1.98183
2.31564 1.969
2.31527 1.96823
2.31527 1.96823
2.31524 1.96816
2.31563 1.96898
2.31543 1.96857
2.31573 1.9692
2.31527 1.96824
2.31647 1.97574
2.3157 1.96911
2.31557 1.96885
2.31542 1.96855
2.31544 1.96861
2.31544 1.96861
2.31557 1.96885
2.31569 1.96911
2.31553 1.96877
2.31561 1.96891
2.31552 1.96876
2.31557 1.96884
2.31557 1.96885
2.3166 1.97653
2.31562 1.96894
2.31571 1.96915
2.31659 1.97645
2.31563 1.96898
2.31563 1.96898
2.3157 1.96911
2.31564 1.969
2.31741 1.98219
2.31563 1.96899
2.31563 1.96898
2.31565 1.96904
2.31567 1.96908
2.31567 1.96908
2.31568 1.9691
2.31568 1.9691
2.31573 1.96919
2.31571 1.96917
2.31572 1.96918
2.31568 1.9691
2.31569 1.9691
2.31658 1.97639
2.3157 1.96912
2.3157 1.96911
2.3157 1.96913
2.3157 1.96914
2.31571 1.96917
2.31571 1.96916
2.31571 1.96915
2.31571 1.96917
2.31571 1.96917
2.31572 1.96918
2.31571 1.96917
2.31572 1.96918
2.31572 1.96918
2.31572 1.96918
2.31572 1.96918
2.31572 1.96918
2.31572 1.96918
2.31572 1.96918
2.31573 1.96918
2.31572 1.96918
2.31573 1.96919
2.31573 1.96918
2.31573 1.9692
2.31573 1.9692
2.31573 1.9692
2.31573 1.9692
2.31653 1.97593
2.31572 1.96884
2.31659 1.97643
2.31617 1.97291
2.31648 1.97553
2.31661 1.97658
2.31642 1.97507
2.31561 1.96781
2.3165 1.97573
2.31642 1.97504
2.31615 1.97276
2.31661 1.97661
2.3162 1.97319
2.31656 1.97619
2.31737 1.98195
2.31634 1.97439
2.31661 1.97665
2.31642 1.97509
2.3162 1.9732
2.3166 1.97656
2.3162 1.97319
2.3165 1.97571
2.31647 1.97547
2.31636 1.9746
2.31658 1.97633
2.31653 1.97596
2.31635 1.97453
2.31633 1.97432
2.31634 1.97438
2.31636 1.97453
2.31633 1.97433
2.31647 1.97545
2.31658 1.97634
2.31651 1.97578
2.31642 1.97508
2.3165 1.97573
2.31647 1.97545
2.31647 1.97547
2.31651 1.9758
2.31653 1.97592
2.31653 1.97593
2.31658 1.97638
2.31653 1.97593
2.31655 1.97611
2.31656 1.97621
2.31656 1.97621
2.31656 1.97619
2.31657 1.9763
2.31657 1.97629
2.31657 1.97628
2.31657 1.97627
2.31661 1.97662
2.31657 1.97627
2.31657 1.97629
2.31661 1.97659
2.31657 1.97627
2.31658 1.97639
2.31658 1.97633
2.31659 1.9764
2.31658 1.9764
2.31658 1.97638
2.31659 1.97648
2.31659 1.97643
2.31659 1.97643
2.31659 1.97645
2.31659 1.97649
2.31659 1.97649
2.31659 1.97649
2.3166 1.97654
2.3166 1.97653
2.3166 1.97652
2.3166 1.97656
2.3166 1.97656
2.3166 1.97655
2.31661 1.97658
2.31661 1.97658
2.31701 1.97956
2.31661 1.97657
2.31661 1.97658
2.31661 1.9766
2.31661 1.97659
2.31661 1.97659
2.31661 1.97663
2.31661 1.97662
2.31661 1.97662
2.31661 1.97661
2.31661 1.97665
2.31661 1.97664
2.31661 1.97664
2.31729 1.98144
2.3165 1.97592
2.31665 1.97705
2.31739 1.98207
2.31651 1.97604
2.31652 1.97605
2.31646 1.97567
2.31725 1.98115
2.3174 1.98217
2.31739 1.9821
2.3166 1.97668
2.31723 1.98107
2.3166 1.9767
2.31699 1.97944
2.31741 1.98219
2.31741 1.98222
2.31705 1.97986
2.31734 1.98174
2.31704 1.97975
2.317 1.97954
2.31724 1.9811
2.31703 1.97975
2.31741 1.9822
2.31736 1.98191
2.31738 1.98203
2.31728 1.98137
2.31734 1.98173
2.31716 1.98061
2.31716 1.9806
2.31718 1.9807
2.31718 1.9807
2.31728 1.98136
2.31725 1.98118
2.31732 1.98159
2.31732 1.98159
2.31731 1.98156
2.31729 1.98141
2.31728 1.98137
2.31732 1.98159
2.31734 1.98173
2.31734 1.98173
2.31733 1.9817
2.31733 1.98169
2.31735 1.98181
2.31735 1.98183
2.31738 1.982
2.31735 1.98183
2.31735 1.98181
2.31736 1.98189
2.31741 1.98218
2.31738 1.98201
2.31738 1.98199
2.31738 1.98199
2.31739 1.98204
2.31738 1.98204
2.31739 1.9821
2.31739 1.98206
2.31738 1.98203
2.31739 1.98207
2.3174 1.98213
2.31739 1.98207
2.31739 1.98207
2.31739 1.98207
2.31739 1.98211
2.31739 1.9821
2.3174 1.98214
2.3174 1.98213
2.31741 1.98218
2.3174 1.98214
2.3174 1.98214
2.3174 1.98216
2.3174 1.98215
2.3174 1.98215
2.3174 1.98217
2.3174 1.98217
2.3174 1.98217
2.31741 1.98218
2.31741 1.9822
2.31741 1.98221
