2.78291 2.23067
2.81369 2.21279
2.93817 2.16513
2.89989 2.18158
2.79525 2.20845
2.81236 2.21851
2.93774 2.16529
2.70276 2.26305
2.94174 2.16366
2.93701 2.16564
2.79469 2.2062
2.77079 2.23031
2.85751 2.19952
2.79506 2.20856
2.87208 2.19346
2.72176 2.25562
2.76209 2.22499
2.81041 2.21416
2.90098 2.18114
2.93574 2.16614
2.79376 2.20927
2.82253 2.21416
2.79235 2.20681
2.79493 2.20614
2.9417 2.16366
2.78819 2.20423
2.70391 2.2625
2.73464 2.24437
2.73921 2.24841
2.80033 2.21835
2.79548 2.20598
2.93124 2.16816
2.8819 2.18934
2.78949 2.20339
2.79272 2.22668
2.73269 2.25097
2.76424 2.23293
2.94373 2.16276
2.79213 2.22688
2.92028 2.17284
2.93582 2.1661
2.78887 2.21178
2.78475 2.21391
2.9099 2.17739
2.94305 2.1631
2.84536 2.2046
2.8517 2.20201
2.87535 2.19211
2.84575 2.20441
2.85534 2.2004
2.79399 2.20641
2.88529 2.18783
2.8951 2.18362
2.79288 2.20971
2.79572 2.20591
2.79611 2.20583
2.74059 2.24219
2.76097 2.23419
2.79417 2.20045
2.92039 2.17277
2.87516 2.19217
2.91487 2.17519
2.90826 2.17807
2.74423 2.24066
2.89807 2.18241
2.91317 2.17598
2.8949 2.18372
2.78618 2.20824
2.9098 2.17742
2.81075 2.21398
2.92921 2.16903
2.92829 2.16943
2.92327 2.17154
2.92218 2.17205
2.93225 2.16766
2.75621 2.22781
2.92392 2.17128
2.92927 2.16902
2.94108 2.16392
2.79996 2.21848
2.79259 2.20987
2.77218 2.21362
2.73425 2.24456
2.79098 2.2025
2.78584 2.22422
2.79172 2.2219
2.81191 2.21348
2.81234 2.21333
2.77418 2.2289
2.7464 2.23985
2.79333 2.20656
2.81458 2.21241
2.79301 2.20664
2.76404 2.23298
2.79421 2.20636
2.80676 2.21566
2.79069 2.22231
2.79203 2.20179
2.8033 2.21716
2.7839 2.22503
2.79178 2.22189
2.78192 2.22577
2.78179 2.22584
2.79227 2.21002
2.78511 2.2245
2.81258 2.21321
2.79397 2.221
2.7951 2.2205
2.79431 2.20037
2.79837 2.21914
2.81435 2.21253
2.79137 2.21051
2.80275 2.21738
2.79936 2.21877
2.80496 2.21643
2.80439 2.21671
2.7983 2.21917
2.8068 2.21563
2.81272 2.21316
2.79388 2.20644
2.80327 2.21717
2.80943 2.21457
2.80776 2.21524
2.80739 2.21542
2.79277 2.20975
2.80797 2.21516
2.80976 2.21444
2.78614 2.20824
2.80974 2.21444
2.81391 2.21271
2.81194 2.21346
2.8139 2.21271
2.79321 2.2066
2.76937 2.22149
2.75602 2.22793
2.78181 2.21533
2.79323 2.20101
2.78905 2.2117
2.77428 2.21909
2.79584 2.20819
2.79485 2.20864
2.79572 2.20591
2.75918 2.22646
2.77598 2.21821
2.7941 2.20909
2.77101 2.22072
2.77978 2.21632
2.78124 2.20837
2.761 2.22549
2.78145 2.20922
2.79618 2.20799
2.77091 2.22074
2.78424 2.21416
2.78261 2.20896
2.79054 2.21098
2.78084 2.21583
2.78478 2.2139
2.77985 2.21627
2.78145 2.21549
2.79518 2.20848
2.78587 2.21335
2.78644 2.21303
2.78807 2.21218
2.79606 2.20808
2.77392 2.21257
2.79027 2.21111
2.78857 2.21196
2.79108 2.21069
2.78804 2.21221
2.79229 2.21
2.79052 2.21098
2.78752 2.20463
2.79417 2.20045
2.7936 2.20935
2.79377 2.20927
2.79427 2.20896
2.79574 2.20824
2.78721 2.20481
2.79585 2.20819
2.79486 2.20863
2.77829 2.21008
2.78999 2.20308
2.79528 2.20606
2.77028 2.21466
2.78575 2.20565
2.7901 2.20302
2.79357 2.20078
2.7937 2.20072
2.78225 2.20773
2.79293 2.20125
2.77039 2.21457
2.79312 2.20112
2.77927 2.20953
2.79233 2.20159
2.77327 2.21293
2.79437 2.2003
2.77921 2.20955
2.79099 2.2025
2.78517 2.20602
2.78754 2.20463
2.78458 2.20633
2.78454 2.20636
2.78553 2.20577
2.79377 2.20066
2.78853 2.20399
2.78951 2.20337
2.79083 2.20259
2.78981 2.20322
2.79149 2.20215
2.79132 2.20229
2.79204 2.20178
2.79283 2.2013
2.79222 2.20169
2.79239 2.20156
2.79292 2.20124
2.79411 2.20049
2.79382 2.20064
2.79358 2.20077
2.78553 2.20837
2.78018 2.20943
2.7905 2.20724
2.7934 2.20655
2.78749 2.20795
2.7958 2.2059
2.78817 2.20777
2.78026 2.2094
2.79542 2.20602
2.78218 2.20903
2.79481 2.20618
2.79625 2.20579
2.79433 2.20631
2.79147 2.20703
2.79011 2.20734
2.79169 2.20699
2.78972 2.20741
2.78969 2.20742
2.79036 2.20727
2.79585 2.20588
2.79213 2.20688
2.79168 2.20699
2.7962 2.20581
2.79299 2.20665
2.79469 2.2062
2.79399 2.20641
2.79522 2.20607
2.79489 2.20615
2.79529 2.20606
2.79607 2.20584
2.79588 2.20588
2.79612 2.20584
