2.93456 1.8859
2.93387 1.89182
2.93335 1.88572
2.93501 1.88001
2.93405 1.8876
2.93522 1.87885
2.93522 1.88172
2.93519 1.88189
2.93492 1.88361
2.93473 1.87026
2.93364 1.88289
2.93446 1.88716
2.93359 1.89173
2.93455 1.88224
2.93461 1.88538
2.9343 1.88561
2.93421 1.87878
2.93423 1.88643
2.93447 1.88641
2.9347 1.88532
2.93518 1.88185
2.93526 1.87688
2.93406 1.88339
2.935 1.88011
2.93544 1.87983
2.93511 1.87559
2.93476 1.88393
2.93362 1.89328
2.93416 1.88845
2.93526 1.88091
2.93445 1.88606
2.93461 1.88624
2.93361 1.89324
2.93433 1.88801
2.93517 1.88184
2.93389 1.89133
2.93386 1.89113
2.93372 1.89194
2.93515 1.88157
2.93343 1.89132
2.93346 1.89402
2.93533 1.88046
2.93402 1.89029
2.93394 1.89121
2.93516 1.87506
2.93379 1.89247
2.93469 1.88575
2.93412 1.88926
2.93524 1.88121
2.93441 1.88736
2.93488 1.88401
2.93436 1.88714
2.93434 1.88836
2.9339 1.88918
2.9342 1.87051
2.93364 1.89326
2.93379 1.88909
2.93408 1.89021
2.93416 1.88511
2.9353 1.88064
2.93383 1.89072
2.93417 1.86715
2.93503 1.88307
2.9337 1.89237
2.93408 1.88895
2.93519 1.88168
2.93341 1.8951
2.93452 1.88246
2.93496 1.88305
2.93346 1.86692
2.93503 1.88228
2.93408 1.88923
2.93541 1.86211
2.93335 1.89147
2.93504 1.88284
2.93519 1.8811
2.93354 1.89313
2.93531 1.87993
2.93433 1.88674
2.93362 1.89096
2.9353 1.88053
2.93543 1.87625
2.93354 1.8934
2.93405 1.88995
2.93354 1.89341
2.93414 1.88434
2.93417 1.87773
2.93352 1.89385
2.93476 1.88246
2.93355 1.89335
2.9353 1.88094
2.93538 1.87396
2.9337 1.87862
2.93394 1.8912
2.93439 1.88742
2.93459 1.88237
2.93471 1.87421
2.93397 1.89075
2.93338 1.89569
2.93418 1.88519
