2.54254 1.65299
2.58683 1.51989
2.57464 1.55525
2.54716 1.63981
2.57421 1.55603
2.59074 1.50613
2.53714 1.66917
2.59371 1.50077
2.56497 1.58726
2.58314 1.52385
2.58989 1.51146
2.56571 1.58482
2.59084 1.50552
2.54731 1.63937
2.56537 1.58591
2.58703 1.51965
2.53996 1.66033
2.52372 1.70842
2.58555 1.52082
2.53974 1.66099
2.57449 1.55507
2.59219 1.50128
2.58243 1.52623
2.48974 1.80221
2.59206 1.50134
2.54567 1.64389
2.57963 1.53508
2.59521 1.49658
2.54163 1.65542
2.58553 1.52081
2.58881 1.51619
2.54604 1.64304
2.57865 1.53918
2.57455 1.55478
2.58872 1.51642
2.59083 1.50554
2.57925 1.53657
2.5703 1.57009
2.59225 1.50127
2.53323 1.68092
2.49943 1.77592
2.58992 1.51131
2.57276 1.56126
2.58991 1.51135
2.59409 1.49724
2.59327 1.50266
2.58316 1.52383
2.52381 1.70812
2.59409 1.49726
2.58436 1.52255
2.56573 1.58479
2.56561 1.58534
2.59469 1.49374
2.59085 1.50543
2.49637 1.784
2.58247 1.52609
2.58989 1.51144
2.59497 1.49555
2.59368 1.50119
2.58731 1.51933
2.54124 1.65614
2.58729 1.51936
2.59522 1.49663
2.59469 1.49407
2.59327 1.50266
2.57924 1.53661
2.5739 1.55724
2.58557 1.52076
2.5472 1.63973
2.59226 1.50128
2.54611 1.64293
2.59157 1.50172
2.59329 1.50265
2.52192 1.71361
2.58704 1.51964
2.57447 1.5552
2.57894 1.53783
2.57439 1.55544
2.56519 1.58752
2.49117 1.79601
2.5933 1.50265
2.58881 1.51619
2.57914 1.53697
2.54881 1.63625
2.49048 1.79758
2.59271 1.50235
2.5708 1.56839
2.59498 1.49558
2.5457 1.64387
2.56573 1.58479
2.49077 1.79945
2.48778 1.80587
2.59085 1.50538
2.59521 1.4966
2.58739 1.51922
2.54341 1.65118
2.5831 1.52406
2.59158 1.50171
2.59441 1.49446
2.58274 1.52505
2.57964 1.53505
2.56418 1.58944
2.59521 1.49661
2.56494 1.58739
2.5888 1.51623
2.53713 1.66917
2.58315 1.52383
2.53186 1.68484
2.58853 1.51687
2.57927 1.53653
2.54117 1.65654
2.59371 1.50075
2.53976 1.66092
2.57457 1.55477
2.59139 1.5027
2.59486 1.49494
2.54748 1.63927
2.54748 1.63927
2.54703 1.64048
2.59522 1.49664
2.54417 1.64928
2.5791 1.53711
2.53647 1.67127
2.59071 1.50639
2.57965 1.53501
2.58559 1.52073
2.5854 1.52102
2.54633 1.64257
2.59161 1.50154
2.57817 1.54122
2.53174 1.68515
2.53162 1.68582
2.59407 1.49749
2.52481 1.70523
2.59471 1.49405
2.5792 1.53669
2.54699 1.64067
2.57433 1.55555
2.49618 1.78505
2.58988 1.5115
2.54341 1.65122
2.58543 1.52099
2.59371 1.50073
2.53627 1.67177
2.58981 1.51184
2.57965 1.53501
2.59306 1.50269
2.5852 1.52125
2.52092 1.71625
2.49645 1.78414
2.57391 1.55722
2.58646 1.52025
2.58528 1.52108
2.56044 1.60125
2.53931 1.66224
2.58312 1.524
2.52158 1.71461
2.56538 1.58589
2.52379 1.70813
2.59371 1.50074
2.58552 1.52081
2.56387 1.5903
2.48808 1.80755
2.56449 1.58873
2.58544 1.52098
2.54744 1.6393
2.5473 1.63936
2.58868 1.5165
2.58989 1.51145
2.54283 1.65246
2.59227 1.50127
2.57452 1.55488
2.58543 1.521
2.53129 1.68667
2.59469 1.49407
2.53272 1.68244
2.58724 1.51941
2.557 1.61172
2.52205 1.71277
2.58558 1.52072
2.59071 1.50637
2.59517 1.49644
2.54745 1.63926
2.56448 1.58875
2.57285 1.56097
2.57323 1.5595
2.57897 1.53773
2.55735 1.61051
2.58557 1.52076
2.54423 1.64902
2.52182 1.71339
2.58146 1.52947
2.5944 1.4945
2.57971 1.53465
2.58993 1.51125
2.57406 1.55672
2.54249 1.65326
2.59372 1.50071
2.5937 1.50083
2.53179 1.6853
2.59497 1.49553
2.57463 1.55525
2.59408 1.4974
2.58315 1.52382
2.57446 1.55523
2.53661 1.67058
2.59369 1.50088
2.59214 1.50131
2.57897 1.53772
2.54687 1.64123
2.58308 1.52408
2.59266 1.50225
2.58211 1.52731
2.56526 1.58617
2.5933 1.50265
2.59224 1.50128
2.54149 1.65577
2.59274 1.50267
2.5916 1.50158
2.57968 1.53491
2.59472 1.49405
2.59408 1.49737
2.59409 1.49724
2.54715 1.63985
2.58306 1.52409
2.56478 1.58791
2.54108 1.65665
2.58878 1.51627
2.59367 1.50094
2.59279 1.50251
2.58314 1.52386
2.5651 1.58672
2.57974 1.53458
2.53744 1.66823
2.58556 1.5208
2.54436 1.64867
2.5933 1.50265
2.5833 1.52377
2.52102 1.71634
2.58314 1.52385
2.57748 1.54408
2.54571 1.64384
2.54526 1.64546
2.53654 1.67077
2.56543 1.58581
2.59409 1.49726
2.57953 1.53542
2.59219 1.50128
2.56499 1.58719
2.59409 1.4973
2.58976 1.51207
2.59327 1.50266
2.57893 1.53789
2.54544 1.64489
2.54272 1.6527
2.59441 1.49449
2.58549 1.52086
2.58872 1.51642
2.58992 1.51132
2.56373 1.59058
2.57871 1.53892
2.53269 1.68259
2.59281 1.50254
2.53274 1.68243
2.57404 1.55678
2.53134 1.68672
2.56577 1.58464
2.57446 1.55525
2.54682 1.64166
2.59442 1.49435
2.54122 1.65642
2.58879 1.51626
2.57953 1.53546
2.54243 1.65342
2.59521 1.49659
2.58555 1.52082
2.54578 1.64368
2.56508 1.58679
2.58991 1.51137
2.5392 1.66262
2.59372 1.50069
2.54698 1.64072
2.59227 1.50126
2.54531 1.64534
2.57421 1.55605
2.56313 1.59252
2.57925 1.5366
2.59158 1.50171
2.59514 1.49635
2.59372 1.50068
2.53711 1.66927
2.54631 1.64269
2.54148 1.65581
2.54121 1.65618
2.56583 1.58461
2.5888 1.51654
2.57423 1.55597
2.56552 1.58563
2.59521 1.49658
2.53657 1.67095
2.58314 1.52385
2.59425 1.49591
2.57972 1.53458
2.57443 1.55537
2.58976 1.51208
2.59409 1.49731
2.5363 1.67184
2.59079 1.50588
2.57428 1.55573
2.53975 1.66091
2.57928 1.5365
2.5855 1.52082
2.58739 1.51922
2.53941 1.6617
2.54679 1.64154
2.59471 1.49406
2.59438 1.49471
2.57395 1.55707
2.59161 1.50153
2.57968 1.53491
2.59409 1.49729
2.53918 1.66251
2.53936 1.66179
2.59153 1.50193
2.59494 1.49539
2.57718 1.54525
2.57429 1.55568
2.59521 1.49658
2.53938 1.66204
2.58529 1.5211
2.54149 1.65575
2.5656 1.5854
2.56554 1.58558
2.58941 1.51373
2.59162 1.50149
2.54109 1.65677
2.54242 1.65335
2.54251 1.65301
2.57026 1.57031
2.59226 1.50128
2.56478 1.58791
2.56582 1.58462
2.5947 1.49407
2.58991 1.51137
2.57443 1.55534
2.56424 1.58934
2.56474 1.58802
2.54273 1.65271
2.54272 1.65274
2.56567 1.58505
2.57378 1.55756
2.58552 1.5208
2.58875 1.51633
2.59066 1.50676
2.57827 1.54083
2.54252 1.65318
2.56474 1.58805
2.59081 1.50572
2.58558 1.52072
2.58985 1.51166
2.59079 1.50585
2.58241 1.52629
2.54373 1.65034
2.57447 1.5552
2.59085 1.50545
2.59498 1.4956
2.58868 1.5165
2.57212 1.5637
2.57458 1.55477
2.59085 1.5054
2.54346 1.65108
2.59471 1.49406
2.59471 1.49406
2.59276 1.50265
2.56562 1.5853
2.58816 1.51776
2.5952 1.49657
2.54364 1.65057
2.5888 1.5162
2.58536 1.52105
2.56312 1.59263
2.59456 1.49416
2.5435 1.65087
2.58554 1.52082
2.57912 1.53702
2.54348 1.6509
2.54745 1.63927
2.54365 1.65057
2.59392 1.49898
2.54364 1.65059
2.58994 1.51123
2.59495 1.49544
2.59485 1.49484
2.54666 1.64194
2.57953 1.53542
2.58861 1.51735
2.57406 1.55672
2.54349 1.651
2.56578 1.58465
2.59227 1.50127
2.57404 1.5573
2.54443 1.64845
2.58511 1.52144
2.58983 1.51173
2.54421 1.64916
2.58552 1.5208
2.57975 1.53485
2.54424 1.64898
2.59438 1.49469
2.54436 1.64867
2.54602 1.64479
2.58838 1.51723
2.54435 1.6487
2.54423 1.64909
2.58262 1.52549
2.57974 1.53458
2.54417 1.6493
2.58656 1.52016
2.58881 1.51619
2.59326 1.50265
2.56523 1.5862
2.58734 1.51927
2.54498 1.64661
2.59496 1.49548
2.54481 1.64726
2.58738 1.51926
2.57974 1.53458
2.54493 1.64681
2.5933 1.50265
2.56215 1.59585
2.59057 1.50737
2.59466 1.4941
2.57447 1.5552
2.57212 1.5637
2.58733 1.5193
2.58982 1.5121
2.54748 1.63927
2.54483 1.6471
2.5886 1.51669
2.59225 1.50127
2.58299 1.52441
2.54477 1.64737
2.56457 1.5885
2.5933 1.50265
2.54734 1.63936
2.59497 1.49555
2.59496 1.49547
2.54482 1.64713
2.58299 1.52441
2.58729 1.51937
2.58549 1.52088
2.54493 1.64681
2.58559 1.52073
2.56566 1.5851
2.5473 1.63938
2.57377 1.55843
2.59498 1.49561
2.56526 1.58618
2.54658 1.64219
2.57378 1.55756
2.59433 1.49522
2.5933 1.50265
2.59329 1.50265
2.59083 1.50555
2.5916 1.50156
2.54493 1.64684
2.55719 1.61112
2.54483 1.64719
2.59226 1.50128
2.57439 1.55544
2.59226 1.50127
2.58315 1.52395
2.57402 1.55684
2.5899 1.5114
2.5854 1.52103
2.59442 1.49434
2.54478 1.64738
2.58868 1.5165
2.58276 1.52505
2.56495 1.58859
2.5738 1.55751
2.54529 1.64539
2.54539 1.64505
2.59409 1.49724
2.56546 1.58575
2.59498 1.49559
2.54572 1.64375
2.57456 1.55478
2.58994 1.51123
2.5916 1.50155
2.57963 1.53506
2.58546 1.52094
2.5935 1.50182
2.57953 1.53542
2.56218 1.59569
2.54532 1.64524
2.59082 1.50564
2.59226 1.50128
2.5453 1.64526
2.58984 1.51171
2.58992 1.5113
2.54601 1.64304
2.59083 1.50558
2.5933 1.50265
2.57709 1.54564
2.5454 1.64505
2.54539 1.64506
2.59463 1.49412
2.59219 1.50128
2.57813 1.54144
2.57378 1.55757
2.59518 1.49649
2.54527 1.64549
2.59222 1.50129
2.57715 1.5454
2.54582 1.6436
2.54571 1.64374
2.56543 1.58582
2.59043 1.50833
2.57274 1.5614
2.54631 1.64267
2.58878 1.51627
2.59161 1.50154
2.58275 1.52421
2.59437 1.49481
2.58876 1.51632
2.58305 1.52414
2.59086 1.50538
2.54602 1.64307
2.54578 1.64368
2.57189 1.56457
2.56238 1.59512
2.54578 1.64369
2.54568 1.64392
2.59398 1.49844
2.56561 1.58534
2.59082 1.50564
2.57957 1.53521
2.56559 1.58543
2.59194 1.50135
2.54614 1.64288
2.57358 1.5582
2.59363 1.50115
2.55727 1.61073
2.5928 1.50252
2.54656 1.64226
2.58716 1.52001
2.56582 1.58462
2.54605 1.64295
2.54604 1.64294
2.59407 1.49749
2.59277 1.50246
2.54611 1.64293
2.5874 1.51921
2.57442 1.55539
2.54633 1.64265
2.59221 1.50128
2.54611 1.64294
2.58858 1.51672
2.59518 1.4965
2.59371 1.50074
2.58981 1.51184
2.54605 1.64302
2.56573 1.58478
2.59353 1.5017
2.59161 1.50154
2.56535 1.58591
2.58739 1.51924
2.5887 1.51646
2.54642 1.64245
2.54639 1.64251
2.5888 1.51651
2.56468 1.58962
2.58143 1.52954
2.56481 1.58783
2.58556 1.5208
2.59057 1.50733
2.54634 1.64257
2.58735 1.51927
2.57374 1.55767
2.59082 1.50564
2.57435 1.55553
2.5933 1.50265
2.5797 1.53474
2.58739 1.51922
2.59086 1.50537
2.56573 1.58477
2.58539 1.5209
2.58874 1.51636
2.54639 1.64251
2.58868 1.51649
2.57948 1.53573
2.5886 1.51668
2.54639 1.64252
2.59153 1.50135
2.54633 1.64263
2.54658 1.64222
2.56581 1.58462
2.58284 1.52423
2.54663 1.64202
2.58719 1.51944
2.57435 1.55552
2.59224 1.50129
2.54719 1.63974
2.54659 1.64214
2.54657 1.64295
2.59282 1.50256
2.5831 1.52407
2.5944 1.4945
2.54658 1.64214
2.58976 1.51206
2.54663 1.64203
2.54663 1.64203
2.58265 1.52544
2.56382 1.59044
2.59521 1.49659
2.54656 1.64227
2.59226 1.50128
2.58289 1.52472
2.58737 1.51927
2.59521 1.4966
2.54684 1.64133
2.56107 1.59923
2.5932 1.50267
2.56606 1.58478
2.5468 1.64146
2.59471 1.49406
2.5928 1.50252
2.57428 1.55572
2.58316 1.52383
2.58985 1.51164
2.59426 1.49584
2.57963 1.53508
2.54678 1.6416
2.59404 1.49781
2.57452 1.55488
2.58808 1.51795
2.57818 1.54117
2.59274 1.5024
2.5468 1.64148
2.58866 1.51718
2.59495 1.49543
2.59442 1.49434
2.54684 1.64133
2.56546 1.58575
2.5939 1.49918
2.57967 1.53493
2.59083 1.50554
2.59408 1.49739
2.59321 1.50267
2.54684 1.64134
2.57453 1.55486
2.56554 1.58558
2.57416 1.55629
2.5468 1.64151
2.58537 1.5209
2.54678 1.6416
2.58877 1.51628
2.59161 1.50135
2.56571 1.58483
2.59226 1.50127
2.58313 1.52394
2.5855 1.52082
2.59081 1.50569
2.5796 1.53512
2.54705 1.6404
2.59442 1.49438
2.54734 1.63935
2.56565 1.58512
2.58872 1.51642
2.547 1.64059
2.56449 1.5887
2.58312 1.52401
2.54697 1.64071
2.58536 1.52105
2.5651 1.58672
2.57403 1.55679
2.59441 1.49442
2.54699 1.6406
2.58877 1.51629
2.59278 1.50249
2.54732 1.63933
2.57353 1.55828
2.59162 1.50145
2.5908 1.50579
2.59442 1.49437
2.57973 1.53459
2.54703 1.64048
2.54703 1.64049
2.58994 1.51123
2.56513 1.58665
2.5933 1.50264
2.57433 1.55555
2.54699 1.64064
2.54705 1.64103
2.58881 1.51619
2.59518 1.4965
2.57394 1.55711
2.54721 1.63969
2.54716 1.63983
2.59441 1.4945
2.5622 1.59562
2.59522 1.49662
2.56324 1.59226
2.58877 1.51628
2.59077 1.50597
2.59468 1.49407
2.58983 1.51172
2.59407 1.49744
2.54717 1.63976
2.58302 1.52425
2.54715 1.63984
2.5854 1.52102
2.58553 1.52081
2.59496 1.49551
2.57927 1.53654
2.56494 1.58736
2.54716 1.63976
2.59407 1.49749
2.56603 1.58495
2.57738 1.54449
2.59496 1.49548
2.59467 1.49408
2.59085 1.5054
2.5472 1.63973
2.58878 1.51627
2.54736 1.63935
2.58711 1.51954
2.58212 1.52728
2.54731 1.63937
2.59224 1.50128
2.57976 1.53487
2.54731 1.63932
2.5899 1.5114
2.54734 1.63936
2.58731 1.51933
2.57934 1.53632
2.54749 1.63926
2.56497 1.58727
2.59467 1.49362
2.58506 1.52153
2.59468 1.49407
2.59441 1.49448
2.54745 1.6393
2.5899 1.5114
2.57968 1.53491
2.58879 1.51626
2.59496 1.49552
2.58309 1.52408
2.54872 1.63656
2.54745 1.6393
2.58725 1.51978
2.54744 1.63932
2.56332 1.59203
2.57195 1.56426
2.58988 1.51152
2.5745 1.55502
2.58559 1.52073
2.57447 1.55518
2.54981 1.63325
2.59403 1.49776
2.54879 1.63626
2.57323 1.55943
2.57974 1.53458
2.57453 1.55486
2.57973 1.53459
2.57942 1.53603
2.56534 1.58595
2.58987 1.51158
2.57973 1.53459
2.59521 1.49659
2.58313 1.52394
2.56383 1.59043
2.58736 1.51927
2.5933 1.50265
2.57455 1.55478
2.56566 1.58513
2.58554 1.52081
2.58985 1.51166
2.5573 1.61077
2.54692 1.64192
2.54592 1.64459
2.57893 1.53784
2.56374 1.59056
2.59082 1.50565
2.5947 1.49406
2.56447 1.58879
2.59519 1.49653
2.58276 1.52504
2.5722 1.56339
2.56325 1.59224
2.56325 1.59223
2.56567 1.58504
2.57403 1.55681
2.57421 1.55606
2.5914 1.50264
2.56544 1.58578
2.59332 1.50272
2.58985 1.51165
2.59227 1.50127
2.56372 1.5907
2.58993 1.51125
2.5933 1.50264
2.56209 1.59603
2.57458 1.55477
2.55697 1.61172
2.58733 1.51931
2.59147 1.50228
2.59282 1.50256
2.56576 1.58466
2.55827 1.60781
2.56534 1.58591
2.58868 1.5165
2.58289 1.52471
2.56427 1.58925
2.57973 1.53458
2.58683 1.5199
2.55792 1.60884
2.56474 1.58803
2.56416 1.58954
2.57275 1.5613
2.58736 1.51927
2.58994 1.51123
2.59281 1.50253
2.57972 1.53464
2.56552 1.58566
2.56059 1.60076
2.59153 1.5019
2.59495 1.49542
2.55793 1.60883
2.5851 1.52147
2.5897 1.51237
2.59159 1.50162
2.58309 1.52408
2.58296 1.52454
2.5579 1.60893
2.58993 1.51127
2.57452 1.55487
2.57188 1.56457
2.5933 1.50284
2.56577 1.58466
2.58243 1.5262
2.57457 1.55477
2.58531 1.5211
2.56369 1.59074
2.5937 1.50082
2.57438 1.55548
2.58941 1.51373
2.56089 1.59982
2.56478 1.58791
2.5736 1.55812
2.56523 1.58623
2.59462 1.49412
2.59226 1.50128
2.57817 1.54124
2.5631 1.5927
2.57974 1.53494
2.56509 1.5868
2.59083 1.50554
2.56424 1.58934
2.56509 1.58677
2.56423 1.58935
2.5928 1.50252
2.56054 1.60095
2.5928 1.50252
2.59282 1.50256
2.59043 1.50832
2.56062 1.60062
2.5609 1.59977
2.56043 1.60125
2.5851 1.52147
2.58987 1.51156
2.58309 1.52408
2.58522 1.52124
2.59457 1.49416
2.59323 1.50266
2.59158 1.50167
2.56058 1.60073
2.58714 1.5195
2.58867 1.51651
2.59372 1.50069
2.58288 1.52401
2.59471 1.49395
2.56091 1.59976
2.58881 1.5162
2.59222 1.50129
2.56374 1.59066
2.59207 1.50134
2.57974 1.53459
2.58993 1.51127
2.59226 1.50128
2.56581 1.58464
2.56306 1.59283
2.58738 1.51927
2.58881 1.51619
2.59521 1.4966
2.59442 1.49424
2.56248 1.59479
2.58522 1.52124
2.58864 1.51657
2.59045 1.50819
2.59458 1.49415
2.5651 1.58675
2.58301 1.52429
2.59276 1.50244
2.57452 1.55488
2.56237 1.59512
2.56237 1.59515
2.57455 1.55478
2.56219 1.59574
2.57322 1.55945
2.59425 1.49591
2.59265 1.50223
2.5621 1.59605
2.56417 1.58945
2.59442 1.49434
2.56306 1.5928
2.58556 1.52079
2.56312 1.59255
2.58737 1.51927
2.57969 1.53478
2.56383 1.59042
2.59498 1.49562
2.56369 1.59078
2.58993 1.51125
2.58991 1.51137
2.57871 1.53892
2.56414 1.58957
2.58294 1.5246
2.57413 1.55643
2.56523 1.58624
2.58727 1.51939
2.58274 1.52505
2.56417 1.58951
2.59056 1.50741
2.56414 1.58959
2.58685 1.51986
2.57193 1.56439
2.5888 1.51623
2.57963 1.53507
2.57428 1.55571
2.56454 1.58857
2.59441 1.49443
2.58491 1.52177
2.5645 1.58868
2.56454 1.58858
2.59038 1.50865
2.58266 1.52539
2.56454 1.58858
2.59495 1.49544
2.56472 1.58812
2.58739 1.51922
2.58158 1.52905
2.56447 1.5888
2.59226 1.50128
2.57952 1.53548
2.59226 1.50127
2.56473 1.58808
2.59324 1.50312
2.5796 1.53513
2.56472 1.58812
2.58959 1.5129
2.58726 1.51939
2.56493 1.58741
2.58302 1.52427
2.59059 1.50723
2.5927 1.50233
2.56497 1.58726
2.56582 1.58462
2.58546 1.52094
2.58985 1.51165
2.59521 1.4966
2.57444 1.55532
2.58261 1.52557
2.56536 1.58591
2.58865 1.51656
2.59226 1.50127
2.56492 1.58745
2.58302 1.52426
2.56581 1.58463
2.58858 1.51672
2.59282 1.50256
2.57391 1.55718
2.58522 1.52124
2.56578 1.58465
2.59085 1.5054
2.5855 1.52082
2.58302 1.52426
2.57319 1.5596
2.56494 1.58737
2.56492 1.58746
2.5888 1.5162
2.5908 1.5058
2.57455 1.55479
2.58544 1.52097
2.5928 1.50253
2.56514 1.5866
2.59521 1.49661
2.56513 1.58665
2.58874 1.51637
2.57935 1.53627
2.59323 1.50266
2.56513 1.58665
2.59442 1.49434
2.57271 1.56151
2.58976 1.51209
2.56527 1.58614
2.59157 1.50172
2.56526 1.58617
2.56522 1.58625
2.57948 1.53575
2.56572 1.5848
2.56523 1.5862
2.5947 1.49406
2.56534 1.58596
2.56577 1.58465
2.57968 1.53489
2.56559 1.58541
2.59162 1.50148
2.59138 1.50271
2.56522 1.58626
2.59522 1.49663
2.56576 1.58466
2.57351 1.55838
2.59085 1.5054
2.59519 1.49652
2.56552 1.58566
2.59254 1.50199
2.56533 1.58595
2.56537 1.58591
2.59409 1.49731
2.5884 1.51718
2.59086 1.50538
2.59126 1.50334
2.56508 1.58788
2.59315 1.50268
2.56535 1.58594
2.59371 1.50073
2.57329 1.55926
2.59407 1.49744
2.56547 1.58573
2.56544 1.5858
2.58811 1.51787
2.58732 1.51933
2.5656 1.58539
2.58304 1.52416
2.56544 1.58577
2.58557 1.52076
2.59124 1.50347
2.56546 1.58576
2.57967 1.53493
2.59217 1.50128
2.56544 1.58579
2.5899 1.51139
2.56555 1.58555
2.5944 1.49453
2.56552 1.58564
2.59363 1.50115
2.58242 1.5263
2.59161 1.5015
2.59391 1.49911
2.56572 1.58481
2.59157 1.50172
2.59083 1.50554
2.56553 1.58562
2.56552 1.58562
2.58507 1.5215
2.58818 1.5177
2.56554 1.58558
2.58721 1.51992
2.57968 1.53487
2.5656 1.58538
2.57446 1.55524
2.59521 1.4966
2.56561 1.58534
2.59197 1.50136
2.57063 1.56899
2.59441 1.49449
2.57375 1.55762
2.57455 1.55478
2.56559 1.58543
2.58298 1.52444
2.59398 1.49841
2.59162 1.50145
2.58304 1.52414
2.56568 1.58502
2.56566 1.58511
2.59157 1.50172
2.57423 1.55597
2.5874 1.51921
2.59066 1.50675
2.59155 1.50184
2.56578 1.58465
2.59522 1.49663
2.59223 1.50129
2.56566 1.58508
2.5937 1.50079
2.57949 1.53566
2.57285 1.56097
2.56566 1.58509
2.57276 1.56134
2.57415 1.55634
2.57434 1.55553
2.56567 1.58505
2.59085 1.5054
2.56571 1.58482
2.56572 1.5848
2.5933 1.50265
2.56581 1.58463
2.59441 1.49441
2.56578 1.58465
2.58506 1.52153
2.5944 1.49458
2.56577 1.58466
2.57924 1.53662
2.56581 1.58462
2.58879 1.51625
2.56581 1.58463
2.57826 1.54085
2.59323 1.50319
2.58867 1.51706
2.57375 1.55762
2.57332 1.55914
2.56657 1.58306
2.57434 1.55555
2.59277 1.50246
2.59222 1.50129
2.57032 1.57011
2.56512 1.588
2.59146 1.50232
2.59315 1.50268
2.58295 1.52456
2.58659 1.52012
2.58977 1.51203
2.56463 1.58954
2.58739 1.51922
2.58305 1.52414
2.57354 1.55827
2.57412 1.55645
2.5947 1.49407
2.57965 1.53502
2.5821 1.52737
2.5928 1.50253
2.57329 1.55927
2.57972 1.53464
2.59075 1.50611
2.59224 1.50128
2.56607 1.58477
2.58881 1.51619
2.5745 1.55502
2.57438 1.55545
2.57352 1.55836
2.57015 1.57066
2.59519 1.49652
2.57455 1.55478
2.58988 1.51152
2.57321 1.55954
2.5887 1.51646
2.59497 1.49558
2.57034 1.56996
2.59371 1.50073
2.58316 1.52383
2.58312 1.524
2.57969 1.53477
2.59227 1.50127
2.58736 1.51927
2.58315 1.52382
2.57963 1.53506
2.58544 1.52098
2.57196 1.56428
2.57063 1.56898
2.58558 1.52089
2.58489 1.52181
2.59469 1.49407
2.59409 1.49729
2.57062 1.56904
2.59522 1.49664
2.59408 1.49734
2.59329 1.50265
2.57017 1.57066
2.58305 1.52415
2.57197 1.5642
2.59515 1.49638
2.59465 1.4941
2.57816 1.54131
2.57211 1.56373
2.57353 1.55833
2.58313 1.52392
2.59439 1.49424
2.5732 1.55962
2.57415 1.55634
2.59436 1.49494
2.59153 1.50191
2.5729 1.56078
2.5791 1.53709
2.57407 1.55667
2.59226 1.50127
2.57957 1.53522
2.57358 1.5582
2.59407 1.49744
2.5744 1.55543
2.58815 1.51777
2.57285 1.56099
2.5949 1.49518
2.57271 1.56152
2.57329 1.55928
2.57358 1.55819
2.59138 1.50275
2.5922 1.50128
2.59158 1.50166
2.57351 1.5584
2.58559 1.52073
2.57443 1.55536
2.57373 1.55769
2.57375 1.55766
2.58557 1.52091
2.59084 1.50552
2.57373 1.55771
2.59497 1.49553
2.57391 1.55718
2.57394 1.55711
2.57394 1.55712
2.58291 1.52401
2.58294 1.52458
2.59324 1.50265
2.57391 1.5572
2.5915 1.5021
2.58294 1.52459
2.5739 1.55725
2.59085 1.5054
2.59217 1.50129
2.58284 1.52483
2.59084 1.5055
2.59441 1.49446
2.57403 1.55682
2.59498 1.4956
2.58726 1.5194
2.57405 1.55672
2.57402 1.55685
2.58865 1.51657
2.59372 1.50086
2.57415 1.55633
2.57413 1.55639
2.57413 1.5564
2.58688 1.51983
2.57966 1.53498
2.58739 1.51924
2.59519 1.49652
2.57413 1.55641
2.57963 1.53506
2.58836 1.51727
2.5796 1.53512
2.57413 1.55645
2.57956 1.53524
2.58987 1.51158
2.5947 1.49406
2.59409 1.49728
2.59223 1.50129
2.57424 1.55594
2.58998 1.51114
2.57421 1.55604
2.59409 1.49725
2.57428 1.55569
2.58993 1.51125
2.59522 1.49663
2.5952 1.49657
2.57422 1.55601
2.59442 1.49433
2.57421 1.55601
2.59471 1.49406
2.57423 1.55597
2.57961 1.53511
2.59325 1.50265
2.57866 1.53913
2.58853 1.51685
2.57458 1.55477
2.58718 1.51944
2.58739 1.51922
2.59258 1.50206
2.5797 1.53477
2.5743 1.55566
2.57427 1.55572
2.57428 1.55569
2.59124 1.50349
2.57438 1.55547
2.58961 1.5128
2.57944 1.53593
2.58316 1.52392
2.57429 1.55568
2.57971 1.53464
2.57429 1.55568
2.59493 1.49531
2.57435 1.55553
2.59522 1.49662
2.58274 1.52508
2.57952 1.53549
2.57442 1.55539
2.5797 1.53476
2.57434 1.55553
2.58881 1.51619
2.57971 1.53465
2.59156 1.50178
2.59326 1.50265
2.57435 1.55553
2.59372 1.50072
2.57957 1.53522
2.57434 1.55554
2.57438 1.55547
2.57439 1.55545
2.5853 1.52111
2.59468 1.49407
2.57439 1.55544
2.57916 1.53692
2.58276 1.52504
2.57439 1.55546
2.58864 1.51658
2.59442 1.49436
2.57443 1.55538
2.57443 1.55536
2.57443 1.55534
2.57443 1.55534
2.59147 1.50228
2.5898 1.51188
2.57446 1.55522
2.57449 1.55505
2.57446 1.55525
2.57914 1.53697
2.59162 1.50145
2.57446 1.55523
2.5908 1.50578
2.58859 1.51671
2.5745 1.555
2.57449 1.55506
2.59155 1.50183
2.58307 1.5241
2.59161 1.50154
2.5745 1.55504
2.59371 1.50077
2.57449 1.55504
2.57455 1.55478
2.5745 1.55502
2.57449 1.55507
2.59084 1.50552
2.59153 1.50191
2.57453 1.55486
2.59515 1.49636
2.58313 1.52393
2.59327 1.50266
2.57453 1.55485
2.57461 1.55537
2.57452 1.55488
2.59321 1.50267
2.57452 1.55486
2.57455 1.55478
2.57455 1.55477
2.59085 1.50543
2.57458 1.55476
2.57457 1.55477
2.59209 1.50133
2.57934 1.53629
2.58875 1.51633
2.57457 1.55476
2.59406 1.49759
2.57457 1.55477
2.57954 1.5354
2.57457 1.55478
2.57899 1.53764
2.58987 1.51157
2.57397 1.55782
2.57494 1.55409
2.5933 1.50265
2.59226 1.50128
2.58874 1.51637
2.5796 1.53512
2.58283 1.52484
2.57719 1.54527
2.57407 1.55742
2.58993 1.51125
2.59471 1.49406
2.59403 1.49783
2.57411 1.55706
2.57912 1.53701
2.57897 1.53772
2.59282 1.50257
2.59282 1.50256
2.5797 1.53475
2.59037 1.50866
2.59075 1.50611
2.58991 1.51135
2.57864 1.53923
2.59147 1.50225
2.5944 1.49454
2.58299 1.52439
2.57963 1.53506
2.57911 1.53708
2.59325 1.50265
2.59222 1.50129
2.57862 1.5393
2.5738 1.55852
2.57737 1.54449
2.58937 1.51393
2.59282 1.50256
2.5772 1.54516
2.59402 1.49801
2.59371 1.50074
2.57942 1.53601
2.59372 1.50071
2.58546 1.52094
2.57974 1.53458
2.57974 1.53458
2.59496 1.4955
2.58315 1.52383
2.57737 1.54453
2.58529 1.52112
2.58971 1.51232
2.59282 1.50268
2.59084 1.50549
2.58306 1.5241
2.59265 1.50223
2.57943 1.53596
2.58739 1.51922
2.58282 1.52487
2.57965 1.53502
2.59492 1.4953
2.5771 1.54565
2.5874 1.51922
2.57957 1.53524
2.57893 1.53791
2.59402 1.49799
2.57832 1.54061
2.57827 1.54083
2.57812 1.54144
2.57912 1.53706
2.57892 1.53797
2.57874 1.53879
2.57865 1.53915
2.57957 1.53521
2.57871 1.53894
2.59161 1.50136
2.57914 1.53698
2.58261 1.52555
2.58875 1.51633
2.57863 1.53931
2.58718 1.51944
2.58868 1.51708
2.59153 1.50194
2.59435 1.49501
2.59281 1.50255
2.57891 1.53795
2.59521 1.49658
2.59472 1.49405
2.59079 1.50586
2.58315 1.52382
2.59522 1.49663
2.57973 1.53459
2.57925 1.53657
2.59147 1.50228
2.58298 1.52443
2.57957 1.53524
2.58283 1.52487
2.58289 1.52473
2.59224 1.50128
2.57927 1.53653
2.59225 1.50127
2.57924 1.53663
2.59221 1.50128
2.57937 1.5362
2.59498 1.49558
2.58538 1.521
2.57934 1.53631
2.58992 1.51133
2.58208 1.52743
2.59279 1.50251
2.57936 1.53623
2.59468 1.49371
2.58316 1.5239
2.57934 1.53628
2.57936 1.53623
2.58262 1.52554
2.57936 1.53624
2.5949 1.49516
2.59409 1.49727
2.57941 1.53605
2.58432 1.52258
2.58299 1.52441
2.57934 1.53633
2.59156 1.50177
2.58547 1.52093
2.57942 1.536
2.58311 1.52402
2.57943 1.53596
2.58991 1.51135
2.57943 1.53596
2.58211 1.52733
2.57942 1.53602
2.59079 1.50588
2.57941 1.53605
2.57949 1.53569
2.58878 1.51627
2.58881 1.51619
2.5916 1.50158
2.58308 1.52409
2.57947 1.53577
2.58959 1.51289
2.59162 1.50145
2.58249 1.52601
2.57973 1.53459
2.59408 1.4974
2.58992 1.51131
2.58313 1.52393
2.58734 1.51927
2.57948 1.53573
2.58684 1.51987
2.59138 1.50275
2.59466 1.4941
2.59441 1.49442
2.58165 1.52883
2.57949 1.53568
2.59361 1.50129
2.5874 1.51921
2.57949 1.53569
2.59277 1.50246
2.59161 1.50153
2.57971 1.53466
2.58535 1.52106
2.57948 1.53574
2.57947 1.53577
2.58309 1.52408
2.5933 1.50265
2.59226 1.50128
2.58992 1.51131
2.57952 1.53547
2.59372 1.50068
2.57953 1.53545
2.59082 1.50564
2.57953 1.53545
2.57958 1.5352
2.58991 1.51137
2.59277 1.50247
2.59282 1.50256
2.59161 1.50154
2.58971 1.51232
2.57957 1.53521
2.58536 1.52105
2.58702 1.51967
2.58983 1.51175
2.59409 1.49731
2.58875 1.51633
2.5947 1.49407
2.59328 1.50265
2.57956 1.53525
2.5933 1.50265
2.57961 1.5351
2.58994 1.51123
2.58994 1.51124
2.5928 1.50252
2.58158 1.52907
2.57961 1.53511
2.59522 1.49664
2.5796 1.53511
2.58273 1.52509
2.5796 1.53511
2.59409 1.49725
2.58308 1.52409
2.57961 1.53511
2.59122 1.50357
2.58731 1.51933
2.59275 1.50242
2.59161 1.50151
2.57963 1.53507
2.58987 1.51159
2.57963 1.53506
2.57971 1.53465
2.57966 1.53499
2.58877 1.51628
2.57965 1.535
2.59363 1.50115
2.58724 1.51941
2.57966 1.53499
2.59522 1.49664
2.59371 1.50075
2.59086 1.50537
2.57966 1.53499
2.59282 1.50257
2.57965 1.53502
2.59162 1.50136
2.57967 1.53492
2.58941 1.51374
2.57968 1.53489
2.58307 1.5241
2.57968 1.53489
2.59371 1.50074
2.58989 1.51144
2.59442 1.49435
2.5829 1.52471
2.57969 1.53478
2.58527 1.52099
2.57969 1.53479
2.58488 1.52181
2.59351 1.50178
2.5831 1.52406
2.5797 1.53476
2.57969 1.53479
2.59366 1.50101
2.5933 1.50265
2.57972 1.53463
2.59074 1.50614
2.57971 1.53464
2.59306 1.50269
2.57971 1.53464
2.57973 1.53458
2.58737 1.51927
2.59281 1.50255
2.57973 1.53458
2.57973 1.53458
2.59432 1.49528
2.58316 1.52383
2.57974 1.53458
2.58873 1.51641
2.57974 1.53458
2.57931 1.53628
2.59083 1.50554
2.57996 1.53423
2.58535 1.52105
2.58306 1.5241
2.58316 1.52383
2.59158 1.50167
2.59498 1.49559
2.59162 1.50146
2.57938 1.53606
2.5952 1.49655
2.59469 1.49407
2.58208 1.52744
2.59329 1.50265
2.57941 1.53577
2.57918 1.53656
2.58993 1.51128
2.58243 1.52625
2.59279 1.50251
2.58308 1.52408
2.57936 1.53589
2.58274 1.52509
2.59436 1.49495
2.58139 1.52967
2.58315 1.52382
2.58734 1.51927
2.58285 1.52482
2.58158 1.52905
2.58988 1.51152
2.59522 1.49663
2.59442 1.49439
2.5932 1.50267
2.58557 1.52073
2.58147 1.5294
2.58294 1.52458
2.58145 1.52944
2.5914 1.50264
2.59437 1.49425
2.58735 1.51926
2.58853 1.51688
2.58316 1.52383
2.59162 1.50145
2.58838 1.51724
2.59325 1.50307
2.58244 1.52619
2.59282 1.50268
2.59162 1.50149
2.58298 1.52444
2.58312 1.52399
2.59521 1.49659
2.58315 1.52383
2.58295 1.52455
2.58876 1.5163
2.58986 1.51163
2.59371 1.50075
2.5814 1.52968
2.58304 1.52415
2.58221 1.52699
2.58277 1.52502
2.59371 1.50077
2.58301 1.52429
2.59498 1.4956
2.58284 1.52483
2.58218 1.5271
2.58218 1.52711
2.58874 1.51638
2.58217 1.52712
2.58557 1.52076
2.58302 1.52428
2.58289 1.52474
2.58247 1.52609
2.58247 1.5261
2.58987 1.51159
2.58739 1.51922
2.59072 1.50609
2.58265 1.52544
2.58983 1.51175
2.59084 1.50549
2.59471 1.49406
2.59405 1.4977
2.59158 1.50167
2.58262 1.52549
2.59472 1.49405
2.58264 1.52544
2.5831 1.52405
2.58262 1.52552
2.58985 1.51164
2.58308 1.52409
2.58558 1.52071
2.58273 1.52511
2.58289 1.52418
2.59226 1.50128
2.58734 1.51927
2.58283 1.52484
2.58284 1.52483
2.59367 1.50093
2.58283 1.52486
2.58302 1.52427
2.59161 1.50151
2.58282 1.52488
2.59522 1.49663
2.59517 1.49644
2.58311 1.52405
2.58291 1.52467
2.58289 1.52473
2.5829 1.52469
2.5829 1.52469
2.5831 1.52407
2.5829 1.52469
2.58295 1.52456
2.58992 1.51132
2.59442 1.49434
2.5888 1.51622
2.58294 1.52459
2.59363 1.50116
2.58294 1.52461
2.59075 1.50609
2.58298 1.52445
2.58987 1.51157
2.58315 1.52383
2.59308 1.50269
2.58936 1.51396
2.5928 1.50252
2.58298 1.52443
2.58446 1.5224
2.59279 1.50251
2.58298 1.52445
2.59256 1.50204
2.58553 1.52082
2.58301 1.52429
2.59085 1.50547
2.58302 1.52426
2.59085 1.50547
2.58305 1.52414
2.58304 1.52415
2.58304 1.52414
2.59471 1.49406
2.58304 1.52416
2.59225 1.50127
2.58559 1.52073
2.58977 1.51203
2.58307 1.52409
2.5888 1.51624
2.59521 1.49659
2.58307 1.5241
2.58307 1.52409
2.58306 1.5241
2.58306 1.5241
2.58314 1.52386
2.58308 1.52409
2.5899 1.5114
2.59085 1.50547
2.58311 1.52402
2.58731 1.51934
2.5831 1.52405
2.587 1.51968
2.59079 1.50586
2.59498 1.4956
2.59465 1.4941
2.59401 1.49807
2.5831 1.52406
2.59372 1.50088
2.5831 1.52405
2.59309 1.50269
2.59085 1.5054
2.59226 1.50128
2.5831 1.52407
2.58977 1.51203
2.58311 1.52402
2.58312 1.52401
2.58312 1.52401
2.58312 1.524
2.58313 1.52391
2.58313 1.52394
2.58313 1.52392
2.59409 1.49725
2.58558 1.52072
2.58313 1.52392
2.58313 1.52394
2.58314 1.52385
2.59083 1.50554
2.59408 1.49737
2.58712 1.51952
2.58314 1.52386
2.58314 1.52385
2.59409 1.49725
2.58314 1.52386
2.58315 1.52383
2.58315 1.52383
2.59472 1.49405
2.59372 1.5007
2.58316 1.52383
2.58988 1.5115
2.59402 1.49801
2.58316 1.52383
2.58316 1.52383
2.58535 1.52105
2.5874 1.51921
2.59496 1.4955
2.59226 1.50123
2.58727 1.51939
2.58523 1.52122
2.59282 1.50256
2.58552 1.52081
2.59321 1.50267
2.58485 1.52186
2.59498 1.49561
2.58437 1.52253
2.5933 1.50265
2.58558 1.52073
2.58748 1.51932
2.58557 1.52075
2.58529 1.5211
2.59368 1.50088
2.5851 1.52147
2.58553 1.52081
2.58646 1.52026
2.58549 1.52087
2.58529 1.52112
2.58276 1.52436
2.58558 1.52072
2.59462 1.49412
2.58451 1.52233
2.59497 1.49555
2.59085 1.50544
2.58537 1.52105
2.59469 1.49407
2.58438 1.52249
2.58543 1.52099
2.59497 1.49557
2.58437 1.5225
2.58535 1.52106
2.58484 1.52188
2.58705 1.51963
2.58446 1.5224
2.59498 1.4956
2.59493 1.49531
2.58556 1.52079
2.58446 1.52241
2.59083 1.50554
2.59085 1.50546
2.58528 1.52111
2.5874 1.51922
2.59406 1.49754
2.59371 1.50073
2.58433 1.5226
2.5888 1.51622
2.58992 1.51132
2.59401 1.49807
2.5855 1.52082
2.5852 1.52127
2.59078 1.50589
2.58548 1.52088
2.59282 1.50256
2.59156 1.50177
2.59328 1.50265
2.58483 1.52189
2.58489 1.5218
2.59521 1.49659
2.58482 1.52191
2.58484 1.52186
2.58991 1.51137
2.58482 1.52192
2.5932 1.50267
2.58731 1.51934
2.58519 1.52128
2.58558 1.52073
2.58549 1.52087
2.58842 1.51714
2.5853 1.52111
2.58507 1.5215
2.5933 1.50265
2.58507 1.52152
2.58506 1.52154
2.5852 1.52125
2.59494 1.49537
2.59282 1.50256
2.58519 1.52127
2.59081 1.5057
2.5852 1.52127
2.58553 1.52082
2.5947 1.49407
2.5853 1.5211
2.59161 1.50153
2.58529 1.52112
2.59056 1.50741
2.59457 1.49416
2.58535 1.52106
2.5855 1.52082
2.58535 1.52106
2.58739 1.5195
2.58985 1.51164
2.58541 1.52102
2.5854 1.52103
2.58557 1.52073
2.59162 1.50145
2.58718 1.51945
2.58541 1.52102
2.58541 1.52102
2.59084 1.50552
2.58541 1.52102
2.58871 1.51645
2.5854 1.52103
2.59368 1.50088
2.5854 1.52104
2.58543 1.52099
2.58741 1.51922
2.58544 1.52099
2.59326 1.50265
2.5916 1.50155
2.58544 1.52098
2.58543 1.521
2.59223 1.50129
2.58547 1.52092
2.58878 1.51627
2.59085 1.50544
2.58559 1.52073
2.58546 1.52093
2.58546 1.52094
2.59437 1.49483
2.58546 1.52093
2.58547 1.52093
2.5927 1.50234
2.59082 1.50563
2.59265 1.50224
2.58555 1.52082
2.58569 1.52083
2.58557 1.52073
2.58551 1.52082
2.59074 1.50616
2.59282 1.50256
2.58867 1.51651
2.58991 1.51137
2.58549 1.52087
2.58549 1.52087
2.58983 1.51174
2.59409 1.4973
2.58549 1.52087
2.59521 1.4966
2.58548 1.52088
2.58551 1.52082
2.58551 1.52082
2.59517 1.49645
2.58553 1.52082
2.58551 1.52082
2.58551 1.52082
2.58552 1.52081
2.59363 1.50116
2.58552 1.52081
2.58552 1.52081
2.58552 1.52081
2.58554 1.52082
2.59522 1.49663
2.58554 1.52082
2.59405 1.49761
2.58553 1.52082
2.59517 1.49644
2.58555 1.52081
2.58555 1.52081
2.59162 1.50145
2.58943 1.51362
2.59226 1.50128
2.58555 1.52081
2.59281 1.50254
2.59083 1.50559
2.59282 1.50256
2.58555 1.52081
2.58555 1.52081
2.58555 1.52082
2.58878 1.51627
2.59496 1.4955
2.58556 1.52079
2.59409 1.49733
2.58556 1.5208
2.58556 1.52079
2.58556 1.5208
2.58837 1.51725
2.59498 1.49559
2.59281 1.50253
2.58649 1.52023
2.59077 1.5058
2.58556 1.5208
2.59468 1.49407
2.58558 1.52072
2.58981 1.51184
2.58557 1.52076
2.59282 1.50256
2.59151 1.50205
2.58556 1.52077
2.58557 1.52076
2.59158 1.50167
2.58558 1.52072
2.58557 1.52076
2.59226 1.50128
2.58737 1.51927
2.58556 1.52077
2.58557 1.52073
2.58737 1.51927
2.58735 1.51926
2.58557 1.52073
2.58557 1.52072
2.58558 1.52073
2.58558 1.52072
2.59076 1.50587
2.58558 1.52072
2.58559 1.52073
2.58723 1.51941
2.58559 1.52073
2.58559 1.52073
2.58723 1.5194
2.5899 1.5114
2.58534 1.52102
2.59497 1.49556
2.59316 1.50268
2.58735 1.51927
2.58718 1.51943
2.58713 1.51951
2.59165 1.50136
2.58704 1.51964
2.58739 1.51924
2.58701 1.51968
2.58864 1.51659
2.58736 1.51927
2.58558 1.5209
2.59371 1.50075
2.58648 1.52024
2.58816 1.51776
2.59083 1.50554
2.5874 1.51921
2.58738 1.51926
2.59217 1.50129
2.58724 1.5194
2.5865 1.52021
2.58729 1.51937
2.58649 1.52021
2.58723 1.51941
2.58994 1.51124
2.59427 1.49574
2.58741 1.51922
2.58702 1.51966
2.58864 1.51657
2.58656 1.52016
2.59082 1.50563
2.59227 1.50127
2.58738 1.51925
2.5904 1.50852
2.58712 1.51952
2.59521 1.4966
2.59282 1.50256
2.58656 1.52016
2.58737 1.51927
2.58729 1.51936
2.58734 1.51927
2.58711 1.51953
2.59368 1.50123
2.5869 1.51981
2.59271 1.50235
2.58733 1.5193
2.5897 1.51238
2.58684 1.51988
2.58688 1.51983
2.58876 1.5163
2.59522 1.49662
2.58684 1.51987
2.58688 1.51984
2.58718 1.51944
2.58733 1.5193
2.58719 1.51944
2.58935 1.51403
2.58988 1.51149
2.58701 1.51966
2.58718 1.51943
2.59075 1.50595
2.59366 1.50142
2.58701 1.51969
2.58713 1.51951
2.59159 1.50162
2.58711 1.51953
2.58713 1.51951
2.58712 1.51953
2.5872 1.51943
2.58736 1.51927
2.58719 1.51944
2.59083 1.50558
2.58722 1.51941
2.58723 1.5194
2.58723 1.51941
2.59359 1.50136
2.5899 1.5114
2.58722 1.51941
2.58726 1.51939
2.59441 1.49446
2.58727 1.51939
2.59496 1.49551
2.58726 1.51939
2.58739 1.51924
2.58853 1.51687
2.58871 1.51645
2.58727 1.51939
2.59409 1.49727
2.58729 1.51937
2.58726 1.51939
2.5888 1.51624
2.58983 1.51174
2.58726 1.5194
2.5873 1.51936
2.58729 1.51937
2.58729 1.51936
2.58729 1.51937
2.58729 1.51938
2.5916 1.50156
2.59227 1.50127
2.58731 1.51934
2.58731 1.51934
2.5874 1.51921
2.5916 1.50155
2.58737 1.51927
2.59471 1.49406
2.58731 1.51934
2.59071 1.50638
2.58731 1.51934
2.58733 1.5193
2.58733 1.5193
2.58733 1.5193
2.5952 1.49658
2.58734 1.51927
2.59496 1.49548
2.58733 1.5193
2.59498 1.49561
2.58733 1.5193
2.58733 1.5193
2.58735 1.51927
2.5933 1.50264
2.58734 1.51927
2.58734 1.51927
2.59219 1.50127
2.58735 1.51927
2.59409 1.49725
2.58734 1.51927
2.58736 1.51927
2.59497 1.49555
2.58735 1.51926
2.5915 1.5021
2.58736 1.51927
2.59442 1.49436
2.59157 1.50176
2.58737 1.51927
2.58736 1.51927
2.58736 1.51927
2.58737 1.51927
2.59071 1.5064
2.59498 1.4956
2.58874 1.51637
2.59162 1.50145
2.58737 1.51927
2.58737 1.51927
2.58738 1.51926
2.58738 1.51926
2.58738 1.51926
2.58988 1.51151
2.58738 1.51926
2.58738 1.51926
2.58739 1.51923
2.59522 1.49663
2.58739 1.51924
2.5874 1.51921
2.58723 1.51982
2.58739 1.51924
2.58739 1.51924
2.59405 1.4977
2.5874 1.51922
2.58739 1.51922
2.5874 1.51922
2.5874 1.51921
2.58741 1.51922
2.5874 1.51922
2.5874 1.51922
2.59521 1.49661
2.59372 1.50069
2.5874 1.51922
2.5874 1.51922
2.5886 1.51667
2.58877 1.51628
2.5881 1.51789
2.59496 1.4955
2.58724 1.51986
2.59441 1.49449
2.58881 1.5162
2.58876 1.5163
2.5887 1.51646
2.59327 1.50266
2.5886 1.51668
2.58851 1.51692
2.59128 1.50326
2.58739 1.51953
2.58864 1.51658
2.59327 1.50266
2.5885 1.51693
2.5874 1.51951
2.5944 1.49458
2.58809 1.51791
2.58716 1.52005
2.59065 1.50678
2.5881 1.51788
2.5928 1.50252
2.59155 1.50182
2.58867 1.51651
2.58881 1.51619
2.58875 1.51633
2.59285 1.50268
2.58851 1.51691
2.59497 1.49554
2.5888 1.51624
2.58879 1.51625
2.58881 1.51619
2.5944 1.49453
2.58864 1.51658
2.59498 1.49564
2.58873 1.51641
2.5916 1.50158
2.59496 1.49552
2.58808 1.51795
2.59521 1.4966
2.58875 1.51633
2.59084 1.50549
2.59224 1.50128
2.58868 1.5165
2.59071 1.50637
2.5928 1.50252
2.59224 1.50127
2.58838 1.51724
2.5884 1.51718
2.5884 1.51718
2.58994 1.51124
2.58993 1.51128
2.59495 1.49543
2.58837 1.51727
2.5885 1.51694
2.58865 1.51657
2.58851 1.51691
2.59369 1.50085
2.58994 1.51123
2.58851 1.51692
2.58859 1.5167
2.5888 1.5162
2.58859 1.5167
2.58859 1.51671
2.58993 1.51148
2.58865 1.51657
2.59406 1.49754
2.58876 1.5163
2.58876 1.51632
2.5908 1.50577
2.58868 1.51651
2.59315 1.50268
2.58871 1.51645
2.58871 1.51645
2.5887 1.51646
2.5887 1.51646
2.59085 1.50542
2.5887 1.51647
2.58873 1.5164
2.58872 1.51642
2.58873 1.51641
2.58872 1.51642
2.58872 1.51642
2.59409 1.49728
2.59161 1.50151
2.58874 1.51638
2.59265 1.50222
2.58881 1.51619
2.59522 1.49664
2.58874 1.51637
2.58881 1.5162
2.58879 1.51626
2.5888 1.51621
2.59405 1.49761
2.58874 1.51638
2.59403 1.49785
2.58874 1.51638
2.58876 1.51632
2.58876 1.51629
2.58876 1.51632
2.59442 1.49439
2.58877 1.51629
2.59282 1.50268
2.59279 1.50251
2.58877 1.51629
2.58876 1.51629
2.58878 1.51627
2.59213 1.50131
2.58877 1.51628
2.58879 1.51625
2.5898 1.51188
2.58877 1.51629
2.59328 1.50266
2.58878 1.51628
2.58879 1.51626
2.58877 1.51628
2.58878 1.51628
2.58878 1.51627
2.5908 1.50578
2.59498 1.49558
2.58878 1.51627
2.59217 1.50129
2.58878 1.51627
2.58879 1.51626
2.59151 1.50205
2.59194 1.50136
2.59085 1.50546
2.58879 1.51626
2.58879 1.51626
2.59398 1.49834
2.59057 1.50735
2.59359 1.50135
2.59281 1.50255
2.58879 1.51626
2.59224 1.50129
2.58879 1.51625
2.58994 1.51123
2.59276 1.50243
2.58879 1.51625
2.58879 1.51625
2.59323 1.50266
2.59278 1.50249
2.5888 1.51622
2.58881 1.51619
2.58881 1.51619
2.5888 1.51622
2.59497 1.49556
2.5888 1.51623
2.5888 1.51622
2.59367 1.50095
2.5888 1.51622
2.58881 1.5162
2.59372 1.5007
2.5888 1.5162
2.5888 1.51621
2.59219 1.50128
2.58881 1.5162
2.59075 1.50611
2.58881 1.51619
2.58881 1.51619
2.59441 1.49446
2.59409 1.49732
2.59372 1.50069
2.58881 1.5162
2.58983 1.51174
2.59066 1.50674
2.58977 1.51201
2.5933 1.50285
2.58975 1.51209
2.59497 1.49557
2.58887 1.51621
2.59471 1.49406
2.5888 1.51651
2.58991 1.51137
2.58869 1.517
2.59085 1.50543
2.59083 1.50558
2.58993 1.51125
2.5898 1.51186
2.59043 1.50831
2.58969 1.5124
2.59521 1.49659
2.5944 1.49453
2.5898 1.51187
2.58969 1.51242
2.58862 1.51736
2.5916 1.50155
2.58994 1.51124
2.58937 1.5139
2.58937 1.51393
2.58992 1.5113
2.59366 1.50102
2.58935 1.51402
2.5899 1.5114
2.59281 1.50255
2.58962 1.51274
2.58989 1.51146
2.58983 1.51172
2.58959 1.51292
2.59329 1.50265
2.59227 1.50127
2.58961 1.5128
2.59409 1.49725
2.58958 1.51295
2.59223 1.50129
2.58959 1.5129
2.58961 1.5128
2.58958 1.51295
2.58991 1.51136
2.59277 1.50247
2.5898 1.51187
2.58972 1.51229
2.58978 1.51242
2.59405 1.49771
2.59227 1.50126
2.59159 1.50165
2.58989 1.51145
2.59441 1.49443
2.58971 1.51232
2.5898 1.51186
2.5897 1.51238
2.58969 1.51241
2.59074 1.50615
2.59072 1.50633
2.58976 1.51206
2.58981 1.51183
2.58991 1.51135
2.59086 1.50538
2.58983 1.51175
2.58985 1.51166
2.58985 1.51166
2.58987 1.51158
2.58987 1.51158
2.59427 1.49569
2.59405 1.49767
2.58988 1.51151
2.59222 1.50129
2.58992 1.51133
2.58988 1.51151
2.5899 1.5114
2.58989 1.51144
2.59518 1.49649
2.59372 1.50071
2.58989 1.51146
2.58989 1.51144
2.5933 1.50265
2.58989 1.51145
2.5899 1.51141
2.58992 1.51133
2.59368 1.50092
2.58991 1.51137
2.58992 1.51134
2.59367 1.50093
2.58991 1.51135
2.59498 1.4956
2.58991 1.51135
2.59306 1.50269
2.58991 1.51135
2.58991 1.51135
2.59371 1.50075
2.58992 1.51132
2.58992 1.51133
2.58992 1.51133
2.58992 1.51133
2.59072 1.50633
2.58992 1.51131
2.5951 1.49616
2.59197 1.50135
2.58992 1.5113
2.58992 1.5113
2.58992 1.51131
2.58993 1.51128
2.58993 1.51128
2.59281 1.50256
2.58993 1.51127
2.58993 1.51128
2.58993 1.51125
2.58993 1.51125
2.58994 1.51124
2.59084 1.50549
2.5928 1.50252
2.58994 1.51123
2.59077 1.50598
2.59085 1.50546
2.59329 1.50265
2.59072 1.5063
2.58981 1.51222
2.59408 1.49743
2.58993 1.51148
2.59467 1.49408
2.59039 1.50854
2.58983 1.51211
2.59315 1.50268
2.58983 1.51203
2.58977 1.51242
2.59078 1.50589
2.59067 1.50667
2.59085 1.50543
2.58993 1.51151
2.59306 1.50269
2.59282 1.50256
2.59074 1.50615
2.59065 1.50678
2.59146 1.50233
2.59466 1.49409
2.59039 1.50858
2.59077 1.50599
2.59077 1.50595
2.59126 1.50334
2.59359 1.50138
2.59039 1.50854
2.59086 1.50537
2.59282 1.50256
2.59277 1.50247
2.5916 1.50158
2.5908 1.50578
2.59083 1.50558
2.59518 1.49649
2.5947 1.49407
2.5906 1.50717
2.59077 1.50597
2.59057 1.50735
2.59442 1.49438
2.59254 1.50198
2.59059 1.50723
2.59522 1.49663
2.59275 1.50267
2.5916 1.50158
2.59086 1.50538
2.59151 1.50205
2.5952 1.49658
2.59471 1.49406
2.59059 1.50724
2.59068 1.50663
2.59066 1.50675
2.59223 1.50129
2.59067 1.50668
2.59074 1.50613
2.59407 1.49747
2.5933 1.50264
2.59072 1.50633
2.59158 1.50167
2.59071 1.5064
2.59159 1.50161
2.59084 1.50552
2.5952 1.49658
2.59077 1.506
2.59085 1.5054
2.59438 1.49426
2.59077 1.50599
2.59077 1.50597
2.59522 1.49663
2.59077 1.50599
2.59077 1.506
2.59079 1.50589
2.59469 1.49407
2.59079 1.50588
2.59473 1.49407
2.59079 1.50586
2.5908 1.5058
2.59138 1.50273
2.5908 1.50579
2.5908 1.50579
2.5908 1.5058
2.59081 1.50572
2.59081 1.50571
2.59485 1.49484
2.59086 1.50538
2.59081 1.50571
2.59086 1.50537
2.59081 1.5057
2.59329 1.50265
2.59081 1.50571
2.59442 1.49437
2.59081 1.50572
2.59082 1.50562
2.59082 1.50563
2.59086 1.50538
2.59082 1.50565
2.59083 1.50557
2.5947 1.49407
2.59083 1.50558
2.59083 1.50559
2.59083 1.50558
2.59227 1.50127
2.59083 1.50555
2.59086 1.50538
2.59084 1.50551
2.5952 1.49657
2.59372 1.50068
2.59084 1.50551
2.59267 1.50227
2.59084 1.50551
2.59086 1.50537
2.59084 1.50551
2.59425 1.49586
2.59084 1.50552
2.59084 1.50548
2.59084 1.50549
2.59494 1.49538
2.59437 1.49482
2.59084 1.50549
2.59084 1.5055
2.59221 1.50128
2.59085 1.50546
2.59276 1.50243
2.59085 1.50546
2.59085 1.50543
2.59072 1.50607
2.59085 1.50543
2.5937 1.50082
2.59085 1.50543
2.59085 1.50543
2.59085 1.5054
2.59086 1.50538
2.59401 1.49805
2.59086 1.50537
2.59086 1.50537
2.59151 1.50204
2.5909 1.50522
2.5944 1.49457
2.59162 1.50146
2.59328 1.50266
2.59153 1.50192
2.59156 1.50178
2.59076 1.50585
2.59145 1.50235
2.59123 1.50352
2.5933 1.50265
2.59155 1.50182
2.59159 1.50162
2.59157 1.50172
2.59123 1.50349
2.59155 1.50184
2.59139 1.50271
2.59162 1.50145
2.59126 1.50335
2.59371 1.50075
2.59122 1.50356
2.59368 1.50089
2.5915 1.50209
2.59409 1.49724
2.59141 1.5026
2.59159 1.50162
2.59155 1.50182
2.5914 1.50264
2.59153 1.50193
2.59219 1.50128
2.59146 1.50232
2.59153 1.50192
2.59146 1.50232
2.59145 1.50235
2.5915 1.50207
2.5915 1.50208
2.5915 1.50208
2.59405 1.4977
2.59161 1.50154
2.59219 1.50128
2.59153 1.50191
2.59496 1.49551
2.59153 1.50194
2.59366 1.50141
2.59155 1.50184
2.59371 1.50073
2.59155 1.50183
2.59409 1.49724
2.59155 1.50182
2.59155 1.50184
2.59407 1.49748
2.5933 1.50265
2.59157 1.50175
2.59156 1.50177
2.59157 1.50176
2.59156 1.50178
2.59158 1.5017
2.59157 1.50172
2.59328 1.50266
2.59161 1.50153
2.59158 1.50166
2.59162 1.50147
2.59407 1.49745
2.59158 1.50167
2.59521 1.49661
2.59159 1.50161
2.59159 1.50162
2.59159 1.50161
2.59159 1.50162
2.59328 1.50266
2.5916 1.50157
2.5916 1.50157
2.5916 1.50156
2.5916 1.50157
2.5916 1.50157
2.59497 1.49555
2.5916 1.50158
2.5916 1.50155
2.59161 1.50154
2.59161 1.50154
2.5933 1.50265
2.59161 1.50152
2.59162 1.50147
2.59161 1.50152
2.59498 1.49561
2.59161 1.50153
2.59279 1.50251
2.59161 1.50152
2.59498 1.49561
2.59161 1.50151
2.5936 1.50132
2.59161 1.50151
2.59161 1.50151
2.59161 1.50151
2.5951 1.49615
2.59162 1.50148
2.59162 1.50149
2.59162 1.50149
2.59162 1.50149
2.59278 1.50249
2.59162 1.50149
2.59522 1.49664
2.59162 1.50146
2.5947 1.49406
2.59162 1.50146
2.59495 1.4955
2.59442 1.49436
2.59162 1.50147
2.59162 1.50146
2.59517 1.49644
2.59162 1.50145
2.59162 1.50145
2.59162 1.50145
2.59162 1.50145
2.59162 1.50145
2.59162 1.50145
2.59217 1.50129
2.59225 1.50127
2.59367 1.50094
2.59194 1.50136
2.59154 1.50135
2.59155 1.50131
2.59366 1.50102
2.59227 1.50127
2.5915 1.50132
2.59219 1.50127
2.59327 1.50266
2.59214 1.50131
2.59213 1.50131
2.59226 1.50127
2.59154 1.50131
2.59465 1.4941
2.5936 1.50132
2.59213 1.50131
2.59193 1.50136
2.59151 1.50136
2.59442 1.49436
2.59227 1.50126
2.59441 1.49444
2.59198 1.50135
2.59221 1.50128
2.59194 1.50135
2.59223 1.50129
2.5935 1.50182
2.59207 1.50134
2.59213 1.50131
2.59498 1.49559
2.59371 1.50076
2.59197 1.50136
2.59227 1.50126
2.59223 1.50129
2.59193 1.50136
2.59221 1.50128
2.59207 1.50133
2.59208 1.50133
2.59206 1.50134
2.59207 1.50133
2.59208 1.50133
2.59208 1.50133
2.59216 1.50129
2.59214 1.50131
2.59214 1.50131
2.59219 1.50128
2.59213 1.50131
2.59213 1.50132
2.59471 1.49406
2.59217 1.50129
2.59278 1.50249
2.59216 1.50129
2.59217 1.50129
2.59217 1.50129
2.5922 1.50128
2.59226 1.50128
2.59439 1.49462
2.5922 1.50128
2.59497 1.49556
2.59282 1.50256
2.59225 1.50127
2.59327 1.50266
2.59221 1.50128
2.5952 1.49657
2.59408 1.49735
2.59221 1.50128
2.59222 1.50129
2.5947 1.49406
2.59222 1.50129
2.59497 1.49556
2.59222 1.50129
2.59223 1.50129
2.59519 1.49652
2.59227 1.50127
2.59222 1.50129
2.59519 1.49652
2.59223 1.50129
2.59223 1.50129
2.59329 1.50265
2.59224 1.50128
2.5937 1.50079
2.59224 1.50128
2.59227 1.50127
2.59471 1.49406
2.59224 1.50128
2.59227 1.50127
2.59224 1.50129
2.59224 1.50127
2.5947 1.49407
2.59224 1.50128
2.59224 1.50127
2.59224 1.50127
2.59224 1.50127
2.59329 1.50265
2.59224 1.50128
2.59496 1.4955
2.59224 1.50128
2.59225 1.50127
2.59225 1.50127
2.59225 1.50127
2.59225 1.50127
2.59522 1.49662
2.59463 1.49412
2.59225 1.50127
2.59225 1.50127
2.5937 1.5008
2.59225 1.50127
2.59328 1.50265
2.59225 1.50127
2.59225 1.50127
2.59522 1.49664
2.59225 1.50127
2.59225 1.50127
2.59226 1.50128
2.59226 1.50128
2.59226 1.50128
2.59227 1.50127
2.59323 1.50319
2.59226 1.50128
2.59226 1.50128
2.59226 1.50128
2.59226 1.50128
2.59226 1.50127
2.59226 1.50127
2.59469 1.49407
2.59227 1.50126
2.5952 1.49655
2.59408 1.49734
2.59227 1.50126
2.59226 1.50127
2.59522 1.49663
2.59471 1.49406
2.59226 1.50127
2.59226 1.50127
2.59227 1.50127
2.5947 1.49406
2.5928 1.50253
2.59227 1.50127
2.59227 1.50126
2.59227 1.50127
2.59227 1.50127
2.59277 1.50246
2.59219 1.501
2.5923 1.50133
2.59226 1.50123
2.59281 1.50254
2.5922 1.50104
2.59437 1.49481
2.59221 1.50102
2.59217 1.50091
2.59276 1.50242
2.59281 1.50255
2.59274 1.5024
2.59492 1.49529
2.59271 1.50235
2.59467 1.49365
2.59282 1.50256
2.5927 1.50234
2.59281 1.50255
2.59226 1.50123
2.5922 1.501
2.59276 1.50243
2.59253 1.50196
2.59254 1.50198
2.59217 1.50095
2.59277 1.50247
2.59256 1.50204
2.59328 1.50265
2.59254 1.50199
2.59277 1.50246
2.5927 1.50234
2.59282 1.50256
2.59326 1.50265
2.59256 1.50204
2.59328 1.50266
2.59275 1.50242
2.59253 1.50197
2.59273 1.50239
2.59265 1.50223
2.59281 1.50253
2.59266 1.50225
2.59266 1.50226
2.59265 1.50222
2.59276 1.50243
2.59273 1.50239
2.5928 1.50252
2.59468 1.49407
2.59271 1.50235
2.5927 1.50233
2.59276 1.50242
2.5927 1.50233
2.59274 1.5024
2.59274 1.50239
2.59398 1.49841
2.59273 1.50239
2.59274 1.50239
2.59274 1.5024
2.59274 1.50239
2.59276 1.50243
2.59277 1.50246
2.59281 1.50253
2.59278 1.50249
2.59278 1.50249
2.59278 1.50249
2.59371 1.50073
2.59278 1.50249
2.59278 1.50249
2.59278 1.50249
2.59279 1.50251
2.59279 1.50251
2.59279 1.50251
2.59279 1.50252
2.59282 1.50257
2.5952 1.49655
2.5947 1.49407
2.59279 1.50252
2.59282 1.50256
2.5928 1.50252
2.5928 1.50252
2.59279 1.50252
2.5928 1.50253
2.5928 1.50253
2.5928 1.50252
2.5928 1.50252
2.59408 1.49739
2.5928 1.50252
2.59281 1.50253
2.5928 1.50253
2.5937 1.5008
2.59281 1.50255
2.59281 1.50253
2.5928 1.50253
2.59281 1.50254
2.59281 1.50255
2.59408 1.4974
2.59281 1.50253
2.59442 1.49433
2.59281 1.50254
2.59281 1.50255
2.59281 1.50255
2.59371 1.50075
2.59281 1.50255
2.59281 1.50255
2.59281 1.50256
2.59406 1.49755
2.59281 1.50256
2.59282 1.50256
2.59281 1.50255
2.59281 1.50255
2.59372 1.5007
2.59329 1.50265
2.59281 1.50255
2.59282 1.50256
2.59282 1.50256
2.59282 1.50256
2.59282 1.50256
2.59282 1.50256
2.59282 1.50256
2.59327 1.50266
2.59282 1.50256
2.59282 1.50256
2.5937 1.5008
2.59282 1.50256
2.59282 1.50257
2.59282 1.50257
2.59282 1.50257
2.59282 1.50257
2.59442 1.49439
2.59282 1.50257
2.59282 1.50257
2.59326 1.50265
2.59323 1.50266
2.59329 1.50265
2.59441 1.49444
2.59276 1.50267
2.59277 1.50265
2.59274 1.50265
2.59324 1.50265
2.59408 1.49737
2.59323 1.50266
2.5933 1.50265
2.5932 1.50267
2.59438 1.4947
2.59324 1.50265
2.59471 1.49406
2.59305 1.50269
2.59326 1.50266
2.59465 1.4941
2.59407 1.49753
2.59308 1.50269
2.59325 1.50265
2.59327 1.50266
2.59498 1.4956
2.59326 1.50265
2.59498 1.4956
2.5933 1.50265
2.59308 1.50269
2.5933 1.50265
2.59324 1.50265
2.59442 1.49435
2.59327 1.50266
2.59305 1.50269
2.59317 1.50268
2.59315 1.50268
2.59316 1.50268
2.59316 1.50268
2.59316 1.50268
2.59324 1.50265
2.59351 1.50177
2.59323 1.50266
2.59407 1.49744
2.59328 1.50265
2.59321 1.50267
2.5932 1.50267
2.59325 1.50265
2.59324 1.50265
2.5932 1.50267
2.59323 1.50266
2.59323 1.50266
2.59323 1.50266
2.59329 1.50265
2.59329 1.50265
2.59441 1.49445
2.59326 1.50266
2.59485 1.49483
2.59437 1.49478
2.59369 1.50084
2.59326 1.50265
2.59326 1.50265
2.59327 1.50266
2.59327 1.50266
2.59484 1.49482
2.5933 1.50265
2.59327 1.50266
2.59327 1.50266
2.59327 1.50266
2.59327 1.50266
2.59496 1.49552
2.59327 1.50266
2.59327 1.50266
2.59328 1.50265
2.59328 1.50265
2.5933 1.50265
2.59328 1.50266
2.59328 1.50265
2.59328 1.50265
2.59522 1.49662
2.59328 1.50265
2.59328 1.50265
2.59328 1.50265
2.59329 1.50265
2.59329 1.50265
2.5937 1.50079
2.59329 1.50265
2.59329 1.50265
2.59329 1.50265
2.5933 1.50265
2.59521 1.49659
2.59433 1.49522
2.59329 1.50265
2.59329 1.50265
2.59329 1.50265
2.59329 1.50265
2.59329 1.50265
2.59329 1.50265
2.59329 1.50265
2.59364 1.50112
2.59329 1.50265
2.59329 1.50265
2.5933 1.50265
2.5933 1.50265
2.5933 1.50265
2.5933 1.50265
2.59493 1.49532
2.5933 1.50265
2.5933 1.50265
2.5933 1.50265
2.5933 1.50265
2.59432 1.49528
2.5933 1.50265
2.5933 1.50264
2.5933 1.50265
2.59441 1.49446
2.5933 1.50265
2.5933 1.50264
2.5933 1.50264
2.5933 1.50265
2.5933 1.50264
2.5933 1.50265
2.5933 1.50265
2.5933 1.50265
2.59366 1.501
2.5933 1.50284
2.59442 1.4944
2.59371 1.50074
2.59437 1.49479
2.59325 1.50307
2.59325 1.50304
2.59372 1.50069
2.59367 1.50094
2.59369 1.50085
2.59366 1.501
2.59372 1.5007
2.59351 1.50179
2.59353 1.50165
2.59353 1.5017
2.59409 1.49732
2.59351 1.50178
2.59522 1.49663
2.59368 1.50089
2.59372 1.50068
2.59363 1.50115
2.5947 1.49407
2.59353 1.5017
2.59372 1.50068
2.5937 1.50082
2.59371 1.50075
2.59366 1.50103
2.59359 1.50136
2.59359 1.50138
2.59359 1.50136
2.5936 1.50132
2.59367 1.50094
2.59365 1.50103
2.59364 1.50111
2.59515 1.49638
2.59371 1.50077
2.5951 1.49617
2.59364 1.50112
2.59364 1.50112
2.59367 1.50093
2.59366 1.501
2.59365 1.50103
2.59366 1.50102
2.59371 1.50073
2.59368 1.50089
2.59368 1.50088
2.59368 1.50089
2.59368 1.50089
2.59369 1.50085
2.59369 1.50085
2.59498 1.49559
2.59369 1.50085
2.59372 1.5007
2.59369 1.50085
2.59369 1.50085
2.59442 1.4944
2.59369 1.50086
2.59521 1.4966
2.59467 1.49408
2.5937 1.50081
2.5937 1.50082
2.5937 1.5008
2.5937 1.50082
2.59462 1.49412
2.5937 1.50082
2.5937 1.50082
2.5937 1.50083
2.59372 1.50068
2.59442 1.49439
2.5937 1.5008
2.59463 1.49412
2.59372 1.50072
2.5937 1.5008
2.59371 1.50077
2.59442 1.49435
2.59371 1.50077
2.59371 1.50077
2.59517 1.49645
2.59371 1.50077
2.59371 1.50075
2.59442 1.49436
2.59371 1.50074
2.59471 1.49405
2.59372 1.50072
2.59371 1.50074
2.59371 1.50074
2.59374 1.50066
2.59371 1.50074
2.59371 1.50073
2.59371 1.50073
2.59372 1.50072
2.59372 1.50072
2.5947 1.49407
2.59372 1.50069
2.59372 1.50072
2.59471 1.49406
2.59372 1.50072
2.59406 1.49761
2.59372 1.50072
2.59372 1.50071
2.59372 1.50071
2.59372 1.50071
2.59442 1.49424
2.59372 1.5007
2.59372 1.5007
2.59372 1.50068
2.59372 1.5007
2.59372 1.50069
2.59372 1.50069
2.59372 1.50068
2.59372 1.50068
2.59511 1.49621
2.59372 1.50068
2.59522 1.49663
2.59406 1.49761
2.59441 1.49443
2.59404 1.4978
2.59367 1.5013
2.59372 1.50086
2.59408 1.49735
2.59522 1.49662
2.59368 1.50123
2.59408 1.49736
2.59409 1.49726
2.59406 1.49755
2.59404 1.49781
2.59409 1.49727
2.59401 1.49806
2.59409 1.49733
2.5939 1.49918
2.5939 1.49914
2.59393 1.49891
2.59406 1.49759
2.59392 1.49898
2.59391 1.4991
2.59442 1.49438
2.59407 1.49749
2.59391 1.49912
2.59442 1.49433
2.59401 1.49805
2.59392 1.49898
2.59471 1.49405
2.59409 1.49729
2.59405 1.49771
2.59407 1.49748
2.59408 1.49737
2.59403 1.49784
2.59399 1.4983
2.59408 1.4974
2.59471 1.49396
2.59406 1.49759
2.59398 1.49842
2.59398 1.4984
2.59399 1.49834
2.59398 1.49844
2.59399 1.49834
2.59442 1.49439
2.59403 1.49785
2.59402 1.49801
2.59405 1.49768
2.59405 1.49768
2.59405 1.4977
2.59442 1.4944
2.59401 1.49805
2.59498 1.49559
2.59403 1.49784
2.59403 1.49784
2.59409 1.49733
2.59405 1.49768
2.5949 1.49515
2.59406 1.49761
2.59406 1.49761
2.59406 1.49761
2.59406 1.49761
2.59407 1.49752
2.59406 1.49754
2.59407 1.49753
2.59406 1.49754
2.59407 1.49749
2.59408 1.49743
2.59409 1.49724
2.59409 1.49725
2.59407 1.49744
2.59409 1.49731
2.59408 1.49743
2.59409 1.49726
2.59427 1.49575
2.59408 1.4974
2.59437 1.49483
2.59408 1.49739
2.59408 1.4974
2.59408 1.49736
2.59408 1.49737
2.59408 1.49737
2.59408 1.49735
2.59441 1.49444
2.59408 1.49736
2.59408 1.49734
2.59467 1.49408
2.59408 1.49734
2.59408 1.49734
2.59408 1.49734
2.59409 1.49732
2.59409 1.49733
2.59409 1.49732
2.59409 1.49733
2.59409 1.4973
2.59469 1.49407
2.59409 1.49731
2.59409 1.49731
2.59409 1.49731
2.59409 1.49729
2.59409 1.49729
2.59409 1.49729
2.5947 1.49407
2.59409 1.49729
2.59409 1.49728
2.59409 1.49728
2.59409 1.49728
2.59409 1.49726
2.59409 1.49731
2.59409 1.49726
2.59409 1.49726
2.59468 1.49375
2.59409 1.49724
2.59409 1.49724
2.59439 1.49463
2.59405 1.49767
2.59411 1.49713
2.59409 1.4973
2.59441 1.49442
2.59426 1.49586
2.59405 1.49757
2.59471 1.49406
2.59437 1.49479
2.59515 1.49636
2.59436 1.49495
2.59435 1.495
2.59442 1.4944
2.59438 1.4947
2.59425 1.49588
2.59497 1.49555
2.59403 1.49776
2.59439 1.49461
2.59427 1.49575
2.59439 1.49463
2.59522 1.49663
2.59435 1.49498
2.59442 1.49434
2.5944 1.49452
2.59522 1.49663
2.59433 1.49519
2.59432 1.49529
2.59432 1.49527
2.59432 1.49531
2.59522 1.49663
2.59433 1.49522
2.59432 1.4953
2.59438 1.4947
2.59435 1.49499
2.59435 1.49496
2.59438 1.49469
2.59439 1.49463
2.59438 1.4947
2.59435 1.49499
2.59435 1.49501
2.59437 1.49481
2.59494 1.49539
2.59438 1.49468
2.59468 1.49407
2.59441 1.4944
2.59438 1.49471
2.59439 1.49463
2.59439 1.49463
2.59439 1.49462
2.59439 1.49463
2.5944 1.49456
2.5944 1.49458
2.5944 1.49457
2.5944 1.49457
2.5944 1.49458
2.5944 1.49457
2.5944 1.49452
2.5944 1.49453
2.5944 1.49452
2.59441 1.49449
2.59441 1.49449
2.59441 1.49449
2.59441 1.49446
2.59441 1.49443
2.59441 1.49446
2.59441 1.49446
2.59441 1.49443
2.59441 1.49442
2.59441 1.49443
2.59441 1.49441
2.59442 1.49439
2.59494 1.49539
2.59441 1.49441
2.59493 1.49531
2.59442 1.4944
2.59442 1.4944
2.59442 1.4944
2.59442 1.49435
2.59442 1.49437
2.59442 1.49437
2.59442 1.49438
2.59442 1.49436
2.59442 1.49436
2.59471 1.49406
2.59442 1.49435
2.59442 1.49435
2.59442 1.49435
2.59442 1.49435
2.59522 1.49663
2.59442 1.49434
2.59442 1.49433
2.59442 1.49433
2.59442 1.49433
2.59469 1.49407
2.59514 1.49635
2.59467 1.49408
2.59471 1.49406
2.59444 1.49423
2.59442 1.49424
2.59439 1.49426
2.59468 1.49407
2.59467 1.49408
2.59465 1.4941
2.59496 1.49547
2.59438 1.49424
2.59456 1.49416
2.59457 1.49416
2.59437 1.49427
2.5952 1.49657
2.59469 1.49407
2.59458 1.49415
2.59458 1.49415
2.59457 1.49416
2.59469 1.49407
2.59463 1.49412
2.59472 1.49405
2.59458 1.49415
2.59494 1.49546
2.59471 1.49406
2.59467 1.49408
2.59462 1.49412
2.59463 1.49412
2.59463 1.49412
2.59467 1.49408
2.5947 1.49406
2.59466 1.4941
2.59468 1.49407
2.59465 1.4941
2.59467 1.49408
2.59467 1.49408
2.59498 1.49559
2.59468 1.49407
2.59471 1.49406
2.59497 1.49557
2.59469 1.49407
2.59469 1.49407
2.59471 1.49406
2.59469 1.49407
2.59522 1.49663
2.59469 1.49407
2.59469 1.49407
2.59469 1.49407
2.5947 1.49407
2.5947 1.49407
2.5947 1.49407
2.5947 1.49407
2.59472 1.49405
2.59471 1.49406
2.59471 1.49405
2.5947 1.49407
2.5947 1.49406
2.59497 1.49556
2.59471 1.49406
2.59471 1.49406
2.59471 1.49406
2.59471 1.49406
2.59471 1.49406
2.59471 1.49406
2.59471 1.49406
2.59471 1.49406
2.59471 1.49406
2.59471 1.49405
2.59471 1.49406
2.59471 1.49406
2.59471 1.49406
2.59471 1.49406
2.59471 1.49406
2.59471 1.49406
2.59471 1.49406
2.59471 1.49406
2.59472 1.49405
2.59471 1.49405
2.59472 1.49405
2.59472 1.49405
2.59472 1.49405
2.59472 1.49405
2.59472 1.49405
2.59472 1.49405
2.59496 1.49547
2.59471 1.49395
2.59497 1.49557
2.59485 1.49484
2.59494 1.49539
2.59498 1.4956
2.59492 1.49529
2.59468 1.49372
2.59495 1.49543
2.59492 1.49529
2.59484 1.49481
2.59498 1.49561
2.59486 1.4949
2.59496 1.49552
2.59521 1.49659
2.5949 1.49515
2.59498 1.49562
2.59492 1.4953
2.59486 1.4949
2.59498 1.4956
2.59486 1.4949
2.59495 1.49542
2.59494 1.49537
2.59491 1.4952
2.59497 1.49555
2.59496 1.49548
2.5949 1.49518
2.5949 1.49514
2.5949 1.49515
2.5949 1.49518
2.5949 1.49514
2.59494 1.49537
2.59497 1.49555
2.59495 1.49544
2.59492 1.49529
2.59495 1.49543
2.59494 1.49537
2.59494 1.49537
2.59495 1.49544
2.59496 1.49547
2.59496 1.49547
2.59497 1.49556
2.59496 1.49547
2.59496 1.49551
2.59497 1.49553
2.59497 1.49553
2.59496 1.49552
2.59497 1.49554
2.59497 1.49554
2.59497 1.49554
2.59497 1.49554
2.59498 1.49561
2.59497 1.49554
2.59497 1.49554
2.59498 1.4956
2.59497 1.49554
2.59497 1.49556
2.59497 1.49555
2.59497 1.49556
2.59497 1.49556
2.59497 1.49556
2.59498 1.49558
2.59497 1.49557
2.59497 1.49557
2.59497 1.49557
2.59498 1.49559
2.59498 1.49558
2.59498 1.49558
2.59498 1.49559
2.59498 1.49559
2.59498 1.49559
2.59498 1.4956
2.59498 1.4956
2.59498 1.4956
2.59498 1.4956
2.59498 1.4956
2.5951 1.49617
2.59498 1.4956
2.59498 1.4956
2.59498 1.49561
2.59498 1.4956
2.59498 1.4956
2.59498 1.49561
2.59498 1.49561
2.59498 1.49561
2.59498 1.49561
2.59498 1.49562
2.59498 1.49561
2.59498 1.49561
2.59519 1.4965
2.59495 1.49549
2.59499 1.49571
2.59521 1.49661
2.59495 1.49552
2.59495 1.49551
2.59494 1.49544
2.59517 1.49645
2.59522 1.49663
2.59522 1.49662
2.59498 1.49564
2.59517 1.49644
2.59498 1.49564
2.59509 1.49615
2.59522 1.49663
2.59522 1.49664
2.59511 1.49623
2.5952 1.49656
2.59511 1.49621
2.5951 1.49617
2.59517 1.49644
2.59511 1.49621
2.59522 1.49663
2.59521 1.49658
2.59521 1.4966
2.59518 1.49649
2.5952 1.49655
2.59515 1.49636
2.59515 1.49636
2.59515 1.49638
2.59515 1.49638
2.59518 1.49649
2.59517 1.49646
2.59519 1.49653
2.59519 1.49653
2.59519 1.49652
2.59518 1.4965
2.59518 1.49649
2.59519 1.49653
2.5952 1.49655
2.5952 1.49655
2.5952 1.49655
2.5952 1.49655
2.5952 1.49657
2.5952 1.49657
2.59521 1.4966
2.5952 1.49657
2.5952 1.49657
2.59521 1.49658
2.59522 1.49663
2.59521 1.4966
2.59521 1.4966
2.59521 1.4966
2.59521 1.49661
2.59521 1.49661
2.59522 1.49662
2.59521 1.49661
2.59521 1.4966
2.59521 1.49661
2.59522 1.49662
2.59521 1.49661
2.59521 1.49661
2.59521 1.49661
2.59522 1.49662
2.59522 1.49662
2.59522 1.49662
2.59522 1.49662
2.59522 1.49663
2.59522 1.49663
2.59522 1.49663
2.59522 1.49663
2.59522 1.49663
2.59522 1.49663
2.59522 1.49663
2.59522 1.49663
2.59522 1.49663
2.59522 1.49663
2.59522 1.49663
2.59522 1.49664
