2.95188 2.04477
2.95151 2.077
2.95123 2.09505
2.95213 2.02228
2.95161 2.06689
2.95224 2.01312
2.95224 2.01465
2.95222 2.01579
2.95208 2.02807
2.95197 2.02789
2.95138 2.08124
2.95183 2.04969
2.95136 2.08845
2.95188 2.04298
2.95191 2.04235
2.95174 2.05539
2.95169 2.05481
2.9517 2.05884
2.95183 2.04877
2.95196 2.03843
2.95222 2.01619
2.95226 2.01011
2.95161 2.06419
2.95212 2.02288
2.95236 2.00425
2.95218 2.01579
2.95199 2.03511
2.95138 2.08806
2.95167 2.0627
2.95226 2.01257
2.95182 2.04926
2.95191 2.04257
2.95137 2.08874
2.95176 2.0554
2.95221 2.01689
2.95152 2.07593
2.9515 2.07684
2.95143 2.08328
2.9522 2.01738
2.95127 2.09515
2.95129 2.09543
2.9523 2.00912
2.95159 2.06964
2.95155 2.0734
2.9522 2.01343
2.95147 2.08043
2.95195 2.03908
2.95165 2.06485
2.95225 2.01331
2.9518 2.05176
2.95206 2.02994
2.95177 2.05364
2.95176 2.05516
2.95153 2.07402
2.95169 2.04947
2.95139 2.08718
2.95147 2.0785
2.95162 2.0673
2.95167 2.06069
2.95228 2.01058
2.95149 2.0777
2.95167 2.04815
2.95214 2.02309
2.95142 2.08441
2.95162 2.06662
2.95222 2.01583
2.95126 2.09779
2.95186 2.04448
2.9521 2.02628
2.95129 2.07601
2.95214 2.02279
2.95162 2.06675
2.95234 1.99411
2.95123 2.09834
2.95214 2.02291
2.95222 2.01543
2.95133 2.09126
2.95229 2.00967
2.95176 2.05469
2.95138 2.08672
2.95228 2.01043
2.95235 2.00259
2.95133 2.09152
2.95161 2.06837
2.95133 2.09167
2.95166 2.06123
2.95167 2.0558
2.95132 2.09284
2.95199 2.03417
2.95133 2.09133
2.95228 2.01087
2.95233 2.00332
2.95142 2.07573
2.95155 2.07337
2.95179 2.05265
2.9519 2.04153
2.95196 2.03118
2.95156 2.07209
2.95124 2.09972
2.95168 2.06016
