2.95882 1.96294
2.95854 1.99279
2.95834 2.01054
2.959 1.94232
2.95862 1.9837
2.95908 1.93377
2.95908 1.9349
2.95907 1.93596
2.95896 1.94739
2.95888 1.94859
2.95845 1.99778
2.95878 1.96746
2.95844 2.00365
2.95881 1.96166
2.95884 1.96071
2.95872 1.97304
2.95868 1.97322
2.95869 1.97621
2.95878 1.96667
2.95887 1.95701
2.95907 1.93634
2.9591 1.93114
2.95862 1.98161
2.95899 1.94287
2.95917 1.92526
2.95903 1.93666
2.9589 1.95403
2.95845 2.0031
2.95866 1.97963
2.95909 1.93302
2.95878 1.96718
2.95884 1.96082
2.95844 2.00376
2.95873 1.97277
2.95906 1.93701
2.95855 1.99184
2.95854 1.99272
2.95849 1.99873
2.95905 1.9375
2.95837 2.01005
2.95838 2.01
2.95912 1.9298
2.95861 1.986
2.95857 1.98946
2.95905 1.93449
2.95852 1.99596
2.95887 1.95758
2.95865 1.98158
2.95909 1.93368
2.95876 1.9694
2.95895 1.94912
2.95874 1.9712
2.95873 1.97251
2.95856 1.99028
2.95868 1.96887
2.95846 2.00228
2.95852 1.99452
2.95863 1.98379
2.95866 1.97811
2.95911 1.93117
2.95853 1.99359
2.95866 1.96781
2.95901 1.94274
2.95848 1.99975
2.95863 1.98329
2.95907 1.93602
2.95837 2.01211
2.9588 1.96306
2.95898 1.94576
2.95838 1.99372
2.95901 1.94254
2.95863 1.98338
2.95916 1.91743
2.95834 2.01304
2.95901 1.94259
2.95907 1.93571
2.95842 2.00615
2.95912 1.93039
2.95873 1.97225
2.95845 2.00209
2.95911 1.93104
2.95916 1.9241
2.95842 2.00636
2.95862 1.98483
2.95841 2.00651
2.95865 1.9787
2.95866 1.97426
2.95841 2.00757
2.9589 1.9533
2.95842 2.00619
2.95911 1.93141
2.95914 1.92504
2.95848 1.99297
2.95857 1.98943
2.95875 1.97024
2.95883 1.96027
2.95888 1.95135
2.95858 1.98826
2.95835 2.01387
2.95867 1.9776
