2.77983 2.10175
2.79215 2.12284
2.84194 2.21761
2.82662 2.18916
2.78477 2.10428
2.79161 2.12382
2.84176 2.21728
2.74777 2.04136
2.84336 2.22029
2.84147 2.21675
2.78454 2.10286
2.77498 2.09057
2.80967 2.15756
2.78469 2.10415
2.8155 2.16846
2.75537 2.05577
2.7715 2.08053
2.79083 2.12038
2.82706 2.18998
2.84096 2.2158
2.78417 2.10324
2.79568 2.1314
2.78361 2.10096
2.78464 2.10305
2.84335 2.22026
2.78194 2.09609
2.74823 2.04219
2.76052 2.06312
2.76235 2.06885
2.7868 2.11282
2.78486 2.1035
2.83916 2.21248
2.81943 2.17579
2.78246 2.09695
2.78376 2.10913
2.75974 2.06391
2.77236 2.08563
2.84416 2.22175
2.78352 2.10866
2.83478 2.20432
2.84099 2.21585
2.78222 2.09977
2.78057 2.09685
2.83063 2.19664
2.84389 2.22126
2.80481 2.14847
2.80735 2.15323
2.81681 2.17091
2.80497 2.14874
2.8088 2.15592
2.78426 2.10231
2.82078 2.1783
2.82471 2.18559
2.78382 2.10261
2.78496 2.10369
2.78511 2.10402
2.7629 2.06769
2.77106 2.08314
2.78434 2.10004
2.83482 2.2044
2.81673 2.17076
2.83261 2.20031
2.82997 2.19542
2.76436 2.07041
2.8259 2.18782
2.83194 2.19907
2.82463 2.18545
2.78114 2.09588
2.83059 2.19656
2.79097 2.12062
2.83835 2.21098
2.83798 2.21029
2.83598 2.20654
2.83554 2.20574
2.83957 2.21321
2.76915 2.07627
2.83624 2.20703
2.83838 2.21102
2.8431 2.2198
2.78665 2.11255
2.7837 2.10241
2.77554 2.0852
2.76037 2.06284
2.78306 2.09795
2.781 2.10191
2.78335 2.10637
2.79143 2.12148
2.7916 2.12181
2.77634 2.09311
2.76523 2.07208
2.784 2.10175
2.7925 2.12349
2.78387 2.10149
2.77228 2.08547
2.78435 2.10248
2.78937 2.11764
2.78294 2.10559
2.78348 2.09862
2.78799 2.11507
2.78023 2.10046
2.78338 2.10642
2.77943 2.09894
2.77938 2.09885
2.78357 2.10218
2.78071 2.10136
2.7917 2.12198
2.78425 2.10806
2.78471 2.1089
2.78439 2.10014
2.78601 2.11134
2.79241 2.12333
2.78321 2.10155
2.78777 2.11466
2.78641 2.1121
2.78865 2.11629
2.78842 2.11589
2.78599 2.1113
2.78939 2.11766
2.79176 2.1221
2.78422 2.10222
2.78797 2.11504
2.79044 2.11964
2.78977 2.11838
2.78962 2.11812
2.78377 2.10253
2.78986 2.11855
2.79057 2.11989
2.78112 2.09584
2.79056 2.11988
2.79223 2.123
2.79144 2.1215
2.79223 2.12299
2.78395 2.10166
2.77442 2.0858
2.76907 2.07615
2.77939 2.09472
2.78396 2.09941
2.78229 2.0999
2.77638 2.08934
2.785 2.10471
2.78461 2.10399
2.78495 2.10369
2.77034 2.07846
2.77706 2.09054
2.78431 2.10348
2.77507 2.08699
2.77858 2.09326
2.77916 2.09139
2.77107 2.07974
2.77925 2.09193
2.78514 2.10494
2.77503 2.08691
2.78036 2.09648
2.77971 2.09289
2.78288 2.10098
2.779 2.09403
2.78058 2.09687
2.77861 2.0933
2.77925 2.09445
2.78474 2.10422
2.78102 2.09765
2.78124 2.09804
2.7819 2.0992
2.78509 2.10487
2.77624 2.08638
2.78277 2.10078
2.78209 2.09957
2.7831 2.10136
2.78188 2.09918
2.78358 2.10219
2.78288 2.10096
2.78167 2.09563
2.78434 2.10005
2.78411 2.10313
2.78417 2.10325
2.78437 2.10358
2.78496 2.10464
2.78155 2.09543
2.78501 2.10472
2.78461 2.10399
2.77798 2.08938
2.78266 2.09728
2.78478 2.10334
2.77478 2.08388
2.78097 2.09443
2.78271 2.09735
2.7841 2.09963
2.78415 2.09972
2.77957 2.09206
2.78384 2.09923
2.77482 2.08395
2.78392 2.09935
2.77838 2.09006
2.7836 2.09882
2.77598 2.08592
2.78442 2.10017
2.77835 2.09001
2.78306 2.09796
2.78074 2.09404
2.78168 2.09565
2.7805 2.09362
2.78048 2.0936
2.78088 2.09428
2.78418 2.09976
2.78208 2.09631
2.78247 2.09695
2.783 2.09785
2.78259 2.09716
2.78326 2.09827
2.78319 2.09817
2.78348 2.09863
2.7838 2.09916
2.78355 2.09876
2.78362 2.09887
2.78384 2.09922
2.78431 2.1
2.78419 2.0998
2.7841 2.09963
2.78088 2.09533
2.77874 2.09085
2.78287 2.09944
2.78403 2.10182
2.78166 2.09696
2.78499 2.10376
2.78194 2.09751
2.77877 2.09091
2.78483 2.10345
2.77954 2.09252
2.78459 2.10296
2.78517 2.10412
2.7844 2.10257
2.78326 2.10025
2.78271 2.09912
2.78334 2.10043
2.78255 2.09879
2.78254 2.09877
2.78281 2.09932
2.78501 2.10379
2.78352 2.10078
2.78334 2.10041
2.78515 2.10409
2.78387 2.10148
2.78454 2.10286
2.78426 2.1023
2.78476 2.10329
2.78462 2.10302
2.78478 2.10335
2.7851 2.10398
2.78502 2.10382
2.78511 2.10402
