2.96195 2.11426
2.96172 2.09631
2.96154 2.07862
2.96211 2.12545
2.96178 2.10018
2.96217 2.13094
2.96217 2.13201
2.96217 2.13135
2.96207 2.12412
2.96201 2.11261
2.96164 2.08598
2.96192 2.11177
2.96163 2.08831
2.96195 2.11271
2.96197 2.11555
2.96186 2.10667
2.96183 2.10129
2.96184 2.1049
2.96192 2.11187
2.962 2.11821
2.96216 2.13105
2.96219 2.13151
2.96178 2.09867
2.9621 2.12511
2.96225 2.13782
2.96214 2.12644
2.96202 2.11949
2.96164 2.08974
2.96182 2.10373
2.96219 2.13286
2.96192 2.11126
2.96197 2.11602
2.96163 2.08923
2.96187 2.10846
2.96216 2.13055
2.96172 2.09669
2.96172 2.09591
2.96167 2.09206
2.96215 2.13002
2.96157 2.08332
2.96158 2.08518
2.96221 2.13492
2.96177 2.10028
2.96174 2.09835
2.96215 2.12766
2.96169 2.09442
2.962 2.11807
2.9618 2.10284
2.96218 2.13257
2.9619 2.11049
2.96206 2.12313
2.96188 2.10903
2.96188 2.10887
2.96173 2.09642
2.96183 2.09659
2.96164 2.09032
2.96169 2.09323
2.96179 2.10184
2.96182 2.10257
2.9622 2.13403
2.96171 2.09502
2.96182 2.09342
2.96211 2.12716
2.96166 2.09159
2.96179 2.10139
2.96216 2.13117
2.96157 2.08434
2.96194 2.11183
2.96209 2.12495
2.96158 2.07051
2.96211 2.1268
2.96179 2.1015
2.96224 2.12902
2.96154 2.08121
2.96211 2.12713
2.96217 2.13103
2.96161 2.08741
2.96221 2.13415
2.96187 2.10801
2.96164 2.08894
2.9622 2.13406
2.96225 2.13628
2.96161 2.08743
2.96178 2.10091
2.96161 2.08734
2.96181 2.10156
2.96182 2.09957
2.9616 2.08685
2.96202 2.11904
2.96161 2.08753
2.9622 2.13406
2.96223 2.13391
2.96166 2.08581
2.96174 2.09837
2.96189 2.10992
2.96196 2.11383
2.962 2.11414
2.96175 2.09893
2.96155 2.08344
2.96182 2.103
