2.96526 2.01203
2.96506 1.97062
2.96492 1.93585
2.96538 2.03889
2.96511 1.98092
2.96544 2.05126
2.96544 2.05221
2.96544 2.05071
2.96536 2.03434
2.9653 2.01704
2.965 1.95311
2.96523 2.00609
2.96498 1.95344
2.96525 2.01046
2.96527 2.01505
2.96518 1.99583
2.96516 1.98796
2.96516 1.99163
2.96523 2.00664
2.9653 2.02081
2.96543 2.05008
2.96545 2.05344
2.96512 1.97982
2.96538 2.03811
2.9655 2.0656
2.96541 2.04325
2.96531 2.02421
2.96499 1.95578
2.96515 1.98817
2.96545 2.05442
2.96523 2.0055
2.96527 2.01568
2.96499 1.95471
2.96519 1.99855
2.96543 2.04901
2.96507 1.97167
2.96506 1.97008
2.96502 1.96139
2.96542 2.04799
2.96494 1.94291
2.96495 1.94562
2.96547 2.05906
2.96511 1.97987
2.96508 1.9753
2.96542 2.04614
2.96504 1.96624
2.96529 2.02032
2.96513 1.98587
2.96545 2.05366
2.96521 2.00324
2.96535 2.03201
2.9652 2.0002
2.9652 1.99928
2.96507 1.97208
2.96516 1.98335
2.965 1.95705
2.96504 1.96527
2.96512 1.98327
2.96515 1.98728
2.96547 2.05707
2.96505 1.96835
2.96515 1.97925
2.96539 2.04115
2.96501 1.96019
2.96512 1.98288
2.96543 2.05042
2.96493 1.94331
2.96524 2.00847
2.96537 2.03638
2.96495 1.93253
2.96539 2.04072
2.96512 1.983
2.9655 2.05689
2.96492 1.93831
2.96539 2.04118
2.96543 2.05037
2.96497 1.95084
2.96547 2.05764
2.96519 1.99817
2.96499 1.95515
2.96547 2.05717
2.9655 2.06398
2.96497 1.95076
2.96511 1.98139
2.96497 1.95054
2.96514 1.98551
2.96515 1.98492
2.96496 1.9493
2.96531 2.02393
2.96497 1.95099
2.96546 2.05698
2.96549 2.06008
2.96502 1.95532
2.96508 1.97533
2.96521 2.00198
2.96526 2.0128
2.9653 2.01785
2.96509 1.97675
2.96492 1.94109
2.96515 1.98816
