2.69374 1.89159
2.67847 1.78865
2.66695 1.60959
2.70387 1.93579
2.68256 1.77846
2.70836 1.97376
2.7084 2.01717
2.70785 2.01265
2.70188 1.96155
2.69753 1.82183
2.67337 1.6552
2.69151 1.88336
2.6724 1.70968
2.69359 1.84573
2.69486 1.89798
2.68804 1.81855
2.68613 1.75225
2.68647 1.80991
2.69178 1.8743
2.69691 1.92421
2.70763 2.00892
2.70935 1.96477
2.68267 1.74414
2.70358 1.93365
2.71333 2.05053
2.70592 1.92024
2.69826 1.91896
2.67307 1.74095
2.68503 1.81924
2.70927 2.01422
2.69142 1.86424
2.695 1.91487
2.67269 1.73515
2.68875 1.86099
2.70725 2.00335
2.67889 1.78555
2.67835 1.77497
2.67519 1.74688
2.70692 1.99412
2.66873 1.66374
2.66939 1.70469
2.71095 2.02927
2.6819 1.80813
2.68019 1.80122
2.707 1.92735
2.67685 1.77842
2.69669 1.92927
2.68413 1.82042
2.70896 2.01554
2.69048 1.87286
2.70101 1.95697
2.68942 1.85529
2.68897 1.87052
2.67926 1.7589
2.68586 1.72469
2.67352 1.74664
2.67687 1.73066
2.68311 1.82337
2.68508 1.78132
2.71023 2.02247
2.67778 1.76147
2.68513 1.71229
2.70434 1.98577
2.67472 1.74762
2.68311 1.80243
2.70777 2.00761
2.66846 1.71048
2.69286 1.83999
2.70266 1.96218
2.66945 1.58627
2.70427 1.97076
2.68312 1.80673
2.71269 1.92833
2.66709 1.64756
2.70438 1.98203
2.70781 1.99805
2.67133 1.71583
2.71051 2.0143
2.68875 1.84087
2.67309 1.70852
2.71028 2.02121
2.71315 1.99964
2.67128 1.71923
2.68248 1.81003
2.6712 1.71844
2.68455 1.76944
2.68522 1.73988
2.67071 1.71922
2.69832 1.90006
2.67136 1.71967
2.71017 2.02725
2.71204 1.96939
2.67478 1.65234
2.6802 1.80128
2.69003 1.86788
2.6944 1.85556
2.69721 1.83244
2.68075 1.80061
2.66762 1.70983
2.68538 1.78518
