2.96854 1.98338
2.96838 1.94582
2.96826 1.91452
2.96864 2.0078
2.96842 1.95523
2.96869 2.01901
2.96869 2.0198
2.96868 2.01844
2.96862 2.00361
2.96858 1.98824
2.96832 1.93018
2.96851 1.97799
2.96831 1.93029
2.96853 1.98205
2.96855 1.98613
2.96848 1.96875
2.96846 1.96178
2.96846 1.96493
2.96852 1.9785
2.96857 1.99133
2.96868 2.01787
2.9687 2.02102
2.96842 1.95433
2.96864 2.00709
2.96874 2.03195
2.96866 2.01184
2.96858 1.99444
2.96832 1.93237
2.96845 1.96176
2.9687 2.02182
2.96851 1.97748
2.96855 1.98667
2.96832 1.9314
2.96848 1.97115
2.96868 2.01691
2.96838 1.94678
2.96838 1.94535
2.96834 1.93748
2.96867 2.01599
2.96828 1.92078
2.96828 1.92317
2.96872 2.02602
2.96841 1.95422
2.96839 1.95006
2.96867 2.01446
2.96836 1.94185
2.96857 1.99088
2.96844 1.95966
2.96869 2.02112
2.9685 1.9754
2.96861 2.00149
2.96849 1.97266
2.96849 1.97181
2.96839 1.9472
2.96845 1.95773
2.96833 1.93352
2.96836 1.94105
2.96843 1.95729
2.96845 1.96103
2.96871 2.02422
2.96837 1.94379
2.96845 1.95402
2.96865 2.00977
2.96834 1.93638
2.96843 1.95697
2.96868 2.01819
2.96827 1.92105
2.96853 1.98024
2.96863 2.00546
2.96828 1.91155
2.96865 2.00941
2.96843 1.95707
2.96873 2.02441
2.96826 1.91662
2.96865 2.0098
2.96868 2.01815
2.9683 1.92791
2.96871 2.02475
2.96848 1.97084
2.96832 1.93185
2.96871 2.02431
2.96874 2.03057
2.9683 1.92783
2.96842 1.9556
2.9683 1.92763
2.96844 1.95945
2.96845 1.95906
2.9683 1.9265
2.96858 1.99422
2.9683 1.92804
2.96871 2.02413
2.96873 2.02709
2.96834 1.93227
2.96839 1.95009
2.9685 1.97427
2.96854 1.98416
2.96857 1.9889
2.9684 1.95138
2.96826 1.91904
2.96845 1.96182
