2.9769 1.94788
2.97681 1.96759
2.97675 1.98077
2.97695 1.93454
2.97683 1.96195
2.97698 1.92882
2.97698 1.92917
2.97697 1.92987
2.97694 1.9375
2.97692 1.94036
2.97678 1.9724
2.97688 1.95081
2.97678 1.97509
2.97689 1.94756
2.9769 1.94642
2.97686 1.95489
2.97685 1.95607
2.97686 1.95696
2.97688 1.95038
2.97691 1.94388
2.97697 1.93014
2.97698 1.92731
2.97683 1.96115
2.97695 1.93491
2.97701 1.9228
2.97696 1.93132
2.97692 1.94203
2.97678 1.97448
2.97685 1.95901
2.97698 1.92799
2.97688 1.95078
2.9769 1.94637
2.97678 1.97494
2.97687 1.95435
2.97697 1.9306
2.97681 1.967
2.97681 1.96764
2.97679 1.97167
2.97697 1.93098
2.97676 1.97957
2.97676 1.97913
2.97699 1.92584
2.97683 1.96313
2.97682 1.96538
2.97697 1.9299
2.9768 1.96968
2.97691 1.94421
2.97684 1.96023
2.97698 1.9284
2.97688 1.95212
2.97694 1.93863
2.97687 1.9534
2.97687 1.95411
2.97681 1.96625
2.97685 1.95424
2.97678 1.97391
2.9768 1.96919
2.97684 1.96162
2.97685 1.95847
2.97699 1.92676
2.97681 1.9683
2.97685 1.95384
2.97696 1.93437
2.97679 1.97231
2.97684 1.96146
2.97697 1.92994
2.97675 1.98042
2.97689 1.94849
2.97695 1.93646
2.97676 1.97102
2.97695 1.93435
2.97684 1.96148
2.977 1.92004
2.97675 1.98161
2.97696 1.9343
2.97697 1.92982
2.97677 1.97661
2.97699 1.92632
2.97687 1.95418
2.97678 1.97413
2.97699 1.92668
2.977 1.92254
2.97677 1.97671
2.97683 1.96238
2.97677 1.97681
2.97684 1.959
2.97685 1.95695
2.97677 1.97747
2.97692 1.94175
2.97677 1.9766
2.97699 1.92687
2.977 1.92354
2.97679 1.96971
2.97682 1.96536
2.97687 1.95269
2.9769 1.94658
2.97692 1.94167
2.97682 1.96462
2.97675 1.98154
2.97685 1.95811
