2.79041 2.21896
2.78329 2.24281
2.77791 2.19902
2.79514 2.18917
2.78519 2.21573
2.79724 2.18643
2.79725 2.20968
2.797 2.21013
2.79421 2.214
2.79218 2.14908
2.78091 2.18945
2.78937 2.22595
2.78045 2.23202
2.79034 2.1932
2.79094 2.21656
2.78775 2.20866
2.78686 2.17549
2.78702 2.2124
2.7895 2.2199
2.79189 2.21979
2.79689 2.20935
2.7977 2.17513
2.78524 2.19277
2.795 2.18952
2.79956 2.20208
2.7961 2.16655
2.79252 2.2102
2.78076 2.24554
2.78635 2.22546
2.79766 2.20393
2.78933 2.21638
2.791 2.22453
2.78059 2.24443
2.78808 2.22834
2.79672 2.20843
2.78348 2.23916
2.78323 2.23641
2.78176 2.23779
2.79656 2.2054
2.77874 2.22529
2.77905 2.2453
2.79844 2.20316
2.78489 2.23562
2.78409 2.24064
2.7966 2.16458
2.78253 2.24565
2.79179 2.22338
2.78593 2.23071
2.79752 2.2061
2.78889 2.22576
2.7938 2.21599
2.7884 2.22195
2.78819 2.23201
2.78366 2.22265
2.78673 2.15452
2.78098 2.24618
2.78254 2.21933
2.78545 2.2373
2.78637 2.2028
2.79811 2.20331
2.78296 2.23214
2.78639 2.1491
2.79536 2.21396
2.78154 2.24061
2.78545 2.22642
2.79696 2.20802
2.77862 2.25301
2.79 2.19387
2.79457 2.21042
2.77908 2.15964
2.79533 2.20668
2.78546 2.22868
2.79926 2.12492
2.77797 2.22476
2.79538 2.21194
2.79698 2.20292
2.77995 2.2412
2.79824 2.19766
2.78808 2.21765
2.78077 2.22753
2.79813 2.20243
2.79947 2.17473
2.77993 2.24331
2.78516 2.23371
2.77989 2.24329
2.78612 2.19824
2.78643 2.17219
2.77966 2.2462
2.79255 2.19923
2.77997 2.24309
2.79808 2.20603
2.79895 2.16163
2.78157 2.1769
2.78409 2.2406
2.78868 2.22547
2.79072 2.19464
2.79203 2.16011
2.78435 2.23756
2.77822 2.25683
2.78651 2.20347
