2.97991 1.93102
2.97985 1.94027
2.9798 1.94596
2.97996 1.92468
2.97987 1.93752
2.97997 1.92201
2.97998 1.92229
2.97997 1.92262
2.97995 1.92618
2.97993 1.92666
2.97983 1.942
2.9799 1.93241
2.97982 1.9437
2.97991 1.93071
2.97992 1.93033
2.97989 1.93421
2.97988 1.93437
2.97988 1.93519
2.9799 1.93218
2.97993 1.92916
2.97997 1.92274
2.97998 1.92123
2.97987 1.93695
2.97995 1.92485
2.98 1.9193
2.97996 1.92299
2.97993 1.92826
2.97983 1.94349
2.97988 1.93622
2.97998 1.92172
2.9799 1.93236
2.97992 1.93034
2.97982 1.9437
2.97989 1.93406
2.97997 1.92295
2.97985 1.93999
2.97985 1.94027
2.97983 1.94215
2.97997 1.92311
2.97981 1.94573
2.97981 1.94565
2.97999 1.92071
2.97986 1.93817
2.97986 1.93924
2.97997 1.92232
2.97984 1.94126
2.97993 1.92933
2.97987 1.93681
2.97998 1.92192
2.9799 1.93302
2.97994 1.92671
2.97989 1.93359
2.97989 1.93397
2.97985 1.93955
2.97988 1.93278
2.97983 1.94323
2.97984 1.9409
2.97987 1.93748
2.97988 1.93582
2.97998 1.92114
2.97985 1.94056
2.97988 1.93209
2.97996 1.92472
2.97983 1.94246
2.97987 1.93736
2.97997 1.92264
2.97981 1.94628
2.97991 1.93115
2.97995 1.92568
2.97981 1.9389
2.97996 1.92468
2.97987 1.93738
2.97999 1.91685
2.9798 1.94667
2.97996 1.92468
2.97997 1.92256
2.97982 1.94446
2.97998 1.92091
2.97989 1.93393
2.97983 1.94323
2.97998 1.9211
2.98 1.91903
2.97982 1.94451
2.97987 1.93782
2.97982 1.94456
2.97987 1.93602
2.97988 1.93469
2.97982 1.94488
2.97993 1.92807
2.97982 1.94446
2.97998 1.92121
2.97999 1.91937
2.97983 1.94046
2.97986 1.93923
2.9799 1.93328
2.97992 1.93027
2.97993 1.92758
2.97986 1.93888
2.9798 1.94682
2.97988 1.93566
