4.7839 5.81015
3.82022 4.78517
5.76465 6.73971
3.92448 4.95905
4.88529 5.90846
4.79871 5.82636
3.79608 4.76189
5.76887 6.74371
4.8629 5.88331
3.7962 4.76199
6.39935 7.33616
6.25093 7.19688
4.93884 5.95927
3.97013 5.0055
3.77848 4.69873
4.78477 5.81061
3.78749 4.70749
3.82031 4.78526
4.78874 5.81325
4.76874 5.7943
3.77947 4.70019
4.81234 5.83709
3.78144 4.70174
3.77962 4.70031
5.76502 6.74006
4.91787 5.93935
3.79746 4.76376
3.79376 4.75989
4.80676 5.83181
4.91958 5.94095
3.81964 4.78467
6.4892 7.42041
4.7868 5.81256
5.69745 6.67655
4.92097 5.94226
3.79382 4.7605
3.78484 4.74161
3.78614 4.74342
5.77706 6.75142
3.79475 4.76075
3.93133 4.96659
3.96854 5.00396
3.77851 4.69929
3.96055 4.909
5.80196 6.77491
5.79019 6.76383
4.89188 5.91469
3.92457 4.95913
5.21681 6.22241
4.78097 5.80697
4.24771 5.27393
3.77949 4.70021
3.82095 4.78582
4.82509 5.84761
3.92017 4.95551
4.78387 5.80975
3.7905 4.74826
4.77566 5.80086
4.29049 5.31512
6.62641 7.54902
4.77971 5.80578
3.94372 4.97755
4.9099 5.92946
5.88216 6.85037
3.79589 4.76173
3.79235 4.75084
4.78057 5.8066
4.78763 5.8122
6.62204 7.54492
4.78071 5.80675
3.91371 4.95085
3.77408 4.69536
4.78168 5.80766
4.79997 5.82537
4.83694 5.8588
4.92345 5.94464
4.78145 5.8078
3.81084 4.77463
4.92087 5.9422
3.82079 4.78568
5.57254 6.55881
3.94398 4.97881
4.79585 5.82143
6.38842 7.3259
4.79292 5.81864
3.78474 4.7415
3.93107 4.96634
4.8517 5.87437
4.05322 5.08596
4.78495 5.81078
3.78319 4.73981
6.62902 7.55146
4.76235 5.78923
5.76811 6.74299
3.96563 5.00118
4.25605 5.28195
4.9239 5.94506
5.69085 6.67026
4.784 5.80987
4.88117 5.90454
3.79481 4.7133
4.8137 5.83837
3.78612 4.7434
3.92384 4.95844
4.92509 5.94619
3.79397 4.75264
6.37057 7.30916
4.91607 5.93764
3.81564 4.78113
5.76931 6.74412
4.80439 5.82956
3.78555 4.74269
4.76907 5.79466
4.96248 5.98168
4.7754 5.80059
3.97472 5.00995
3.78554 4.74268
4.79377 5.81945
5.7715 6.7462
5.72494 6.70235
4.25842 5.28423
5.71523 6.69322
3.91595 4.95088
3.92832 4.96348
5.21654 6.22291
3.80279 4.76855
4.77775 5.80283
3.85042 4.81524
3.78398 4.75221
4.78469 5.81054
3.79233 4.71025
3.92268 4.87576
4.9155 5.93711
3.79452 4.75325
4.81943 5.8437
4.7958 5.82138
3.78509 4.74189
3.79735 4.76366
3.92921 4.96361
5.87413 6.84283
4.94685 5.96686
4.79417 5.81982
3.92769 4.96286
3.79022 4.74752
6.23248 7.17957
3.93175 4.967
3.77738 4.69788
4.81457 5.83921
4.92994 5.95083
5.13312 6.14326
3.78426 4.74098
4.24605 5.27232
5.85658 6.8263
3.87479 4.77648
3.78627 4.74356
3.78937 4.74659
6.52234 7.45148
4.96203 5.98125
4.25531 5.28124
3.96238 4.91061
4.92501 5.94612
3.92514 4.95968
5.20734 6.21346
3.80162 4.76761
4.25814 5.28397
4.86264 5.88307
4.9417 5.95955
4.92574 5.94681
3.86813 4.82741
3.94958 4.89942
5.70722 6.68565
5.68503 6.66478
4.82662 5.85057
4.90621 5.9283
5.76907 6.74391
3.92544 4.95998
4.73269 5.76164
4.74784 5.77459
5.74496 6.72118
3.79594 4.7618
3.97523 5.01045
6.65042 7.57152
3.80821 4.76848
3.93581 4.96996
5.17768 6.18542
3.77842 4.69922
4.79223 5.81774
4.91887 5.9403
3.79524 4.76116
3.91791 4.95275
4.8155 5.83996
3.92589 4.9604
3.92538 4.95991
3.93161 4.96687
5.87148 6.84031
3.77875 4.69962
5.22343 6.22942
3.80245 4.76208
4.77938 5.80548
3.81652 4.78195
4.77764 5.80273
4.91441 5.93607
3.93757 4.97264
6.44958 7.38326
4.26732 5.29283
5.75634 6.73199
3.97036 5.00573
3.82062 4.78552
3.92754 4.96293
4.90356 5.92582
3.91352 4.94854
4.83884 5.86059
3.79595 4.76177
4.87411 5.89785
3.77924 4.7
3.79571 4.76243
6.65827 7.57887
3.77776 4.69817
3.92979 4.96494
4.79144 5.817
3.97406 5.00785
3.9723 5.00763
5.73323 6.71016
4.52521 5.54044
4.761 5.78843
5.53724 6.52553
4.76931 5.79484
4.7838 5.80967
3.87713 4.77832
4.92054 5.94189
3.81893 4.78403
4.79411 5.81976
4.80327 5.8285
3.7973 4.76361
5.76957 6.74437
3.94864 4.98228
4.78799 5.8137
4.2634 5.28905
3.79083 4.70908
4.91386 5.93556
3.78382 4.7405
3.78641 4.74372
3.82055 4.78412
5.67563 6.65591
3.97106 5.00496
3.92708 4.96248
3.97435 5.0096
3.78559 4.74273
4.79572 5.8213
4.92927 5.9478
3.78552 4.74265
5.8198 6.79169
3.92496 4.95951
4.92302 5.94424
4.84496 5.86637
4.91932 5.94072
3.92507 4.95961
3.79044 4.70981
5.62471 6.608
3.81906 4.78416
6.29138 7.23485
3.93033 4.96561
3.79449 4.75322
3.78377 4.74045
4.92548 5.94656
4.77369 5.79898
3.9761 5.00982
5.75551 6.73114
5.81652 6.78861
4.7464 5.77462
4.79277 5.81852
4.77498 5.80128
4.78229 5.80824
5.76264 6.73782
3.927 4.9622
3.87432 4.77613
6.14508 7.0975
3.78403 4.74096
4.06989 5.10207
3.91873 4.95444
4.7937 5.81938
3.77693 4.69753
4.92176 5.94303
4.75974 5.78674
3.87291 4.77501
5.74416 6.7205
5.77034 6.7451
3.80147 4.76737
3.93658 4.97168
3.7987 4.76502
5.88745 6.85534
3.92584 4.96035
4.78222 5.80817
3.78615 4.74337
4.73921 5.76782
3.79472 4.75348
3.85062 4.81544
3.92832 4.96348
3.79431 4.71179
4.79099 5.81681
4.78084 5.80722
3.93036 4.96566
4.92416 5.94531
3.85102 4.81588
3.79857 4.76477
3.79377 4.7599
6.54352 7.47134
4.26327 5.28893
3.77717 4.69771
3.79914 4.76541
6.07448 7.03118
3.82002 4.785
4.78425 5.81013
3.92691 4.9621
3.79489 4.75311
4.83194 5.85563
4.90098 5.92102
3.8802 4.78074
4.76756 5.79319
3.92829 4.96345
3.85346 4.81858
3.79433 4.75249
3.78518 4.74199
4.91531 5.9369
3.78472 4.74148
3.80005 4.76624
4.78193 5.8079
4.00827 5.04248
3.77938 4.70012
3.77807 4.69894
5.33054 6.33059
3.84933 4.81401
3.96504 4.84656
3.8051 4.77062
3.78462 4.74137
5.77668 6.75106
3.77794 4.69883
3.79825 4.76463
4.79083 5.81666
3.78752 4.7065
5.75756 6.73304
3.78503 4.74182
3.97742 4.92385
3.79494 4.75373
3.78499 4.74178
5.77638 6.75079
3.85047 4.81526
5.73815 6.71478
4.2543 5.28025
4.82614 5.85238
5.77749 6.75182
4.78036 5.80641
3.79737 4.76367
5.86247 6.83184
3.8205 4.78543
4.93701 5.95511
5.6811 6.66106
5.46537 6.4578
3.77691 4.69753
5.6887 6.66822
4.24961 5.27575
4.77658 5.80171
3.80046 4.76659
4.90775 5.92974
4.75918 5.78671
3.82351 4.78671
4.7901 5.81597
3.93003 4.96533
3.96619 5.00168
4.79108 5.81692
4.22956 5.25646
4.85874 5.87939
3.87653 4.77785
3.79914 4.76542
3.79059 4.75718
5.72914 6.70629
4.90113 5.92352
5.16306 6.17159
3.92918 4.96359
4.79132 5.81712
5.09712 6.1092
4.79377 5.81947
6.40587 7.34227
4.78352 5.80944
4.77711 5.80222
5.67908 6.65918
3.90766 4.87779
5.72521 6.70259
4.96072 5.98001
4.7905 5.81636
4.78362 5.80951
6.61444 7.5378
3.78453 4.74127
3.77714 4.69769
3.95935 4.84217
3.78132 4.70092
3.78539 4.74251
4.91231 5.93406
5.08404 6.09681
3.79769 4.76415
5.76559 6.74063
3.79743 4.76391
4.78263 5.80748
3.79283 4.71064
3.92342 4.95896
3.79278 4.75132
4.91799 5.93944
4.83478 5.85834
4.84336 5.86653
4.78418 5.81004
4.93006 5.95095
5.84055 6.81122
5.44351 6.43718
3.79564 4.76151
3.79011 4.70957
3.77864 4.69955
5.58426 6.56989
4.92085 5.94218
4.23623 5.26288
3.93194 4.96719
4.52914 5.54421
3.97451 5.00977
3.78563 4.74277
5.70869 6.68706
3.85136 4.81625
3.79714 4.76347
5.75412 6.72982
4.78384 5.80971
3.79879 4.76514
5.73117 6.7082
3.85058 4.81539
5.77107 6.74579
3.97129 5.00663
3.79238 4.71136
5.76255 6.73777
4.76261 5.78852
3.79737 4.76388
5.93519 6.90025
4.77925 5.80533
3.79258 4.71151
3.95838 4.99413
5.75331 6.72904
3.7856 4.74274
3.95572 4.90477
4.9044 5.92656
3.79583 4.76231
3.7967 4.76328
4.7765 5.80163
3.92411 4.95869
5.7767 6.75107
5.77433 6.74884
5.67528 6.65557
3.77772 4.69813
3.96595 5.00144
6.65019 7.5713
4.07359 5.10565
4.7941 5.81978
4.95285 5.97255
3.80922 4.77549
3.85 4.81476
4.79525 5.82087
3.95242 4.90185
3.92525 4.95978
4.78721 5.81323
4.78614 5.81223
4.90367 5.92587
3.86931 4.7722
4.77691 5.80204
3.81472 4.7757
4.77696 5.80208
4.79235 5.81812
3.97247 5.00776
4.78167 5.80765
5.40781 6.40349
3.79735 4.76366
4.7758 5.80099
4.79204 5.8178
3.83817 4.80175
3.79493 4.76089
5.53609 6.52445
4.25907 5.28486
3.8745 4.77625
4.85216 5.87318
3.81933 4.78438
5.70849 6.68687
5.77527 6.74973
3.77952 4.70023
3.92673 4.96123
3.79858 4.76492
5.7729 6.7475
3.82155 4.73443
3.97439 5.00964
3.79084 4.71013
4.78395 5.80983
4.85751 5.87988
5.43525 6.42941
4.92546 5.94655
4.76209 5.78946
3.79841 4.76462
3.7971 4.76363
3.81987 4.78485
4.90289 5.92516
3.87251 4.7747
4.77186 5.79727
4.781 5.80703
3.97224 5.00755
3.79736 4.76367
6.13204 7.08525
3.78496 4.74174
3.79676 4.76314
4.95219 5.97193
4.78112 5.80713
4.04995 5.08279
3.77809 4.69895
5.76583 6.74082
4.95849 5.97789
6.58741 7.51248
4.76457 5.79038
4.25137 5.27745
3.94204 4.97831
3.77923 4.70001
4.79293 5.81865
4.77639 5.80154
4.79358 5.81926
3.78638 4.74363
4.74423 5.77256
4.7715 5.79795
4.92377 5.94494
5.75216 6.72796
3.97463 5.00987
3.79872 4.76505
3.77841 4.69921
5.73694 6.71363
3.79514 4.76108
4.82914 5.85143
4.91277 5.9345
4.89769 5.9202
4.79176 5.8173
3.79209 4.71112
5.76527 6.74032
3.79217 4.71119
3.95954 4.90813
5.74301 6.71936
3.92588 4.9604
3.77597 4.69724
4.90941 5.93134
4.23102 5.25785
3.81616 4.7816
4.76247 5.78842
5.74594 6.7221
4.84536 5.86838
3.79869 4.76488
3.96084 4.90924
4.91978 5.94114
5.39613 6.3925
3.78566 4.74282
3.93884 4.82633
3.81901 4.7841
5.74892 6.72491
4.02583 5.05946
3.97092 5.00627
5.56602 6.55266
4.92296 5.94417
3.79747 4.76377
4.78287 5.80879
3.97106 4.91826
6.25211 7.198
3.77957 4.70027
3.93189 4.96699
5.7383 6.71493
3.81935 4.78441
3.97395 5.00921
3.79715 4.76348
4.79027 5.81615
4.94211 5.96237
4.24565 5.27192
5.07749 6.09062
3.7845 4.74125
4.91438 5.93604
4.25488 5.28081
3.79726 4.76359
5.2155 6.22117
4.77978 5.80622
3.87626 4.77764
5.58544 6.57101
3.77835 4.69916
4.25519 5.28113
4.91317 5.93256
3.92799 4.96315
4.7711 5.79653
4.92392 5.94273
3.79699 4.76356
4.77478 5.80107
5.22078 6.22617
4.93774 5.9558
3.78048 4.70091
3.97262 5.00793
3.80451 4.7701
4.25072 5.27681
3.79318 4.75176
5.64569 6.62773
4.79421 5.81988
5.75031 6.72629
4.76753 5.79316
3.78614 4.74336
4.77764 5.80273
5.75435 6.73002
3.79169 4.7501
3.92727 4.96268
3.79737 4.76368
4.24174 5.26816
6.45939 7.39246
3.96284 4.91102
4.21502 5.24248
4.89176 5.91458
3.79287 4.75142
3.78567 4.74282
4.06911 5.10132
4.91498 5.93659
4.25636 5.28225
3.91991 4.95526
4.77751 5.8026
4.25509 5.28102
5.76144 6.7367
6.66235 7.58269
4.50722 5.5232
3.81989 4.78488
5.63305 6.6158
4.85435 5.87524
3.7973 4.76362
4.77767 5.80275
4.87208 5.89594
3.9583 4.99407
5.68867 6.66821
3.78392 4.7037
3.79139 4.71057
4.92186 5.94314
4.78261 5.80889
3.85361 4.75992
3.77904 4.69973
4.78483 5.81067
3.79499 4.75377
4.94693 5.96693
4.95721 5.97668
3.79695 4.7633
4.78358 5.80948
5.75278 6.72864
3.77392 4.69588
3.92287 4.87592
3.77786 4.69877
3.78247 4.70252
4.93326 5.95398
3.93129 4.96656
3.90624 4.87624
4.92126 5.94261
4.77249 5.79786
4.79011 5.81599
4.78807 5.81407
5.88609 6.85406
3.78146 4.70176
3.84541 4.8097
4.77459 5.79983
3.79522 4.75347
3.78565 4.7428
4.92048 5.9418
4.77985 5.80628
5.70745 6.68586
3.78598 4.74324
5.69308 6.67234
3.7972 4.76353
4.78553 5.81165
6.52165 7.45084
4.77541 5.80062
3.79738 4.7637
3.78018 4.7017
5.75874 6.73415
3.79485 4.76084
3.78614 4.74344
6.6149 7.53823
4.24883 5.27501
4.79611 5.82168
5.56582 6.55251
3.81697 4.78231
3.92808 4.96326
5.76396 6.73909
4.92556 5.94664
3.85126 4.81614
3.92262 4.95727
3.84567 4.81
4.78179 5.80815
3.79211 4.71114
6.07218 7.02902
3.92749 4.96266
4.8026 5.83004
4.77251 5.79786
4.93124 5.94965
3.95223 4.83668
3.79609 4.76188
4.78209 5.80806
4.77898 5.80402
4.78218 5.80847
5.75996 6.73532
3.97448 5.00973
6.11018 7.06472
4.97839 5.99677
3.87442 4.77623
4.25465 5.2806
4.79399 5.81966
5.7743 6.74882
3.79918 4.76545
4.8949 5.91527
3.78472 4.74186
6.31173 7.25395
4.77489 5.80011
3.90745 4.94272
4.77927 5.80572
4.79229 5.81806
3.9022 4.87186
5.7314 6.70845
3.77928 4.70004
4.08994 5.02251
4.73885 5.76952
3.92581 4.96033
3.80683 4.77217
3.96176 4.9101
4.89622 5.91883
3.96153 4.90987
4.76697 5.79263
5.75725 6.73278
3.81604 4.78149
4.43046 5.44959
3.85143 4.81633
3.92826 4.96342
4.9205 5.94182
5.65587 6.63731
3.94588 4.83177
4.79054 5.81641
3.79562 4.76148
3.82057 4.78549
3.92705 4.96223
3.87087 4.77343
4.91908 5.94051
6.47902 7.41087
4.22325 5.25036
3.78369 4.74058
5.79978 6.77286
3.96155 4.90988
4.77629 5.80143
5.74059 6.71706
6.36942 7.30808
3.79277 4.75904
3.79489 4.76086
4.79143 5.81699
3.78145 4.73824
5.76915 6.74398
4.79052 5.81639
4.84575 5.86874
5.74068 6.71717
3.79192 4.71098
5.71709 6.69495
4.77682 5.80194
4.2522 5.27825
3.92826 4.96342
5.69149 6.67091
3.92303 4.95766
4.92389 5.94506
6.4588 7.3919
3.77862 4.69952
4.7916 5.81715
3.9417 4.97561
4.92476 5.94588
4.77407 5.79934
4.23024 5.25714
3.79618 4.76261
6.59352 7.5182
4.76887 5.79443
3.92572 4.96024
3.97363 5.00888
4.79574 5.82133
3.9029 4.87261
5.75923 6.73463
5.76331 6.73847
3.79731 4.76362
4.78454 5.81039
3.79232 4.7113
4.78255 5.80849
3.92444 4.95902
5.86451 6.83376
4.785 5.81083
3.98231 5.01733
4.01241 4.95457
3.8765 4.77782
3.96945 5.00484
4.92921 5.94774
5.20496 6.21121
5.7507 6.72666
3.79842 4.76479
3.79239 4.71136
4.78752 5.81352
3.87107 4.77361
4.90947 5.9314
4.78288 5.8088
4.91739 5.93887
6.57528 7.5011
3.78455 4.74129
6.56975 7.49592
6.53961 7.46767
3.80766 4.77189
3.97664 5.01184
3.92722 4.9624
3.81899 4.73241
4.91671 5.93825
3.96066 4.9091
3.92612 4.96133
4.78225 5.80854
4.2132 5.24069
3.95178 4.98773
3.77933 4.70008
4.2542 5.28018
5.87547 6.84407
3.78615 4.74344
3.81963 4.78464
3.79906 4.76534
4.91878 5.94027
3.78498 4.74177
6.53305 7.46153
3.9013 4.93763
4.77614 5.80129
3.97456 5.0098
3.78914 4.74634
4.94885 5.96875
4.91597 5.93752
4.89623 5.91882
3.94858 4.98328
3.77764 4.69808
4.78254 5.80848
4.2571 5.28297
3.79445 4.75317
3.79011 4.74835
4.92194 5.94319
5.20967 6.21567
3.77961 4.7003
3.7916 4.71072
3.79735 4.763
4.93987 5.96024
3.9243 4.95888
4.9185 5.93995
3.78956 4.74723
3.7986 4.7648
4.84099 5.86427
3.78574 4.74298
3.79721 4.76353
3.79203 4.71002
3.78557 4.7427
6.57563 7.50144
3.79818 4.76458
3.96024 4.90872
6.6465 7.56784
5.6787 6.65882
3.85162 4.81654
4.24863 5.27479
3.78493 4.74171
3.9294 4.9638
4.77079 5.79773
5.15293 6.16201
5.88347 6.8516
3.97516 5.01038
4.82179 5.84825
4.8749 5.89864
3.79242 4.71138
4.77101 5.79791
3.78619 4.74348
3.78579 4.74296
3.79862 4.76496
4.02201 4.96298
4.75361 5.78002
4.79528 5.82089
3.84689 4.81135
5.75396 6.72965
4.25678 5.28266
3.77842 4.69922
3.92499 4.96024
5.40551 6.40132
3.78477 4.74154
4.77939 5.80548
3.92539 4.95992
5.74588 6.72205
3.78601 4.74327
4.2546 5.28059
3.85002 4.81479
3.93117 4.8204
3.80241 4.71931
3.78591 4.74279
5.76149 6.73674
3.97939 5.013
3.93176 4.96701
4.95716 5.97663
4.46645 5.48412
3.97246 5.00775
3.9711 5.00644
4.79213 5.8179
3.77882 4.699
3.79239 4.7103
5.71503 6.69307
3.87503 4.77671
4.93398 5.95467
5.17411 6.18204
3.78306 4.703
4.77034 5.79586
4.25132 5.27738
3.87312 4.77517
5.12352 6.13418
4.90248 5.92474
4.78348 5.80937
4.77399 5.79926
3.82029 4.78524
4.24686 5.27309
3.78552 4.74266
5.87401 6.8427
3.79587 4.7617
5.64506 6.62718
3.79528 4.71367
3.77841 4.69921
3.77478 4.6959
3.98749 5.02235
3.78593 4.70445
3.77843 4.69923
3.97858 4.92487
5.47842 6.4701
4.76935 5.79488
4.78166 5.80764
3.91608 4.9515
4.83835 5.86175
5.63961 6.62198
5.77132 6.74601
3.7794 4.70013
4.91144 5.93326
3.78517 4.74198
5.75804 6.73351
3.79603 4.76183
5.13529 6.14532
4.74352 5.77052
3.78581 4.74269
4.91899 5.94039
3.7897 4.70923
3.79486 4.76086
5.76595 6.74096
4.77418 5.80094
3.79664 4.76324
4.92272 5.94394
3.79606 4.76251
3.84938 4.81407
3.79896 4.76526
4.78986 5.81548
3.93027 4.96556
5.72901 6.70618
3.93731 4.97239
4.07314 5.10521
3.93592 4.97105
3.79522 4.71362
3.92757 4.96274
5.70339 6.68212
4.78246 5.8084
4.79069 5.81659
4.90971 5.9316
4.77555 5.80075
3.78505 4.74184
5.76261 6.73782
3.87691 4.77815
4.78088 5.80689
3.82093 4.7858
5.78981 6.76347
4.77725 5.80235
4.75551 5.78182
5.71862 6.69641
3.97147 5.00681
3.93119 4.96645
3.8012 4.76633
3.90465 4.87452
4.75843 5.78459
3.7979 4.76348
5.69073 6.67019
3.79896 4.76526
4.78857 5.81454
3.77955 4.70025
3.96251 4.91073
4.77563 5.80087
3.93071 4.88283
3.90725 4.86222
5.75361 6.72935
3.84822 4.81279
3.9735 5.00876
3.79221 4.71121
3.78923 4.74685
3.79823 4.76446
5.77171 6.74638
3.77754 4.698
4.77501 5.80023
4.92556 5.94664
5.7416 6.71804
4.90439 5.92656
5.75796 6.73344
3.79752 4.76381
4.79612 5.82168
3.7876 4.74504
3.80653 4.7719
3.79656 4.76297
4.95416 5.97379
5.71068 6.68898
4.03237 5.0658
3.92805 4.96321
3.93442 4.9696
5.76379 6.73898
3.78461 4.74162
4.91998 5.94135
4.75658 5.78285
4.88529 5.90617
3.79048 4.70984
3.97384 5.0091
4.77503 5.80132
3.77916 4.69983
5.77058 6.74537
3.9281 4.96327
3.79921 4.76548
4.77091 5.79782
3.77703 4.69828
4.83059 5.85435
4.77748 5.80257
3.79198 4.71103
3.9314 4.96666
3.87533 4.7769
4.7685 5.7941
4.77633 5.80149
3.87171 4.77408
4.76052 5.78747
5.68741 6.667
4.8145 5.84134
3.77835 4.69917
4.78644 5.81252
3.79488 4.71335
4.83063 5.85438
3.87528 4.77691
4.86149 5.88198
4.77646 5.8016
3.97642 5.01014
3.96104 4.90942
5.7482 6.72426
4.78834 5.81287
4.24568 5.27196
3.86816 4.7713
4.88991 5.91283
3.78567 4.74292
3.92875 4.96317
4.77284 5.7982
4.79572 5.82131
4.24805 5.27429
4.77428 5.80101
3.96063 4.9949
3.79388 4.75999
5.12947 6.13981
3.78555 4.74268
3.88263 4.78264
4.77593 5.8011
3.81967 4.78467
5.66974 6.65036
4.92132 5.94262
4.78804 5.81404
4.79486 5.8205
5.73994 6.71645
4.78478 5.80951
5.79614 6.76943
3.85062 4.81543
4.85396 5.87487
3.79437 4.71184
4.96116 5.98042
4.24108 5.26753
3.77944 4.70016
4.81391 5.83858
4.93817 5.95621
5.21942 6.22489
5.72325 6.70074
3.78145 4.70102
5.82973 6.80104
3.8095 4.77347
3.82168 4.78648
3.9596 4.90815
4.70276 5.73327
5.7566 6.73217
4.7802 5.80517
3.79248 4.71143
3.8465 4.81092
3.79704 4.76358
3.79011 4.74783
4.7766 5.80173
3.79715 4.76371
4.79301 5.81874
5.7465 6.72266
5.82634 6.79785
3.78435 4.74133
3.92512 4.95967
3.77872 4.6996
4.76435 5.79016
3.77809 4.69895
4.78434 5.81019
3.7862 4.74348
4.91974 5.94112
3.78562 4.74276
5.84078 6.81144
3.8461 4.81048
4.28618 5.31098
4.78566 5.81033
4.79056 5.81616
4.77528 5.80054
4.7951 5.82076
3.79518 4.76113
4.8929 5.91568
3.79764 4.76413
3.78528 4.74238
4.77332 5.79865
3.9533 4.83751
5.87634 6.84489
3.95383 4.98725
4.89303 5.9158
3.79136 4.71054
5.8196 6.7915
4.77706 5.80325
3.7972 4.76352
4.78458 5.81074
4.84536 5.87059
4.8431 5.86628
4.776 5.80117
3.78564 4.74286
3.96136 4.90971
5.7751 6.74957
3.82194 4.73474
4.08153 5.01515
4.9084 5.93036
4.79481 5.82045
5.77643 6.75083
3.8208 4.78568
4.78294 5.80888
3.93111 4.96638
4.77717 5.80228
5.84654 6.81685
4.78442 5.81026
4.91107 5.93291
4.80745 5.83094
4.90484 5.92697
3.81392 4.77481
5.84435 6.81479
3.96084 4.90924
4.77416 5.79944
3.95702 4.9059
4.9231 5.94431
4.83554 5.85907
3.92917 4.9645
3.77772 4.69813
4.8139 5.83857
3.77855 4.69947
4.89716 5.91976
4.77072 5.79617
4.77152 5.79695
3.78861 4.74576
3.9109 4.86542
4.74078 5.76791
4.91812 5.93956
3.80815 4.77232
3.94725 4.98202
4.90508 5.92723
3.79726 4.76359
5.71451 6.69251
5.84784 6.81808
4.76223 5.78816
3.92784 4.96303
5.85854 6.82815
4.78288 5.80881
3.79699 4.76334
3.92767 4.96284
3.96834 5.00379
3.77886 4.69903
4.89695 5.91952
4.78716 5.81176
4.78408 5.80884
3.78528 4.74238
5.71685 6.69473
5.85843 6.82804
3.97098 5.00632
4.04316 5.07622
4.23117 5.25799
3.80749 4.77175
3.93196 4.9672
5.77722 6.75157
3.92145 4.95614
4.79469 5.82033
4.78114 5.80714
4.81102 5.83431
3.79708 4.76341
3.93332 4.96854
5.64353 6.62566
5.87163 6.84046
3.9264 4.96183
5.88339 6.85152
4.77957 5.80564
4.25604 5.28194
3.86559 4.7693
3.77925 4.6999
4.86465 5.88496
5.61624 6.59999
4.07183 5.10395
5.7725 6.74712
4.77105 5.79753
3.95736 4.90624
4.78835 5.81288
3.78937 4.70896
3.77756 4.69804
5.74883 6.72484
3.77954 4.70025
5.02482 6.04075
3.95501 4.98838
4.90283 5.92509
3.83774 4.80127
3.96208 4.91035
4.79241 5.81792
4.25418 5.28016
4.78822 5.81275
5.75935 6.73473
3.77858 4.69952
3.82084 4.78572
3.77826 4.69908
5.73431 6.71119
4.92369 5.94487
3.92794 4.96311
5.62546 6.60867
3.96088 4.90929
3.93018 4.96549
3.95394 4.98984
4.79376 5.81946
5.04836 6.06304
4.78977 5.8154
4.84574 5.87096
3.98108 5.01614
4.25407 5.28003
3.79385 4.7525
4.80739 5.8324
3.78615 4.74337
3.79625 4.76204
5.77503 6.74952
5.71316 6.69126
3.95057 4.90027
5.7479 6.72395
4.7805 5.80652
5.72509 6.70248
3.78514 4.74195
3.93091 4.88301
4.23514 5.26183
4.95281 5.97251
3.97283 5.00813
3.78044 4.70097
5.76816 6.74304
3.85019 4.81498
4.29138 5.31599
4.77028 5.7972
4.79485 5.82049
4.86623 5.88646
3.7811 4.70075
5.20481 6.21107
3.79869 4.76505
5.55509 6.54236
3.84973 4.81446
3.79654 4.76293
4.7633 5.78917
4.77503 5.80029
3.96264 4.84471
3.95888 4.90753
5.76457 6.73967
3.87465 4.77638
3.87902 4.77982
4.79299 5.81872
5.62606 6.60923
4.7757 5.80087
3.92186 4.95654
4.91758 5.93907
3.95074 4.98429
3.93146 4.9667
4.77145 5.79686
4.77327 5.80003
3.79739 4.76369
3.87489 4.77656
5.14986 6.1591
4.78515 5.81097
5.70541 6.68398
3.7958 4.71409
4.7943 5.81995
4.76915 5.7957
3.9274 4.96259
3.9928 5.02749
3.77885 4.6997
5.69568 6.67479
5.74323 6.71958
4.20745 5.23515
5.12314 6.13382
5.72843 6.70565
3.77906 4.69975
3.92542 4.95995
3.94612 4.98091
3.82362 4.7868
4.79288 5.81862
3.92641 4.96161
3.87638 4.77776
3.79835 4.76472
4.95804 5.97748
3.81295 4.72764
5.2088 6.21484
4.78715 5.81174
3.80228 4.76818
4.91433 5.93599
3.9633 4.99889
5.72824 6.70547
3.95906 4.90768
4.78972 5.81562
3.86753 4.7708
5.10391 6.11562
5.75372 6.72946
3.795 4.75379
3.96255 4.91076
5.74313 6.71949
4.78321 5.80913
3.77764 4.69809
4.82253 5.84676
3.986 5.0209
3.80971 4.72508
3.78518 4.74198
3.93071 4.96603
5.76504 6.74008
3.77883 4.69901
3.9255 4.96002
4.78326 5.80916
3.79555 4.76227
4.79529 5.8209
4.25763 5.28347
3.92518 4.95973
3.7974 4.7637
4.79437 5.82001
3.96942 4.91683
5.76163 6.7369
3.79009 4.75674
3.82701 4.79118
4.78406 5.80882
3.78566 4.74281
4.93574 5.95391
3.78662 4.70498
3.85392 4.8149
3.93075 4.96604
4.92073 5.94204
4.77998 5.80497
3.79071 4.75807
3.78554 4.74267
4.78073 5.80675
3.79582 4.76165
5.77442 6.74894
4.78478 5.81096
5.17388 6.18182
5.02406 6.04003
5.77507 6.74955
3.79506 4.76103
5.77169 6.74636
4.84588 5.86724
4.78462 5.81047
3.7958 4.76164
5.62165 6.60506
3.79305 4.75162
3.92809 4.96325
4.87768 5.90123
4.77383 5.79912
4.79203 5.81779
4.9057 5.9278
3.78928 4.74691
4.92168 5.94294
4.77537 5.80059
3.96836 5.0038
3.77751 4.69848
4.78444 5.80918
4.77713 5.80224
3.97295 5.00825
4.25836 5.28418
4.79427 5.81994
4.77684 5.80561
4.77877 5.80488
3.9243 4.95887
4.76424 5.79153
3.92832 4.96348
5.7622 6.73741
3.79713 4.76347
4.76957 5.79509
3.87482 4.77652
3.77881 4.69968
5.69352 6.67275
3.79565 4.76237
3.98574 5.02065
4.78424 5.81044
4.91295 5.93466
3.79169 4.74958
3.95145 4.90102
3.94493 4.97974
5.62234 6.60571
3.77691 4.69752
3.92633 4.96085
4.81194 5.83671
3.7791 4.69978
3.81975 4.78476
4.78306 5.80897
3.78642 4.74373
3.87573 4.77722
4.77751 5.8026
4.77087 5.79633
3.94858 4.89853
3.79764 4.76326
3.97311 5.00839
3.85015 4.81491
4.91047 5.93234
4.87987 5.9033
4.91356 5.93526
4.25834 5.28416
4.89807 5.91827
5.74214 6.71854
3.9761 4.92269
5.76623 6.74121
3.77929 4.70005
3.81986 4.78485
3.95232 4.98581
3.77947 4.70019
4.78165 5.80655
4.80776 5.83275
4.90501 5.92719
3.93277 4.968
4.82706 5.85098
5.71102 6.68923
4.76787 5.7935
3.92476 4.96026
4.8819 5.90296
4.76404 5.79134
4.78865 5.81433
3.86947 4.82859
4.7917 5.81724
3.78375 4.74078
5.7132 6.69128
4.8479 5.86915
4.92352 5.94475
3.92784 4.96301
4.78499 5.81082
3.85658 4.76227
5.73706 6.71374
3.78751 4.74494
4.77771 5.80279
5.73884 6.71542
3.78561 4.74246
5.18991 6.19698
5.75223 6.72803
5.75697 6.73249
4.78514 5.81096
3.78635 4.74366
4.78459 5.81044
3.78486 4.74163
3.79608 4.76188
4.79542 5.82102
3.78543 4.74263
3.79712 4.76345
4.78348 5.80937
3.86887 4.77185
4.7819 5.80787
4.79382 5.81949
5.75753 6.73301
4.92319 5.94439
3.78699 4.74432
5.7629 6.73807
4.46281 5.48062
3.79774 4.7642
4.8951 5.91546
5.1958 6.20255
3.97961 5.01472
4.7715 5.79696
3.7947 4.75346
4.79936 5.82479
5.76039 6.73573
3.79176 4.71088
4.77218 5.799
5.7748 6.74929
3.78507 4.74214
3.82065 4.78555
5.68156 6.66149
4.77507 5.80136
4.9024 5.92467
3.92694 4.96237
4.75602 5.78371
4.91039 5.93224
3.77725 4.69777
3.82686 4.79104
4.80974 5.83463
3.92389 4.95849
4.73464 5.76347
4.77616 5.80133
4.25383 5.2798
4.79321 5.81892
3.83305 4.74382
4.78999 5.81586
4.77107 5.79654
5.75014 6.72608
4.78476 5.81059
5.75276 6.72854
3.86945 4.82857
4.7983 5.82379
3.78812 4.74613
3.78544 4.74256
4.86583 5.88608
3.85044 4.81524
4.77604 5.80121
3.96462 5.00016
3.78457 4.70517
3.7937 4.71132
5.75006 6.726
5.76392 6.73905
4.25723 5.28309
4.78377 5.80966
4.78465 5.80939
3.96747 5.00292
4.86181 5.88623
3.78817 4.74568
4.77554 5.80179
3.97343 5.00724
4.89915 5.92166
4.92383 5.94501
4.77482 5.80111
3.92947 4.96462
3.9595 4.90806
4.19475 5.22296
4.9227 5.94393
3.7979 4.76349
4.92481 5.94593
4.92478 5.94589
4.78599 5.81179
3.94196 4.97685
3.84992 4.81467
3.94594 4.89617
3.92818 4.96354
4.77522 5.80042
3.7851 4.7419
3.94059 4.89147
3.77847 4.69942
4.85751 5.88212
4.91777 5.93923
3.93994 4.89089
4.79168 5.81748
3.92866 4.96383
3.79095 4.71022
3.92072 4.95544
4.77626 5.80141
3.8028 4.76856
4.79213 5.81796
4.89385 5.91656
4.91804 5.9395
3.78628 4.74358
4.84416 5.86728
5.21673 6.22234
4.74114 5.7717
3.93086 4.96614
4.79522 5.82083
5.03672 6.05202
4.78386 5.80974
3.95979 4.90832
4.79506 5.82069
3.79698 4.76333
3.96944 5.00483
3.81879 4.78391
4.81236 5.83712
3.94332 4.97817
3.96541 5.00093
3.7847 4.74147
3.79855 4.76489
4.81175 5.83874
3.78817 4.70803
4.77715 5.80227
3.77922 4.69988
4.779 5.80511
3.77953 4.70023
3.80666 4.77103
4.9243 5.94544
3.93142 4.96668
3.93059 4.96591
4.91759 5.93914
3.7961 4.76191
4.87515 5.89885
4.77252 5.79787
3.77951 4.70022
3.8155 4.78102
5.15313 6.16219
3.80124 4.76637
4.91472 5.9364
4.85223 5.87324
3.79739 4.76369
4.7729 5.79824
3.9698 5.0052
3.9525 4.98706
4.85534 5.88006
3.7905 4.74783
3.92925 4.96441
4.94174 5.95959
3.92659 4.96203
4.7841 5.80996
4.92583 5.94689
3.79465 4.76066
3.80444 4.77003
3.94778 4.98253
5.04401 6.05892
3.78516 4.74197
3.80906 4.7731
4.8259 5.84987
3.77773 4.69814
3.84621 4.81058
3.94652 4.9813
3.77928 4.70004
4.78454 5.8107
4.90967 5.93157
3.78504 4.7421
3.78557 4.74271
4.89784 5.92034
4.92305 5.94426
4.79469 5.82033
4.77507 5.80033
3.81235 4.72717
3.9273 4.96273
3.92589 4.9604
4.79625 5.82181
4.85527 5.88002
4.80033 5.82571
4.92167 5.94293
4.89691 5.91951
5.08364 6.09644
3.92619 4.9614
4.78741 5.812
3.96251 4.91073
4.77693 5.80205
3.92683 4.96202
3.97377 5.00903
5.15967 6.16838
3.93137 4.96662
4.83838 5.86177
4.80722 5.83072
4.77575 5.80093
3.97268 5.00797
3.97048 5.00585
3.78225 4.70239
3.78544 4.70407
4.92502 5.94613
4.79433 5.81999
4.78486 5.8107
3.78567 4.74283
4.77902 5.80406
4.95483 5.97443
3.96761 5.00307
4.25643 5.28232
3.78986 4.74713
4.78454 5.81039
5.19176 6.19873
3.97365 5.00891
3.95693 4.90584
3.98601 5.02093
3.79301 4.71187
4.77442 5.79971
3.77572 4.69661
3.95697 4.84034
3.82547 4.78982
5.17987 6.18749
3.92588 4.9604
3.77757 4.69801
3.93032 4.96545
4.7831 5.80902
4.78509 5.81092
4.91741 5.93889
5.19784 6.20448
3.85026 4.81504
4.25387 5.27986
4.77743 5.80252
4.83957 5.86291
5.18117 6.18872
3.8775 4.77861
3.79718 4.7635
5.19188 6.19884
3.92785 4.96302
4.85753 5.87824
3.77039 4.69311
4.77954 5.80561
4.79333 5.81904
3.7959 4.76172
3.96856 5.00399
4.79083 5.81641
3.78557 4.74271
4.78962 5.81526
3.92823 4.96339
3.92625 4.96145
3.87575 4.77723
3.78559 4.74273
4.80184 5.82931
3.81805 4.78326
4.9211 5.94241
3.92054 4.95527
4.78018 5.80658
3.79827 4.7645
4.78601 5.81181
3.81279 4.77356
3.82073 4.73378
4.13517 5.16552
4.77421 5.79948
4.91529 5.93689
3.791 4.74838
4.91677 5.93835
4.77381 5.79911
4.79493 5.82056
3.78494 4.74172
4.79584 5.82143
3.78513 4.74193
3.92554 4.96006
3.9659 5.0014
3.77753 4.69799
4.94305 5.96083
3.78591 4.7431
3.79181 4.71089
3.79565 4.76151
4.958 5.97743
4.88169 5.90508
4.24767 5.27388
3.77897 4.6998
3.77555 4.69648
4.91934 5.94074
3.80765 4.77188
4.77543 5.80063
4.27217 5.2975
3.79487 4.75364
4.78645 5.81108
3.78732 4.74473
3.78715 4.74416
3.78563 4.74277
3.92522 4.95976
3.93206 4.9673
4.92503 5.94614
4.25093 5.27707
4.77921 5.80566
3.97461 5.00985
3.77744 4.69794
4.7837 5.80959
3.93744 4.97252
4.86142 5.88585
3.78094 4.70136
4.93993 5.9603
4.5383 5.55298
3.92369 4.95895
3.79715 4.75619
4.78355 5.80944
4.20824 5.23595
3.77796 4.69834
3.7837 4.74037
3.96099 4.90939
4.91235 5.9341
3.91787 4.95271
3.80206 4.76798
4.9169 5.93847
3.81922 4.78428
4.78496 5.8108
4.25916 5.28495
3.7974 4.7637
4.77465 5.7999
3.79197 4.71103
3.96056 4.99626
3.92838 4.96354
4.79837 5.82386
3.79883 4.76515
3.79415 4.75284
4.78181 5.80814
4.02418 4.96489
4.78431 5.81017
3.79905 4.76533
3.94811 4.89809
4.79585 5.82143
3.92428 4.95886
3.92646 4.96167
4.93205 5.95283
4.94324 5.96344
3.92492 4.96016
3.92651 4.96171
3.93156 4.96682
4.81041 5.83527
4.79233 5.81808
3.79646 4.76286
4.87208 5.89367
4.79259 5.81835
4.95878 5.97817
4.92088 5.94218
3.94496 4.8953
3.79333 4.75138
4.78981 5.81569
4.25464 5.28059
4.74055 5.76769
4.94812 5.96806
4.22521 5.25225
4.06595 5.09826
4.83916 5.86252
3.79749 4.76379
4.77482 5.80006
3.92032 4.95599
3.77875 4.69962
3.77775 4.69816
4.92152 5.94282
4.94928 5.96916
4.90562 5.92772
3.9356 4.97074
3.78463 4.74175
4.91331 5.93501
4.83994 5.86163
4.78291 5.80923
3.80031 4.76764
4.92568 5.94676
4.79399 5.81967
4.96113 5.98039
3.92766 4.96212
4.79172 5.81756
3.93164 4.96689
3.79572 4.75402
3.77753 4.69801
4.89501 5.91768
3.78509 4.7419
4.72234 5.75049
4.8819 5.90525
3.95124 4.90082
3.97406 4.9209
4.78517 5.8113
4.8937 5.91642
4.76816 5.79375
4.78145 5.80778
3.92512 4.95967
3.97432 5.00956
3.92511 4.95965
4.85169 5.8766
3.95923 4.99494
3.8175 4.7828
3.77623 4.69745
4.79389 5.81957
3.92581 4.96033
4.77744 5.80254
3.92409 4.95935
3.79615 4.76195
3.7789 4.69975
3.77961 4.7003
4.87535 5.89904
4.8958 5.91841
3.78379 4.75205
4.78777 5.81349
3.92818 4.96334
4.79169 5.81749
3.78462 4.74138
4.77772 5.8028
3.95638 4.90534
4.77533 5.80053
4.79137 5.81719
3.93139 4.96664
3.88196 4.78212
4.55006 5.56425
4.76975 5.79531
4.78271 5.80863
4.9018 5.92412
3.84145 4.80534
3.97346 4.92038
3.78532 4.74243
4.94108 5.95897
3.8758 4.77728
3.81807 4.78327
4.76559 5.79134
3.78738 4.74481
3.81829 4.78346
4.23903 5.26556
3.7784 4.6992
4.89856 5.92103
4.84594 5.8673
3.79468 4.75343
4.28614 5.31094
4.83261 5.85628
4.77625 5.80142
4.78124 5.80725
4.91791 5.93939
4.25686 5.28276
4.90836 5.93032
3.79596 4.76178
3.96503 4.99915
4.87388 5.89763
4.91353 5.93521
4.91919 5.94058
4.78437 5.81023
3.78528 4.74238
3.85831 4.81876
4.77459 5.79983
3.93068 4.96595
3.79604 4.76186
4.79548 5.82108
4.78357 5.80947
3.82009 4.78506
4.92493 5.94604
3.92715 4.96255
4.92208 5.94332
3.78647 4.70485
4.84147 5.86472
4.76937 5.79636
4.91404 5.93572
4.77598 5.80262
4.91631 5.93785
3.78515 4.74196
3.96039 4.99606
3.79709 4.76343
3.8758 4.77727
4.53117 5.54615
3.9132 4.94825
4.91918 5.94057
3.92546 4.96
4.21523 5.24266
3.78611 4.74339
4.92155 5.94282
3.79572 4.76157
4.77233 5.79769
3.93758 4.88884
3.77763 4.69806
3.79896 4.76525
3.80871 4.77279
3.92819 4.96355
4.78842 5.81411
4.85698 5.87772
3.78561 4.74275
4.78749 5.81351
3.92913 4.96354
4.72176 5.75128
4.78266 5.80859
4.92013 5.94149
3.78583 4.74271
3.82084 4.78572
4.2575 5.28334
4.80481 5.82976
3.84305 4.80711
4.90831 5.93028
4.77392 5.80065
4.92198 5.94324
4.78259 5.80852
3.97464 5.00842
4.78797 5.81368
4.77034 5.79684
3.80647 4.77087
4.91628 5.93783
3.87388 4.77577
3.79618 4.76199
3.80959 4.77356
4.83706 5.85891
3.79399 4.71265
3.79375 4.7599
4.91271 5.93445
4.74823 5.77574
4.91669 5.93822
3.77908 4.69988
4.92131 5.9426
4.85331 5.87425
3.92984 4.96514
4.77229 5.79871
3.79887 4.76517
4.89989 5.91999
3.97263 5.00794
4.79147 5.81728
3.93694 4.82486
3.92514 4.95968
4.74777 5.7753
4.79057 5.81616
4.79588 5.82146
4.77943 5.80553
3.90725 4.94338
3.84888 4.81353
4.78819 5.81416
4.80496 5.8301
4.70391 5.73435
3.78938 4.70897
3.94532 4.98013
4.77312 5.79844
4.35816 5.38018
3.77748 4.69845
4.81272 5.83745
3.797 4.7627
4.87535 5.89677
4.77536 5.80058
3.92794 4.96311
4.25486 5.28081
3.78266 4.70268
4.78949 5.81539
3.79752 4.76381
4.79272 5.81853
3.92521 4.95978
4.79607 5.82164
4.79358 5.81926
3.77861 4.69952
3.94832 4.98196
3.79366 4.75229
3.79711 4.76344
4.79488 5.82052
4.10367 5.03454
3.93344 4.96866
4.73961 5.76682
4.78281 5.80874
4.77925 5.80534
4.2438 5.27017
3.96048 4.90893
4.94373 5.96147
3.78629 4.74358
3.92351 4.95813
3.92576 4.96028
4.92028 5.93928
3.79833 4.7647
4.93582 5.95399
3.973 5.00827
3.85827 4.82385
4.78194 5.8079
3.78573 4.7429
4.78511 5.8113
3.96997 5.00391
4.78887 5.81483
3.94594 4.83182
4.78475 5.81092
3.78959 4.74727
3.95836 4.90708
4.83482 5.85838
3.78447 4.7412
4.783 5.80891
4.24275 5.26915
3.79619 4.76199
4.85534 5.87782
4.79606 5.82164
3.9308 4.96607
4.77039 5.79731
4.74059 5.76911
4.27326 5.29855
3.95989 4.90841
4.76097 5.78843
4.79417 5.81982
3.79531 4.76123
3.82469 4.78913
4.92039 5.93939
4.87515 5.89658
3.77656 4.69725
3.93163 4.96688
4.91487 5.93416
4.90826 5.92792
3.93981 4.97474
3.78943 4.74708
4.85756 5.87827
3.92357 4.95817
4.78618 5.81227
3.78625 4.74354
3.80083 4.7668
4.9098 5.92937
4.78587 5.81199
4.77743 5.80253
4.0451 5.0781
4.02788 5.06145
3.78563 4.74249
3.97223 5.00754
4.81075 5.83559
3.88217 4.85001
4.92829 5.94687
3.86915 4.77211
3.79718 4.76351
4.78192 5.80827
3.88763 4.78654
3.9342 4.97071
3.78557 4.74271
3.92132 4.95601
4.92327 5.94212
3.78741 4.70741
4.92218 5.94108
4.2511 5.27717
3.79912 4.76539
4.93225 5.95062
4.75621 5.78389
4.7743 5.79957
3.79606 4.76187
4.73425 5.76311
3.77829 4.69911
3.7967 4.76244
4.28817 5.31289
4.79239 5.81814
3.85141 4.8163
4.79098 5.8168
4.77573 5.80092
4.81681 5.8412
3.78074 4.7012
4.78584 5.81199
4.07657 5.0108
4.79227 5.81805
3.84149 4.80539
3.92526 4.9598
4.86144 5.88194
4.81191 5.83669
3.96785 5.00333
4.29211 5.31668
3.94026 4.97518
4.25902 5.28481
3.93017 4.96548
3.92944 4.96384
3.92648 4.96169
3.77957 4.70027
3.77844 4.69923
4.77371 5.79899
4.77622 5.80137
4.78188 5.80786
4.8033 5.82853
3.87382 4.77572
3.96392 4.99948
3.92488 4.95944
4.79178 5.81762
3.81956 4.78459
3.8198 4.78483
3.9588 4.90751
4.81258 5.83732
3.77805 4.69891
4.79397 5.81969
4.79518 5.8208
4.81435 5.83899
4.22914 5.25603
4.73305 5.76062
4.79283 5.81855
3.79937 4.76562
4.77829 5.80479
3.92813 4.9633
4.80275 5.82801
4.8068 5.83184
3.9807 5.01577
3.78469 4.74182
4.80943 5.83434
3.92513 4.95967
4.80967 5.8344
4.80797 5.83296
3.7975 4.7638
4.02801 5.06157
4.80976 5.83465
3.98494 5.01988
4.77767 5.80275
4.78088 5.80689
4.79323 5.81893
3.79522 4.76114
4.78905 5.815
4.25638 5.28228
3.79099 4.70921
3.77768 4.69811
4.78755 5.81212
3.97515 5.01038
4.75725 5.78347
4.84194 5.86517
4.78124 5.80758
3.81828 4.78346
4.01836 4.95978
3.9373 4.97238
3.93067 4.96595
3.78911 4.75668
4.79618 5.82175
3.92796 4.96312
4.7936 5.81931
3.7958 4.71408
4.76037 5.78733
3.93312 4.96834
4.24305 5.26942
4.8132 5.83637
4.7925 5.818
4.23954 5.26607
3.80756 4.7728
4.78575 5.81185
4.78023 5.80629
3.82091 4.78578
4.77729 5.80239
4.75854 5.78471
3.82283 4.78612
4.79312 5.81883
4.72165 5.74984
4.24864 5.27481
3.9227 4.95734
4.78754 5.81354
4.78417 5.81004
3.79928 4.76541
4.77592 5.8011
3.77739 4.69856
3.78464 4.74139
4.78553 5.81165
4.78853 5.81448
3.79823 4.76446
4.78951 5.81541
3.96749 5.00294
3.79614 4.75507
3.9282 4.96337
3.92346 4.95899
4.79149 5.81728
4.79222 5.81797
3.77694 4.69822
4.77236 5.79878
3.78261 4.73953
3.92364 4.95917
4.77681 5.80194
4.7934 5.81911
3.86874 4.77175
4.78817 5.81415
4.82078 5.84499
3.93195 4.96719
4.78271 5.80864
4.79036 5.81622
4.78026 5.80665
3.87604 4.77746
3.78993 4.7472
3.78552 4.74265
4.78969 5.81559
3.92936 4.96469
3.92983 4.96513
3.87343 4.77543
4.7962 5.82177
4.74435 5.77129
3.79229 4.75863
4.77753 5.80262
3.78411 4.74082
3.81946 4.78453
4.76811 5.79371
4.25527 5.28119
4.77587 5.80104
3.79079 4.74911
4.05098 5.08379
3.78548 4.74261
4.78464 5.81048
3.77897 4.6998
3.81965 4.78468
4.86504 5.88533
3.97166 5.00698
4.24964 5.27577
3.79174 4.71084
3.79725 4.76357
4.8622 5.88265
4.81451 5.83761
4.55014 5.56432
3.87152 4.77394
3.78535 4.74218
3.7956 4.75446
3.78759 4.74504
4.77703 5.80216
4.15512 5.18476
3.95765 4.90644
3.93174 4.96699
4.78319 5.8091
4.82325 5.84586
4.7566 5.78285
3.92765 4.96283
4.77653 5.80167
4.20868 5.23636
3.79914 4.76542
4.78625 5.81089
3.98102 5.01456
4.84059 5.86224
4.79352 5.81777
3.79345 4.75207
4.86502 5.88531
4.78102 5.80703
4.77291 5.79824
3.79815 4.76455
3.92812 4.96328
3.97519 5.0104
3.85078 4.81561
4.78208 5.80803
3.9727 5.00799
3.82314 4.78777
4.77646 5.80161
4.77085 5.79631
3.91908 4.95388
4.77861 5.80473
4.82521 5.84772
4.7764 5.80155
3.82221 4.78695
3.94845 4.98451
3.90149 4.87108
4.83117 5.85335
4.77638 5.80156
3.87057 4.82998
4.84892 5.87011
4.78384 5.80971
3.79874 4.76491
3.81048 4.77432
4.74654 5.77335
3.93884 4.88993
4.25381 5.27978
4.77171 5.79711
4.11018 5.14142
4.85935 5.87996
3.97742 5.01109
4.75372 5.78013
4.77132 5.79674
3.90763 4.87776
4.77662 5.80175
3.97338 5.00865
3.79107 4.75839
3.9207 4.95633
3.77957 4.70027
4.7874 5.81198
3.79418 4.75288
3.79547 4.76137
3.92481 4.96004
3.78459 4.74135
3.92731 4.96249
4.76451 5.79034
3.80123 4.76726
4.7629 5.78975
3.78513 4.74193
4.78198 5.80686
3.77765 4.69808
3.96252 4.91073
4.77282 5.79818
4.76915 5.79473
3.85725 4.76278
4.77706 5.80221
3.96172 4.91004
3.92806 4.96323
4.78861 5.81312
3.77829 4.69911
3.97641 4.92296
4.77961 5.80462
3.97266 5.00795
3.9261 4.96153
4.78297 5.8078
4.78196 5.80684
3.94588 4.89611
3.98472 5.01966
4.06827 5.1005
3.77841 4.69921
3.79691 4.76346
4.78585 5.81052
3.78622 4.70467
4.77168 5.79709
4.78584 5.81051
4.76162 5.7876
3.86162 4.7662
3.7985 4.76484
4.29449 5.31897
3.79673 4.76311
4.76908 5.79465
3.79367 4.75231
4.77343 5.79875
4.77522 5.80042
3.77962 4.70031
4.28026 5.30528
3.85828 4.82386
3.87743 4.77855
4.25652 5.2824
3.94805 4.9828
4.7775 5.8026
3.93797 4.97303
3.7975 4.7638
4.76255 5.78847
3.79618 4.76198
4.77054 5.79602
4.77432 5.79959
4.76791 5.79353
4.77638 5.8026
4.01467 5.04867
3.96663 5.00069
4.76887 5.79444
3.92807 4.96324
4.77314 5.79848
3.78494 4.74172
4.7758 5.80098
3.78561 4.74276
3.79619 4.76198
4.77431 5.79959
4.7765 5.80163
4.77626 5.80143
3.92325 4.9579
4.77656 5.80171
3.88478 4.78432
3.81686 4.78223
4.77691 5.80204
3.93193 4.96717
4.76217 5.78809
3.79025 4.70966
4.77406 5.79933
3.93156 4.96681
3.9737 5.00896
3.78565 4.7428
4.77576 5.80093
4.76396 5.78979
3.79863 4.76499
4.78338 5.8093
4.4964 5.51283
4.25291 5.27892
3.79479 4.75355
4.77615 5.8013
4.77074 5.7962
3.92955 4.9647
4.7745 5.79974
4.77388 5.79916
3.77908 4.69977
4.77479 5.80002
3.965 5.00054
3.87148 4.83833
4.77132 5.79674
3.97259 5.00788
4.77689 5.80201
4.77488 5.80012
4.77501 5.80024
3.92752 4.96269
3.7767 4.69735
3.9525 4.98844
4.77528 5.80049
4.23841 5.26498
3.78469 4.74171
4.79161 5.81716
4.77717 5.80228
3.95845 4.9942
3.79114 4.71038
3.95616 4.90513
4.77983 5.80592
4.78326 5.80916
3.92472 4.95928
3.78507 4.74186
4.78277 5.80871
4.79214 5.81767
4.84176 5.865
3.79188 4.71098
4.77107 5.79754
3.79858 4.76492
4.75537 5.78256
4.84096 5.86424
3.77346 4.69551
3.93 4.96529
4.79568 5.82105
3.7987 4.76489
3.77927 4.70006
3.77845 4.69939
4.78361 5.8095
3.92796 4.96337
3.79972 4.76594
4.84335 5.86651
4.2494 5.27556
3.86435 4.76832
4.78376 5.80967
3.78819 4.70804
3.79583 4.76168
3.79871 4.76504
4.78511 5.81094
4.18503 5.21357
3.7786 4.69937
3.8913 4.85997
4.84389 5.86702
4.80735 5.83218
3.7925 4.71145
4.80497 5.82991
3.79596 4.76178
3.81583 4.78131
4.8088 5.83357
3.79852 4.76487
4.78427 5.81013
4.82471 5.84874
3.9257 4.96023
4.78382 5.8097
3.98691 5.02178
3.77943 4.70015
4.77835 5.80448
3.97775 5.01292
4.78496 5.81079
4.78434 5.81019
4.81673 5.84113
4.82997 5.85376
4.05804 5.09061
3.77834 4.69916
4.76436 5.79114
3.7918 4.71089
3.92708 4.96227
4.78937 5.81502
3.88584 4.78515
4.82463 5.84866
3.81437 4.77531
3.82488 4.7893
4.79097 5.81654
3.93132 4.96661
4.83798 5.8614
3.77755 4.69801
4.83597 5.85948
3.80683 4.77218
3.79352 4.75214
4.83624 5.85973
4.78403 5.8099
4.78058 5.80661
3.9522 4.90166
3.78566 4.74282
4.78665 5.81242
4.78336 5.80928
4.77634 5.80258
3.96457 5.00011
3.97319 5.00846
3.77896 4.69967
3.87711 4.7783
4.76523 5.79197
3.77838 4.69919
4.78435 5.81021
3.97858 5.01221
4.78471 5.81057
4.78439 5.81024
3.97389 5.00914
3.79339 4.76012
4.24628 5.27253
4.78641 5.81219
3.98626 5.02115
4.78939 5.81503
3.79341 4.75203
3.95736 4.99314
3.77836 4.69917
4.78422 5.81008
4.25307 5.27909
4.79044 5.81604
3.79029 4.7476
3.97998 5.01507
3.78904 4.75662
4.79223 5.81775
3.79734 4.763
4.77442 5.80073
3.95996 4.99564
4.76907 5.79563
4.78396 5.80983
3.93104 4.9663
4.78461 5.81046
4.78306 5.80897
3.84716 4.81163
4.77858 5.80471
4.77916 5.80525
3.92469 4.95925
4.78474 5.81058
3.92417 4.95875
4.77624 5.80246
3.84165 4.80558
4.0696 5.10179
3.78978 4.70929
3.82093 4.7858
4.78411 5.80998
3.91887 4.95367
4.78417 5.81004
4.78155 5.80753
3.97183 5.00716
3.91055 4.88093
3.79292 4.75147
4.78501 5.81084
3.80232 4.76821
4.78461 5.81046
3.93125 4.96652
3.82032 4.78525
4.77798 5.80413
4.78478 5.81062
4.78415 5.81001
4.78392 5.80979
4.77838 5.8045
3.97199 5.0073
3.77705 4.69763
4.7836 5.80948
3.94651 4.89669
4.25827 5.28408
4.77597 5.80221
3.80718 4.77249
4.78048 5.80651
4.78247 5.80841
3.78512 4.74279
3.97398 5.00922
3.79842 4.76478
4.78431 5.81016
4.78419 5.81005
4.7841 5.80996
4.25501 5.28093
3.79547 4.76137
4.77874 5.80485
3.79764 4.76325
4.78502 5.81085
3.86789 4.8272
4.78517 5.81099
4.29405 5.31855
3.87168 4.77406
4.7844 5.81025
3.92814 4.96259
4.78334 5.80925
4.78501 5.81084
4.78352 5.80941
4.78334 5.80924
3.93694 4.88827
4.78426 5.81012
3.87646 4.7778
4.05923 5.09176
3.79931 4.76556
3.92395 4.95855
4.78478 5.81062
3.93056 4.96585
4.7851 5.81092
3.81796 4.78317
4.23616 5.26281
3.77921 4.69999
3.79759 4.76405
4.78511 5.81094
3.77715 4.6977
3.87615 4.77754
3.92826 4.96342
3.92572 4.96024
3.9543 4.9877
3.87696 4.77818
4.23248 5.25931
4.07227 5.10437
3.78499 4.74178
3.94639 4.98117
3.78736 4.74478
4.54214 5.55666
3.92715 4.96256
3.91154 4.94751
3.78511 4.74191
4.543 5.55749
3.95251 4.98598
3.94779 4.98254
4.45686 5.47492
4.23028 5.25715
3.93176 4.96701
3.799 4.76529
3.92466 4.95922
3.92302 4.95767
3.92987 4.96501
3.79314 4.75173
3.85121 4.81609
4.25717 5.28303
3.95178 4.90134
4.24165 5.26808
3.97202 5.00734
4.07218 5.10474
4.50745 5.52342
3.975 5.01023
3.93074 4.96586
3.79106 4.74843
4.22834 5.25529
3.7934 4.75146
4.48319 5.50017
3.84855 4.81316
3.80157 4.76756
4.54068 5.55526
4.55276 5.56683
3.91359 4.94861
3.79629 4.76207
3.9231 4.95772
3.79603 4.76183
3.86747 4.82683
4.25074 5.27683
3.79738 4.76369
3.83734 4.80029
4.25183 5.2779
3.91547 4.9513
3.92743 4.96261
4.38169 5.40278
4.29582 5.32024
4.23574 5.26239
3.87369 4.77562
3.93136 4.96663
4.41083 5.43075
3.97392 5.00917
3.97177 5.00709
3.94964 4.98323
3.9211 4.9558
4.05435 5.08705
3.92821 4.96338
4.19085 5.21917
4.25889 5.28469
3.93053 4.96566
3.9329 4.96946
3.79408 4.76019
3.93395 4.97046
3.78969 4.74736
3.87691 4.77815
4.07448 5.10696
3.92591 4.96043
3.96828 5.0037
3.82581 4.79012
4.28749 5.31223
3.96699 5.00104
3.97306 5.00834
4.22957 5.25645
3.86529 4.82491
3.91973 4.9554
4.46862 5.4862
4.22636 5.25338
3.78518 4.74199
4.53814 5.55283
3.97077 5.00612
3.85842 4.82402
3.79257 4.7115
3.82033 4.78527
4.14784 5.17773
3.84527 4.80956
3.77822 4.69921
3.92992 4.96506
3.92646 4.96167
3.78538 4.7425
3.97362 5.00889
3.92251 4.95715
4.25211 5.27821
3.92794 4.96311
3.79639 4.7628
4.31173 5.33556
3.81707 4.78239
3.7855 4.74263
4.25811 5.28393
3.79476 4.75351
3.98428 5.01924
3.92722 4.9624
3.92797 4.96313
4.13594 5.16626
3.92572 4.96024
4.14508 5.1751
4.41697 5.43665
4.37735 5.39861
4.24441 5.27075
3.92082 4.95556
3.93078 4.96606
3.9699 5.00528
3.79654 4.76294
3.97326 5.00853
3.79487 4.75364
3.79749 4.76379
4.13204 5.16252
3.96993 4.91728
4.25265 5.27868
3.77784 4.69874
3.92824 4.96341
4.41737 5.43703
4.2461 5.27237
4.19515 5.22334
4.2732 5.29849
3.97459 5.00983
4.48646 5.50331
3.78525 4.74235
3.77708 4.69834
4.55411 5.56813
3.93091 4.96622
3.97375 5.00904
3.97349 5.00875
3.79894 4.76524
3.97362 5.00889
3.9277 4.96288
4.1886 5.21704
4.24832 5.2745
3.77929 4.70004
3.7958 4.75412
4.35739 5.37944
3.97119 5.00653
3.92417 4.95874
3.95484 4.90398
3.92673 4.96214
3.84954 4.81426
3.79684 4.7632
3.92739 4.96279
4.37006 5.39161
3.7975 4.7638
3.80196 4.7691
4.43724 5.4561
3.92782 4.96299
3.96541 5.00094
4.25242 5.27846
4.21862 5.24592
3.93009 4.9654
3.81529 4.72949
4.49301 5.50958
3.8183 4.78217
4.25702 5.28289
3.96027 4.90877
3.97423 5.00948
4.45647 5.47455
3.79382 4.71141
3.9256 4.96013
3.78493 4.74208
3.88408 4.78377
4.48626 5.50312
3.79515 4.76194
4.25443 5.28039
3.79676 4.76314
4.25023 5.27639
3.91295 4.95011
3.79371 4.75984
3.92599 4.9612
3.92773 4.9629
3.96982 5.00522
3.93191 4.96715
3.77733 4.69784
4.52509 5.54033
4.52325 5.53856
3.96176 4.99741
3.79709 4.76343
4.5132 5.52894
3.84966 4.81438
3.92833 4.96349
3.97293 5.00825
3.79725 4.76358
3.79664 4.76304
4.51102 5.52684
3.8589 4.82454
3.78604 4.74324
3.92838 4.96354
3.93195 4.96719
3.93891 4.97386
4.17908 5.20783
3.87186 4.77421
4.51451 5.53019
3.82569 4.79002
3.79749 4.76379
4.22509 5.25214
3.93092 4.9662
3.77994 4.70057
4.54883 5.56307
4.29182 5.3164
3.92359 4.95915
3.78516 4.74197
3.9406 4.97691
4.26659 5.29213
3.79681 4.75581
3.78231 4.73919
4.21102 5.23859
3.78615 4.74343
4.23834 5.26494
4.2501 5.27626
3.79869 4.76502
3.92686 4.96205
4.29134 5.31593
3.93494 4.96997
3.96763 5.00309
4.15947 5.18895
3.82045 4.78538
3.92312 4.95774
3.81832 4.78218
3.97434 5.00959
3.91474 4.9506
3.77478 4.69626
3.92591 4.96042
4.25332 5.27932
4.25268 5.2787
4.28018 5.30521
3.79108 4.74846
3.79584 4.7617
4.243 5.26939
3.91451 4.9495
3.94235 4.97722
3.77851 4.69946
3.97424 5.00949
4.23446 5.26121
3.81604 4.78148
3.97525 5.01046
3.9442 4.97904
4.2305 5.25739
3.92509 4.95964
3.9185 4.95332
4.2512 5.27729
3.77827 4.69909
3.93204 4.96728
3.95845 4.9928
3.79898 4.76527
3.97157 5.00693
3.77794 4.69883
4.24281 5.26921
3.79135 4.71053
3.79449 4.75322
3.925 4.95955
4.23689 5.26355
3.79646 4.76286
3.94108 4.97502
3.92583 4.96034
3.81253 4.77713
3.82096 4.78582
4.29536 5.31981
3.97209 5.0074
3.92544 4.96068
3.97385 5.0091
3.92549 4.96001
3.97306 5.00833
3.77711 4.69816
3.78499 4.74178
3.79796 4.76422
3.92531 4.95984
3.92569 4.9609
3.97377 5.00903
3.79098 4.7092
3.93162 4.96687
3.82015 4.7851
3.93094 4.96621
4.26538 5.29096
4.27658 5.30174
3.79533 4.75416
4.27544 5.30065
3.82012 4.78508
3.92477 4.95934
3.92416 4.95875
3.8196 4.78462
3.92509 4.95967
3.9643 4.99986
3.81025 4.77412
3.94845 4.98315
3.8262 4.79047
4.28553 5.31035
3.96947 5.00486
3.78508 4.74187
4.28218 5.30713
4.28145 5.30642
3.7851 4.7419
3.97437 5.00961
3.77907 4.6999
3.93098 4.96624
3.92502 4.96026
3.96572 5.00126
3.92836 4.96353
3.96434 4.9999
3.92345 4.95808
4.28261 5.30754
3.93119 4.96645
3.92074 4.95546
3.78545 4.74257
3.92763 4.96281
3.92564 4.96016
3.78561 4.74276
3.96215 4.91041
3.92905 4.96346
3.78572 4.74295
4.23772 5.2643
3.79542 4.76131
3.77566 4.69656
4.23895 5.26549
4.29054 5.31517
3.79411 4.71164
3.91307 4.86733
4.04117 5.07431
4.29446 5.31894
4.20541 5.2332
3.93045 4.96575
3.7986 4.76479
3.78628 4.74357
3.92945 4.96384
4.17869 5.20746
3.7785 4.69929
4.25881 5.28461
3.77819 4.69921
3.9308 4.96592
4.25312 5.27911
4.24477 5.2711
3.98056 5.01413
3.86811 4.77126
3.9786 5.01224
3.85077 4.81559
3.95488 4.98826
4.20849 5.23616
3.77818 4.69919
3.77843 4.69923
3.78512 4.74192
3.9358 4.97093
3.79453 4.75326
3.93183 4.96707
3.98705 5.02192
4.2581 5.28392
4.2417 5.26812
3.95541 4.98877
3.96989 5.00527
3.88861 4.7873
4.22623 5.25325
3.79399 4.75211
3.8041 4.76973
3.78565 4.74288
3.79599 4.7549
3.97253 5.00783
4.23582 5.26246
3.7865 4.70488
3.78746 4.74489
4.18867 5.21708
3.92382 4.95841
3.92661 4.96182
3.92442 4.95992
3.79738 4.76369
4.21451 5.24195
3.97861 4.92489
3.93143 4.96668
3.85552 4.8163
3.79403 4.7527
4.23189 5.25869
3.79513 4.76106
4.24774 5.27396
3.87715 4.77834
4.04105 5.07418
3.79288 4.75913
4.24689 5.27313
3.7794 4.70013
3.93096 4.96624
3.78551 4.74263
3.798 4.76425
3.79929 4.76554
4.25879 5.2846
3.78588 4.74313
3.93048 4.96561
3.796 4.7549
3.9109 4.9469
3.7959 4.76173
3.97144 5.00678
4.05796 5.09054
3.81726 4.78259
4.2472 5.27344
4.25124 5.27733
3.798 4.76425
3.92642 4.96185
3.78252 4.70184
3.94354 4.97839
3.796 4.76182
3.94084 4.97581
3.87633 4.77769
3.81628 4.7817
4.25501 5.28094
3.93559 4.97073
3.85054 4.81535
3.97358 5.00883
3.98124 5.01478
3.97492 5.01015
3.79607 4.76188
4.2493 5.27544
3.77846 4.69925
3.92826 4.96363
3.87566 4.77717
3.82085 4.78573
4.25629 5.28218
3.92995 4.96509
3.92802 4.96247
3.85104 4.8159
3.80762 4.77285
3.78547 4.7426
3.82262 4.78594
4.24664 5.27289
4.25723 5.28308
3.79611 4.75446
3.86787 4.77109
3.92821 4.96337
4.20722 5.23493
4.23817 5.26473
3.79399 4.76009
3.7901 4.75754
4.25252 5.27854
3.7794 4.70015
3.79806 4.76361
3.92808 4.96346
3.96602 5.0001
4.25541 5.28132
3.96176 4.99599
3.79478 4.75354
3.77605 4.6973
4.237 5.26361
3.92657 4.96177
3.80648 4.76656
3.97924 5.01286
3.9259 4.96042
3.79599 4.7618
4.23773 5.26431
3.79697 4.76354
4.25421 5.28017
4.24372 5.27007
3.88645 4.78562
4.06832 5.10055
3.77936 4.70009
3.96925 5.00464
3.81248 4.77838
3.98309 5.01809
4.0633 5.0957
4.06039 5.09289
3.98572 5.02063
3.79604 4.76186
3.82208 4.73484
4.25232 5.27835
3.92319 4.95781
4.25145 5.27751
3.92993 4.96524
4.25251 5.27853
3.95281 4.9022
3.93139 4.96664
3.84791 4.81246
3.92085 4.95557
4.22703 5.25401
3.92383 4.95845
3.7992 4.76547
3.96097 4.90936
4.25346 5.27946
3.94305 4.9769
4.22719 5.25416
3.96813 5.00356
3.9709 5.00625
3.91307 4.949
3.86353 4.82336
3.77953 4.70024
3.92575 4.96027
3.7983 4.76452
3.8 4.76618
3.92736 4.96255
3.92786 4.96303
3.84833 4.81292
3.93074 4.96586
3.95804 4.99379
3.92826 4.9627
3.79733 4.76364
4.25005 5.27617
4.24738 5.2736
3.92914 4.81882
4.25836 5.28418
3.81562 4.78111
3.79081 4.74817
3.93057 4.96569
3.78604 4.74324
3.8087 4.77279
3.79743 4.76373
3.95899 4.90762
4.25092 5.27701
3.80294 4.76262
3.82165 4.73484
3.95527 4.98864
3.7865 4.70488
4.25002 5.27614
4.08694 5.01989
3.92792 4.9631
3.95176 4.98773
4.2589 5.28469
3.96638 5.00191
3.85551 4.76141
3.96789 5.00333
4.04437 5.0774
3.78559 4.74283
3.97501 5.01023
3.98734 5.0222
3.78139 4.70171
3.77625 4.69702
3.80691 4.77225
3.92828 4.96344
3.91001 4.88035
3.79627 4.76206
3.96497 4.99909
3.97493 5.01016
4.01612 5.05007
3.79607 4.76188
3.92561 4.96239
4.07224 5.10434
3.79256 4.71149
4.03875 4.97766
3.97016 5.00554
3.93168 4.96694
3.98704 5.02191
3.93725 4.97368
3.97799 5.01315
3.79056 4.70991
3.97477 5.01
3.93057 4.96589
3.79929 4.76554
4.06527 5.0976
3.97253 5.00787
3.77759 4.69804
4.05104 5.08385
3.97351 5.00879
3.92787 4.96304
4.00802 5.04223
4.01224 5.04632
3.79679 4.76317
3.80083 4.76691
3.80959 4.77581
3.97527 5.01049
4.03463 5.06798
3.97303 5.00832
3.93817 4.97455
3.97176 5.00708
3.92564 4.96017
3.81914 4.7829
3.97501 5.01024
3.785 4.74207
3.92461 4.95917
3.92634 4.96086
3.79473 4.75348
3.97325 5.00852
3.92818 4.96335
4.06392 5.0963
3.97503 5.01025
3.8729 4.77501
4.05996 5.09247
3.94858 4.98463
3.92305 4.95832
4.06396 5.09634
3.92867 4.96384
3.97226 5.00759
3.7839 4.7406
3.91867 4.95438
3.92962 4.96495
3.78567 4.74283
3.92553 4.96006
3.8021 4.76802
3.79905 4.76533
3.93126 4.96652
3.97333 5.0086
3.9827 5.01771
3.77752 4.69798
3.92518 4.9604
3.79744 4.76374
3.81619 4.78165
3.97311 5.0084
3.95381 4.98971
3.86942 4.82897
3.98228 5.0173
3.96704 5.00254
3.97078 5.00613
3.7776 4.69804
3.90092 4.93726
3.79625 4.71443
3.92563 4.96015
3.97463 5.00987
3.95939 4.90804
3.92527 4.95981
3.93279 4.96803
3.77744 4.69842
3.7894 4.74705
3.98616 5.02106
3.78557 4.74271
3.97669 5.01188
3.79614 4.76194
3.82082 4.7857
3.97735 5.01252
3.93078 4.96605
3.95736 4.99175
3.7975 4.7638
3.92855 4.96298
3.97995 5.01505
3.78506 4.74186
3.98406 5.01903
3.98295 5.01795
3.79465 4.7534
3.78377 4.74045
3.93023 4.96556
3.98427 5.01923
3.77941 4.70014
3.87592 4.77737
3.78884 4.74642
3.96565 5.00117
3.96063 4.99631
3.78118 4.70249
3.85764 4.82315
3.92283 4.95748
3.97492 5.01015
3.95056 4.98656
3.92775 4.96292
3.86974 4.77259
3.84835 4.81294
3.78611 4.74332
3.96527 5.00079
3.92726 4.96269
3.947 4.98177
3.92501 4.96024
3.87488 4.77656
3.96727 5.00274
3.96873 5.00416
3.92862 4.96305
3.93059 4.96571
3.97146 5.0068
3.97389 5.00914
3.95796 4.99371
3.97118 5.00651
3.9477 4.98245
3.92786 4.96303
3.96396 4.99952
3.80199 4.76792
3.98058 5.01414
3.90745 4.80198
3.97498 5.0102
3.97403 5.00927
3.79276 4.75905
3.92312 4.95868
3.96813 5.00356
3.78587 4.74313
3.77839 4.69936
3.96192 4.91021
3.97135 5.00668
3.79467 4.75342
3.9721 5.00741
3.78689 4.74426
3.92666 4.96116
3.79094 4.71022
3.97399 5.00925
3.92753 4.9627
3.80696 4.77229
3.85131 4.81619
3.78589 4.74278
3.94569 4.97944
3.79486 4.76143
3.9511 4.98463
3.97519 5.01041
3.92918 4.96451
3.92763 4.96306
3.80212 4.76804
3.9379 4.97296
3.9294 4.96472
3.92474 4.9593
3.7829 4.7395
3.93745 4.97254
3.95967 4.90823
3.9512 4.90079
3.91592 4.95135
3.92951 4.96482
3.979 5.01262
3.9368 4.9719
3.92633 4.96154
3.78763 4.74559
3.92437 4.95894
3.78218 4.70328
3.92291 4.95754
3.95252 4.98599
3.95421 4.98762
3.97708 5.01077
3.93893 4.97388
3.92584 4.96036
3.79744 4.76308
3.78706 4.75413
3.92851 4.96386
3.92641 4.96162
3.79744 4.76374
3.92141 4.95704
3.92825 4.96362
3.95057 4.98519
3.94494 4.97975
3.79847 4.76482
3.95178 4.98636
3.93133 4.96659
3.77644 4.69761
3.93202 4.96726
3.93204 4.96727
3.77874 4.69894
3.91353 4.94943
3.97346 5.00728
4.1044 5.03518
3.95838 4.99274
3.87717 4.77835
3.78518 4.74199
3.97162 5.0055
3.87764 4.77872
3.96942 5.00338
3.93498 4.97014
3.92873 4.96407
3.7973 4.76362
3.96993 5.00388
3.77751 4.69799
3.79518 4.76172
3.93692 4.97201
3.78559 4.74273
3.9764 5.01012
3.97442 5.00821
3.78616 4.74344
3.80544 4.77092
3.93144 4.9667
3.77857 4.6988
3.98036 5.01393
3.92774 4.96291
3.87522 4.77681
3.78899 4.74658
3.92477 4.95932
3.92252 4.95716
3.92406 4.95957
3.78596 4.74315
3.91142 4.94739
3.9319 4.96715
3.92524 4.95979
3.92861 4.96399
3.92473 4.96024
3.84921 4.81389
3.81708 4.7824
3.92541 4.95993
3.93819 4.97324
3.9312 4.96647
3.931 4.96627
3.78739 4.70739
3.86051 4.8207
3.9299 4.96521
3.92135 4.95698
3.82021 4.78519
3.77958 4.70028
3.93443 4.96961
3.92837 4.96376
3.93752 4.9726
3.9317 4.96697
3.93811 4.97317
3.96287 4.91104
3.77711 4.69766
3.92581 4.96033
3.79691 4.76347
3.93425 4.96944
3.9348 4.96996
3.85093 4.81578
3.78616 4.74344
3.93648 4.97159
3.93656 4.97156
3.93599 4.97112
3.93659 4.97169
3.84763 4.81215
3.78629 4.70472
3.79708 4.76341
3.92871 4.96406
3.92696 4.96215
3.93797 4.97302
3.93107 4.96633
3.78461 4.74162
3.77987 4.70146
3.78567 4.74282
3.92968 4.96501
3.88835 4.7871
3.77844 4.69871
3.92532 4.9608
3.92367 4.9592
3.79201 4.71106
3.92033 4.95599
3.92787 4.96304
3.92661 4.96205
3.93173 4.96698
3.87085 4.77341
3.92862 4.96398
3.85053 4.81534
3.92881 4.96417
3.78553 4.70593
3.92464 4.96013
3.78457 4.74132
3.92679 4.96198
3.92952 4.96485
3.92935 4.96468
3.84373 4.80786
3.79267 4.75978
3.93076 4.96605
3.92501 4.95958
3.79771 4.76331
3.93191 4.96716
3.92012 4.95546
3.79616 4.76196
3.92803 4.96319
3.93773 4.97181
3.92907 4.9644
3.7857 4.74294
3.92858 4.96393
3.79475 4.75352
3.87541 4.77697
3.93123 4.96649
3.78208 4.7022
3.78524 4.74234
3.79704 4.76338
3.92742 4.96281
3.78453 4.74128
3.92674 4.96195
3.9385 4.97346
3.77388 4.69671
3.91951 4.9543
3.79574 4.76222
3.84875 4.81337
3.93033 4.96562
3.90722 4.9425
3.92839 4.96374
3.92851 4.96386
3.79605 4.76185
3.79717 4.76349
3.93126 4.96651
3.9305 4.96578
3.81777 4.73144
3.93044 4.96572
3.79624 4.76203
3.84926 4.81393
3.93004 4.96534
3.78271 4.73963
3.80486 4.76948
3.93074 4.96601
3.77327 4.69537
3.79147 4.74986
3.92412 4.95938
3.9316 4.96685
3.93097 4.96624
3.77691 4.69754
3.93127 4.96652
3.77844 4.69923
3.9256 4.96013
3.93017 4.96547
3.93113 4.9664
3.78469 4.74146
3.92916 4.9645
3.92553 4.96005
3.92939 4.96472
3.94221 4.97708
3.87013 4.82917
3.92427 4.95886
3.92675 4.96217
3.9318 4.96705
3.93208 4.96732
3.93049 4.96578
3.87332 4.77535
3.93056 4.96585
3.7781 4.69895
3.78603 4.7433
3.80899 4.77304
3.92991 4.96521
3.78731 4.74469
3.92232 4.95698
3.93012 4.96542
3.81631 4.73029
3.93071 4.96599
3.93207 4.9673
3.95418 4.9034
3.931 4.96627
3.79803 4.76444
3.92584 4.96036
3.7905 4.70988
3.92529 4.95982
3.8016 4.76115
3.93202 4.96726
3.78612 4.74341
3.78875 4.74591
3.94664 4.98036
3.92914 4.96355
3.92296 4.95758
3.95407 4.98748
3.93817 4.97222
3.92568 4.9602
3.92757 4.96275
3.86697 4.77037
3.9531 4.90247
3.91102 4.94615
3.77949 4.7002
3.94686 4.98056
3.95381 4.98723
3.93117 4.96551
3.79469 4.76069
3.92565 4.96018
3.86925 4.82839
3.955 4.98838
3.9273 4.96248
4.07493 5.00937
3.92533 4.95987
3.95291 4.98637
3.92736 4.96254
3.87961 4.78029
3.79746 4.76376
3.92456 4.95912
3.79299 4.75102
3.92535 4.95988
3.78606 4.74326
3.96624 4.84748
3.92549 4.96002
3.95072 4.98427
3.79903 4.76531
3.92722 4.9617
3.92361 4.95823
3.9262 4.96141
3.93574 4.96989
3.7981 4.76365
3.93701 4.97111
3.94174 4.97565
3.87536 4.77694
3.79342 4.76014
3.89935 4.85529
3.92546 4.96001
3.77769 4.69812
3.91478 4.94976
3.77592 4.69742
3.91886 4.95367
3.9255 4.96002
3.77887 4.69959
3.79625 4.76204
3.91551 4.95046
3.79873 4.76505
3.94628 4.98001
3.84592 4.81026
3.9493 4.9829
3.94565 4.9794
3.9239 4.95849
3.78805 4.74553
3.94863 4.98226
3.92811 4.96327
3.92882 4.96324
3.91451 4.80747
3.95132 4.98484
3.82641 4.79066
3.95312 4.98656
3.95145 4.98497
3.94095 4.8918
3.92486 4.95941
3.92377 4.95836
3.79123 4.71043
3.92905 4.96346
3.92585 4.87854
3.9215 4.95621
3.92954 4.96393
3.78684 4.7447
3.78796 4.74542
3.92958 4.96397
3.78553 4.74266
3.92798 4.96315
3.796 4.76244
3.91947 4.95426
3.79577 4.76161
3.93745 4.88875
3.92486 4.95941
3.79292 4.71071
3.78123 4.70159
3.92551 4.96004
3.84784 4.75542
3.9248 4.95938
3.81714 4.78246
3.92762 4.9628
3.79915 4.76542
3.92733 4.96181
3.92502 4.95959
3.92305 4.9577
3.92369 4.95831
3.78104 4.70144
3.78546 4.74231
3.7781 4.69897
3.92569 4.96023
3.96239 4.91062
3.92494 4.9595
3.7989 4.7652
3.92654 4.96105
3.92754 4.96202
3.92802 4.96248
3.92732 4.9618
3.92822 4.96266
3.78167 4.70187
3.93083 4.96595
3.79528 4.7612
3.92861 4.96304
3.92532 4.96055
3.92531 4.95984
3.85182 4.81675
3.9246 4.95917
3.86247 4.76688
3.92152 4.95622
3.92541 4.96063
3.94716 4.98192
3.92507 4.95961
3.81231 4.7782
3.92583 4.96035
3.92087 4.95559
3.78553 4.70495
3.92362 4.95823
3.79659 4.76298
3.92264 4.95728
3.92546 4.96068
3.799 4.76529
3.92295 4.95759
3.77819 4.69903
3.92438 4.95896
3.92477 4.95933
3.92542 4.95996
3.92552 4.96005
3.92564 4.96017
3.92469 4.95924
3.92525 4.95978
3.9237 4.9583
3.8766 4.7779
3.79871 4.76489
3.78513 4.74193
3.92779 4.96298
3.77566 4.69657
3.92538 4.95991
3.92358 4.95818
3.80242 4.76738
3.92542 4.95994
3.92483 4.95938
3.92463 4.95918
3.78987 4.75735
3.92759 4.96277
3.92523 4.95976
3.85153 4.81643
3.79681 4.76338
3.92493 4.95947
3.92762 4.9628
3.92543 4.95995
3.92377 4.95837
3.92272 4.95735
3.92496 4.95951
3.78459 4.74134
3.93028 4.96541
3.925 4.95955
3.79622 4.76201
3.92546 4.95999
3.92571 4.96023
3.80073 4.76683
3.79627 4.76206
3.84755 4.81206
3.93071 4.96584
3.94731 4.98207
3.85332 4.81842
3.95814 4.90689
3.91846 4.95384
3.78506 4.74186
3.92383 4.95909
3.81531 4.72951
3.79495 4.75374
3.78834 4.74546
3.82296 4.78623
3.94699 4.98176
3.96144 4.84379
3.92806 4.96322
3.86631 4.8258
3.92731 4.96249
3.92078 4.95612
3.92893 4.96409
3.82201 4.78677
3.92749 4.96266
3.92792 4.9631
3.92837 4.96353
3.95959 4.90815
3.79426 4.75296
3.94796 4.98271
3.77811 4.69897
3.80722 4.77253
3.7958 4.76165
3.93578 4.9708
3.93499 4.97002
3.93627 4.97127
3.81747 4.78274
3.94157 4.97646
3.78945 4.74711
3.80699 4.77232
3.92612 4.96132
3.92097 4.95629
3.92368 4.95895
3.92145 4.95677
3.94154 4.97643
3.78637 4.74367
3.94353 4.97837
3.94599 4.98079
3.94518 4.97999
3.87399 4.77586
3.94541 4.98022
3.78511 4.74191
3.95524 4.90434
3.81981 4.78482
3.927 4.9622
3.79604 4.76185
3.94612 4.98091
3.8052 4.76977
3.86909 4.77204
3.92801 4.96318
3.92686 4.96205
3.92888 4.96404
3.77709 4.69834
3.9279 4.96307
3.79132 4.70946
3.78599 4.74319
3.77822 4.69906
3.92778 4.96297
3.93048 4.9656
3.91102 4.80476
3.93053 4.96566
3.92174 4.95705
3.928 4.96317
3.81996 4.78494
3.92979 4.96493
3.77917 4.69995
3.92933 4.96448
3.87998 4.78057
3.82072 4.78561
3.9269 4.96211
3.80248 4.71937
3.87639 4.77774
3.79597 4.76179
3.92823 4.96341
3.7849 4.74168
3.92813 4.96329
3.9288 4.96396
3.92932 4.96448
3.93015 4.96528
3.88198 4.78213
3.95896 4.90761
3.93019 4.96532
3.92704 4.96223
3.93019 4.96532
3.97162 4.91876
3.92302 4.9583
3.87072 4.7733
3.79726 4.76358
3.92833 4.9635
3.92769 4.96286
3.88716 4.78618
3.86331 4.82317
3.92345 4.95871
3.92639 4.96159
3.7854 4.70404
3.79137 4.75831
3.92729 4.96248
3.95879 4.90746
3.92811 4.96327
3.92803 4.9632
3.92812 4.96329
3.79257 4.7115
3.92718 4.96236
3.86295 4.82285
3.92833 4.9635
3.8196 4.78466
3.9282 4.96337
3.92755 4.96273
3.92699 4.96217
3.92652 4.96172
3.92494 4.96017
3.78073 4.70111
3.79718 4.7635
3.92787 4.96303
3.92814 4.9633
3.81925 4.78432
3.92723 4.96241
3.78592 4.7428
3.92683 4.96202
3.92696 4.96215
3.78568 4.74283
3.92806 4.96322
3.87594 4.77737
3.92775 4.96292
3.79723 4.76355
3.805 4.77053
3.92783 4.96299
3.92793 4.9631
3.9281 4.96326
3.79163 4.71075
3.80055 4.76667
3.8177 4.78296
3.92806 4.96323
3.79485 4.76083
3.92803 4.96319
3.92834 4.9635
3.81331 4.77908
3.79646 4.75542
3.92626 4.96146
3.85166 4.81657
3.94848 4.89841
3.9282 4.96336
3.79097 4.71023
3.92839 4.96355
3.92778 4.96295
3.82065 4.78422
3.92751 4.96269
3.9276 4.96278
3.92834 4.9635
3.92778 4.96295
3.79731 4.76363
3.92795 4.96312
3.7965 4.7629
3.92809 4.96325
3.79481 4.7608
3.81922 4.78428
3.92825 4.96341
3.92836 4.96353
3.77831 4.69912
3.92837 4.96353
3.79746 4.76376
3.96699 4.9147
3.97464 4.92141
3.96078 4.90919
3.79794 4.76351
3.98036 4.92643
3.82641 4.78879
3.79144 4.71061
3.80129 4.76732
4.06656 5.00203
3.79732 4.76385
4.10484 5.03556
4.06176 4.99783
3.95416 4.90339
3.7965 4.76227
3.97902 4.92527
3.77917 4.69998
4.08706 5.01999
3.79568 4.76153
3.94751 4.89756
3.78694 4.75403
3.78139 4.70171
3.79131 4.75779
4.1084 5.03868
3.96135 4.90971
3.79589 4.76172
4.10971 5.03983
3.79488 4.76085
3.79542 4.76131
3.9616 4.90992
3.77777 4.69817
3.95925 4.90787
3.79705 4.76339
3.79534 4.75417
3.82166 4.78646
3.86235 4.82232
3.98124 4.9272
3.7784 4.69868
3.79733 4.76364
3.8207 4.78559
3.78383 4.70363
3.7786 4.69937
3.79931 4.76556
4.04856 4.98626
3.78641 4.74372
3.81898 4.78408
3.84834 4.81293
3.80532 4.77082
3.88842 4.84568
3.92876 4.88109
3.96278 4.91096
3.78495 4.74174
3.79978 4.76719
3.7942 4.75289
3.79446 4.7532
3.95636 4.90532
3.7932 4.76024
3.96292 4.91108
3.79629 4.76207
3.97708 4.92355
3.94928 4.8991
3.81683 4.78088
3.94812 4.89808
3.95486 4.90399
3.84952 4.81102
4.06765 5.00299
3.79179 4.71088
3.79725 4.76359
3.79663 4.76323
4.10241 5.03343
3.81872 4.78384
3.93706 4.82495
3.78599 4.74325
3.82014 4.78511
3.81907 4.78416
3.79404 4.76099
3.95902 4.90766
3.7776 4.69855
3.79731 4.76362
3.96042 4.9089
3.9892 4.9342
4.10837 5.03865
3.77737 4.69786
3.79485 4.76142
3.81097 4.77475
3.82547 4.78983
3.77922 4.69988
3.78322 4.74004
3.79695 4.7633
3.79389 4.75255
3.9013 4.85699
3.95142 4.90099
3.79875 4.76493
3.8176 4.78286
3.90588 4.86102
4.0979 5.02949
3.79893 4.76522
3.82 4.78498
3.95554 4.90461
3.81741 4.73116
3.81824 4.78343
3.77811 4.69897
3.79873 4.76505
3.90722 4.8018
3.82049 4.78541
3.79612 4.71433
4.04202 4.98053
3.78629 4.74359
3.82369 4.78825
3.79804 4.7636
3.7958 4.76227
3.78986 4.70935
3.7785 4.69928
3.79904 4.76532
3.82063 4.78553
3.79619 4.76199
3.78509 4.74188
3.79459 4.7606
3.77814 4.69915
3.81529 4.78082
3.8474 4.8119
4.11039 5.04042
3.81201 4.77795
3.82008 4.78504
3.82015 4.78511
3.78558 4.74271
4.10248 5.0335
3.92764 4.88013
3.79076 4.74908
3.95749 4.90631
4.01203 4.95423
3.7901 4.70851
3.80043 4.76775
3.79013 4.75678
3.79703 4.76357
4.05196 4.98924
3.79625 4.76204
3.79935 4.7656
4.04182 4.98035
4.06474 5.00044
3.94265 4.89329
3.79406 4.76014
3.79838 4.76475
3.78611 4.74339
3.82646 4.7907
4.07984 5.01367
3.78097 4.70138
3.95677 4.90567
3.85163 4.81655
3.96185 4.91015
3.85029 4.81507
4.06157 4.99766
3.96247 4.91069
3.77951 4.70024
3.95285 4.90224
3.8685 4.77158
3.79752 4.76382
3.79614 4.76194
3.82065 4.78555
3.78688 4.74426
4.07647 5.01071
3.77832 4.69913
3.77762 4.69857
3.79522 4.76114
4.09892 5.03038
3.95987 4.90841
3.95845 4.9072
3.79442 4.75314
3.81825 4.78344
4.09588 5.02772
3.79897 4.76525
4.09496 5.02691
3.81945 4.7845
3.79604 4.76184
4.08884 5.02155
3.78537 4.74248
4.09059 5.02308
3.96148 4.90982
3.86828 4.82754
3.79801 4.76444
4.09594 5.02777
3.79597 4.76179
4.10775 5.03811
3.7993 4.76555
3.79513 4.76194
3.77836 4.69917
3.81421 4.77989
3.80363 4.77057
3.79227 4.75861
3.96663 4.91438
3.90092 4.85665
3.79548 4.76137
3.79683 4.76321
3.79424 4.75294
3.96025 4.90872
3.9525 4.90198
3.79567 4.76152
3.95839 4.90714
3.979 4.92524
3.97642 4.92298
3.81715 4.78247
3.94084 4.89173
3.78459 4.70342
3.79742 4.76373
3.95999 4.90851
3.77823 4.69906
3.85588 4.81662
3.97343 4.92034
3.9587 4.90736
3.85882 4.81921
3.78384 4.70363
3.81983 4.78482
3.96997 4.91731
3.82187 4.78528
3.96497 4.91292
3.84504 4.8093
3.79258 4.75888
3.94846 4.89842
3.78679 4.74465
3.80633 4.77173
3.95894 4.90759
3.79935 4.7656
3.97925 4.92545
3.96063 4.90911
3.79625 4.76203
3.96503 4.91298
3.90264 4.87233
3.78509 4.74217
3.98102 4.92701
3.88585 4.78516
3.79608 4.76188
3.88443 4.78405
3.95803 4.9068
3.77693 4.69753
3.78545 4.74257
3.85491 4.81577
3.77938 4.70011
3.81886 4.78266
3.95216 4.83663
3.96602 4.91385
3.78602 4.74329
3.80418 4.7689
3.86991 4.82897
3.95775 4.90655
3.79588 4.76174
3.82679 4.79098
3.81548 4.781
3.97939 4.92558
3.82708 4.79124
3.96151 4.90985
3.97442 4.92122
3.81851 4.78367
3.78543 4.74264
3.95944 4.90803
3.82052 4.78543
3.7964 4.7628
3.79882 4.76513
3.77915 4.69993
3.81969 4.78469
3.77847 4.69872
3.79867 4.765
3.96043 4.90891
3.88406 4.78375
3.79615 4.76195
3.79786 4.76344
3.98058 4.92662
3.79686 4.76322
3.98057 4.92661
3.79792 4.76434
3.93604 4.88749
3.85843 4.76371
3.79806 4.76361
3.83747 4.80041
3.96274 4.91093
3.87622 4.77759
3.81235 4.77823
3.79525 4.76118
3.79555 4.76144
3.82686 4.79105
3.79193 4.711
3.81104 4.7748
3.96076 4.9092
3.93768 4.88893
3.94645 4.89663
3.78434 4.70403
3.9479 4.89789
3.92767 4.88014
3.79593 4.76176
3.9509 4.90054
3.95721 4.90607
3.95254 4.90198
3.85386 4.81484
3.79457 4.75331
3.95678 4.90569
3.78884 4.75567
3.95474 4.90391
3.79881 4.76513
3.77642 4.69783
3.96273 4.91092
3.77875 4.69895
3.79857 4.76477
3.79572 4.76158
3.77738 4.69788
3.82634 4.7906
3.79492 4.7537
3.81906 4.78414
3.79459 4.75334
3.79625 4.76204
3.95471 4.90388
3.95719 4.90606
3.79655 4.76314
3.79368 4.76066
3.79786 4.76344
3.80376 4.76947
3.80113 4.76717
3.96093 4.90934
3.77644 4.69715
3.95798 4.90674
3.85065 4.81202
3.79679 4.76316
3.9624 4.91064
3.79746 4.76396
3.78614 4.74341
3.95388 4.90313
3.79831 4.76453
3.78427 4.74136
3.93706 4.88837
3.95666 4.90557
3.96195 4.91023
3.82016 4.78511
3.79867 4.765
3.7959 4.76173
3.77901 4.69982
3.78522 4.7039
3.96037 4.90883
3.94892 4.89878
3.79654 4.75551
3.95766 4.90645
3.81635 4.78046
3.80639 4.77178
3.81421 4.7786
3.79515 4.76109
3.95184 4.90134
3.81365 4.77811
3.79745 4.76375
3.79662 4.763
3.9542 4.90342
3.79811 4.76435
3.96044 4.90889
3.9552 4.90429
3.82059 4.78552
3.81916 4.78423
3.79596 4.76178
3.86749 4.82685
3.95618 4.90515
3.81882 4.78393
3.78399 4.70296
3.95648 4.90541
3.95815 4.90689
3.7949 4.76172
3.86499 4.82464
3.79505 4.76184
3.95871 4.90737
3.82053 4.78545
3.79406 4.76072
3.9522 4.90166
3.79903 4.76531
3.94685 4.89697
3.7777 4.69813
3.79716 4.7635
3.81585 4.78003
3.95717 4.90603
3.79525 4.76119
3.96007 4.90858
3.94693 4.89703
3.8174 4.78268
3.94885 4.89872
3.79018 4.70961
3.80922 4.77425
3.8184 4.78356
3.79621 4.762
3.79702 4.76336
3.79746 4.7631
3.82619 4.79046
3.7852 4.74229
3.79329 4.76003
3.78483 4.74187
3.79862 4.76481
3.95835 4.90707
3.79921 4.76548
3.95966 4.90822
3.96065 4.90909
3.79167 4.71079
3.96189 4.91018
3.84078 4.74987
3.79698 4.76333
3.96195 4.91023
3.81353 4.77927
3.79892 4.76436
3.82303 4.78629
3.86217 4.76661
3.79155 4.7107
3.96278 4.91096
3.81728 4.78257
3.79887 4.76518
3.82064 4.78555
3.86232 4.82229
3.79512 4.76106
3.81892 4.78402
3.78981 4.75839
3.82045 4.78538
3.81582 4.78
3.8208 4.78569
3.87751 4.77861
3.7774 4.69788
3.84139 4.80386
3.7918 4.71088
3.84625 4.80814
3.79614 4.76397
3.77846 4.69939
3.84734 4.8091
3.82091 4.78578
3.82973 4.79359
3.87284 4.77497
3.81967 4.78469
3.79019 4.75872
3.78716 4.74417
3.81841 4.78358
3.82233 4.78706
3.86597 4.8255
3.8103 4.77645
3.79542 4.76131
3.85886 4.81924
3.83946 4.80215
3.82097 4.78584
3.84067 4.80322
3.80432 4.76992
3.90144 4.87103
3.79912 4.76539
3.81985 4.78485
3.7785 4.69928
3.80242 4.7695
3.79424 4.75293
3.81499 4.78055
3.77883 4.69901
3.83103 4.79388
3.80921 4.77549
3.82028 4.78521
3.81912 4.78423
3.96149 4.84382
3.77734 4.69785
3.84727 4.80904
3.79616 4.76195
3.79213 4.71115
3.78497 4.74176
3.81631 4.78172
3.85995 4.8202
3.78018 4.73684
3.7861 4.74331
3.82084 4.78572
3.81762 4.78288
3.7965 4.76227
3.78532 4.74252
3.81996 4.78494
3.81957 4.78459
3.77753 4.69799
3.78419 4.74115
3.80762 4.77408
3.86531 4.82493
3.80959 4.77355
3.79889 4.76519
3.79787 4.7643
3.81295 4.77876
3.82018 4.78514
3.77763 4.69807
3.89352 4.79114
3.79767 4.76396
3.79496 4.76095
3.77748 4.69845
3.78518 4.74199
3.78878 4.7564
3.79915 4.76543
3.79715 4.76348
3.82633 4.79058
3.78779 4.74523
3.81361 4.77937
3.80436 4.77121
3.78558 4.74271
3.77806 4.69892
3.78 4.70062
3.79592 4.76238
3.85106 4.81591
3.79861 4.76495
3.81989 4.78488
3.79591 4.76173
3.81024 4.77639
3.79227 4.71127
3.82448 4.78895
3.89329 4.86215
3.79538 4.7619
3.79396 4.75263
3.79766 4.76395
3.79485 4.75362
3.7947 4.75345
3.82028 4.78522
3.82332 4.78793
3.81231 4.72714
3.81873 4.78385
3.81948 4.78455
3.81615 4.78161
3.779 4.69981
3.9132 4.80646
3.79687 4.76343
3.79973 4.76595
3.78486 4.74164
3.79697 4.76352
3.79738 4.76369
3.79161 4.71074
3.79931 4.76556
3.79624 4.76203
3.82387 4.78842
3.79872 4.76504
3.78593 4.74319
3.81201 4.77668
3.7945 4.76052
3.79319 4.75177
3.79921 4.76548
3.82449 4.78896
3.79569 4.76156
3.79761 4.76323
3.7983 4.76467
3.7779 4.69829
3.82331 4.78792
3.80989 4.77382
3.82537 4.78973
3.81037 4.77423
3.7777 4.69812
3.82481 4.78924
3.81331 4.72793
3.79845 4.76484
3.80756 4.77402
3.82025 4.78521
3.79895 4.76524
3.79792 4.76434
3.81857 4.78373
3.90502 4.87492
3.81365 4.77939
3.79575 4.7616
3.78503 4.74182
3.80862 4.77495
3.79721 4.76354
3.81256 4.77843
3.79409 4.76018
3.79028 4.70969
3.81597 4.78142
3.79856 4.76491
3.81253 4.7784
3.87132 4.77377
3.79584 4.76231
3.79427 4.76033
3.81643 4.78182
3.81751 4.78279
3.82051 4.78543
3.84353 4.75204
3.8188 4.78391
3.79863 4.76482
3.79472 4.75347
3.81806 4.78326
3.81889 4.78399
3.81993 4.78491
3.78636 4.74367
3.81531 4.78084
3.78472 4.74148
3.82362 4.78681
3.82035 4.78527
3.8174 4.78268
3.81939 4.78443
3.82026 4.7852
3.7913 4.75824
3.80836 4.72402
3.79539 4.76128
3.79666 4.76241
3.79301 4.75103
3.82008 4.78504
3.79807 4.76432
3.79237 4.71135
3.78696 4.75481
3.87748 4.77859
3.8008 4.76677
3.87252 4.77471
3.79587 4.7617
3.7971 4.76343
3.81938 4.78443
3.79603 4.76185
3.79671 4.76329
3.80618 4.77062
3.77812 4.69898
3.81945 4.78449
3.82022 4.78517
3.78484 4.74161
3.80889 4.77295
3.7957 4.76156
3.81665 4.78072
3.85005 4.81482
3.95753 4.84077
3.80206 4.76799
3.80959 4.77456
3.80174 4.7677
3.77723 4.69826
3.79654 4.76314
3.79657 4.76297
3.79552 4.7614
3.79479 4.76077
3.81044 4.77429
3.79109 4.7576
3.79925 4.76551
3.876 4.77743
3.81256 4.77716
3.79825 4.76463
3.79759 4.76406
3.82396 4.7871
3.82005 4.78369
3.82264 4.78595
3.79746 4.76395
3.79862 4.76498
3.82384 4.787
3.80862 4.77372
3.8058 4.77126
3.79935 4.7656
3.7935 4.76051
3.82007 4.78371
3.78028 4.70084
3.79741 4.76305
3.79388 4.71256
3.81804 4.78194
3.7977 4.76415
3.77817 4.69901
3.79604 4.76248
3.80604 4.77147
3.80179 4.76775
3.82154 4.78499
3.79628 4.76206
3.87371 4.77563
3.82138 4.78485
3.79906 4.76534
3.82036 4.78396
3.82204 4.78543
3.7927 4.7598
3.843 4.80708
3.78218 4.73905
3.82155 4.785
3.79752 4.76402
3.79876 4.76509
3.79536 4.76211
3.7957 4.76243
3.80243 4.76831
3.7788 4.69954
3.77835 4.69916
3.79401 4.76096
3.78496 4.74174
3.79742 4.76391
3.799 4.76531
3.79918 4.76547
3.80239 4.76828
3.79624 4.76203
3.78977 4.70928
3.79638 4.763
3.78522 4.7424
3.79989 4.76609
3.80113 4.76718
3.7988 4.76512
3.80055 4.76666
3.80161 4.7675
3.79843 4.76464
3.80133 4.76735
3.79453 4.75326
3.80163 4.76761
3.79628 4.76206
3.77754 4.698
3.79681 4.76318
3.79528 4.71367
3.80199 4.76792
3.80232 4.76821
3.78617 4.74346
3.79793 4.7635
3.796 4.76268
3.79774 4.76402
3.77724 4.69826
3.79902 4.76531
3.79517 4.76196
3.96465 4.84626
3.7935 4.7605
3.79936 4.76561
3.79727 4.76359
3.7992 4.76547
3.79765 4.76412
3.79809 4.76451
3.79801 4.76443
3.78418 4.70391
3.79299 4.71186
3.79842 4.76479
3.79929 4.76555
3.8022 4.76719
3.78572 4.74259
3.79763 4.76408
3.79671 4.76309
3.80258 4.76837
3.79309 4.75933
3.79507 4.76185
3.81185 4.77251
3.79505 4.75384
3.77845 4.69925
3.79886 4.76515
3.80863 4.76895
3.78583 4.74308
3.95396 4.83801
3.7985 4.76485
3.79753 4.764
3.79809 4.76449
3.79881 4.76511
3.78611 4.74332
3.79835 4.76473
3.7954 4.76192
3.79882 4.76513
3.79902 4.7653
3.77645 4.69718
3.79893 4.76522
3.79792 4.76434
3.7961 4.76189
3.79803 4.76444
3.80346 4.76916
3.79924 4.7655
3.79731 4.76363
3.81084 4.77463
3.79829 4.76467
3.77754 4.698
3.79828 4.76466
3.79839 4.76476
3.79937 4.76561
3.79883 4.76514
3.79469 4.76068
3.79598 4.76179
3.78415 4.70388
3.78555 4.74269
3.79459 4.7606
3.79935 4.76559
3.79744 4.76374
3.79931 4.76557
3.7937 4.75983
3.79481 4.76079
3.79694 4.76265
3.79617 4.76197
3.80388 4.76863
3.80676 4.77112
3.87576 4.77723
3.81024 4.77412
3.78992 4.70942
3.78396 4.70373
3.79549 4.76137
3.85145 4.81635
3.79568 4.76154
3.80979 4.77373
3.79701 4.76336
3.79562 4.76148
3.88348 4.85144
3.79601 4.76182
3.78517 4.74197
3.79578 4.76163
3.78994 4.75661
3.77914 4.69982
3.79429 4.753
3.79643 4.76284
3.80184 4.76688
3.8042 4.76892
3.80723 4.77253
3.79606 4.7619
3.79073 4.75729
3.80798 4.77217
3.80616 4.7706
3.79528 4.7612
3.79774 4.76334
3.81078 4.77458
3.79576 4.76161
3.7961 4.7619
3.79813 4.76367
3.79307 4.75931
3.79609 4.76189
3.79574 4.76161
3.79585 4.76171
3.79778 4.76405
3.7966 4.76236
3.79716 4.76284
3.79711 4.76279
3.79699 4.7627
3.84055 4.74969
3.79594 4.76177
3.8058 4.77125
3.77821 4.69905
3.79599 4.76181
3.87249 4.77469
3.7936 4.75976
3.79239 4.71136
3.79564 4.7615
3.79557 4.76145
3.79465 4.76066
3.78515 4.74195
3.79588 4.76172
3.77938 4.70012
3.79509 4.76104
3.79572 4.76158
3.79606 4.76251
3.79552 4.76141
3.78587 4.74305
3.79609 4.7619
3.79208 4.75053
3.79615 4.76195
3.79518 4.76111
3.79723 4.76357
3.79714 4.76348
3.79581 4.76166
3.79746 4.76376
3.79584 4.76168
3.79847 4.76468
3.77743 4.69791
3.79629 4.76207
3.79675 4.76312
3.79256 4.75938
3.79525 4.76178
3.79727 4.76359
3.79699 4.76334
3.85022 4.81499
3.79373 4.76042
3.78565 4.74252
3.95874 4.8417
3.7978 4.76408
3.79748 4.76378
3.79454 4.75327
3.80324 4.76896
3.79695 4.7633
3.80511 4.77063
3.79729 4.76362
3.80736 4.77265
3.87587 4.77732
3.80732 4.77261
3.80123 4.76715
3.80412 4.76974
3.78547 4.74231
3.79518 4.76172
3.79849 4.7647
3.806 4.77143
3.78417 4.74089
3.79712 4.76345
3.80592 4.77136
3.78428 4.74138
3.8066 4.77196
3.8064 4.77179
3.79734 4.76365
3.77814 4.69916
3.79728 4.7636
3.79723 4.76356
3.78583 4.74271
3.7942 4.76085
3.79733 4.76365
3.79739 4.7637
3.79745 4.76376
3.79685 4.76322
3.79843 4.76464
3.79657 4.76296
3.79506 4.76161
3.79585 4.76232
3.79643 4.76284
3.79653 4.76292
3.79752 4.76382
3.79746 4.76376
3.79687 4.76324
3.86457 4.7685
3.79739 4.76369
3.79735 4.76367
3.8515 4.8164
3.79736 4.76368
3.77709 4.69766
3.79693 4.76328
3.79744 4.76374
3.78587 4.74312
3.78599 4.74318
3.79633 4.76274
3.79147 4.74933
3.79683 4.76319
3.79736 4.76367
3.79659 4.76298
3.78597 4.74323
3.79581 4.76227
3.79235 4.75031
3.79732 4.76363
3.79727 4.76358
3.7974 4.7637
3.79675 4.76312
3.79681 4.76318
3.79736 4.76367
3.79725 4.76357
3.79743 4.76374
3.79753 4.76382
3.7974 4.76371
3.7975 4.7638
3.79722 4.76355
3.79752 4.76381
3.79752 4.76381
3.77848 4.69927
3.82168 4.73453
3.79493 4.75315
3.79363 4.75226
3.87647 4.77779
3.77876 4.69895
3.88822 4.787
3.93994 4.82718
3.9629 4.84491
3.94892 4.83412
3.88741 4.78638
3.79189 4.71096
3.79784 4.7157
3.94496 4.83106
3.78615 4.70461
3.87282 4.77496
3.9622 4.84437
3.87681 4.77807
3.96583 4.84716
3.78348 4.70334
3.795 4.75378
3.87555 4.77709
3.77464 4.69643
3.87703 4.77825
3.88875 4.78741
3.77808 4.69911
3.78549 4.74261
3.8765 4.77781
3.92325 4.81425
3.7948 4.75356
3.77958 4.70028
3.78319 4.70311
3.84961 4.81434
3.79153 4.71067
3.87767 4.77874
3.82234 4.73539
3.78899 4.70866
3.87775 4.7788
3.78972 4.70926
3.77778 4.69818
3.79432 4.71291
3.79389 4.75255
3.88625 4.78546
3.94059 4.82768
3.86791 4.77111
3.84435 4.75268
3.87563 4.77719
3.77838 4.69919
3.77793 4.69881
3.79169 4.71082
3.78567 4.74282
3.87743 4.77855
3.96502 4.84654
3.87729 4.77844
3.78271 4.70271
3.79255 4.71149
3.87658 4.77788
3.83961 4.74897
3.7923 4.71128
3.92521 4.81577
3.87383 4.77574
3.85181 4.81674
3.79421 4.71282
3.77798 4.69903
3.85854 4.76381
3.79491 4.75369
3.77942 4.70015
3.79238 4.71135
3.78454 4.70417
3.77675 4.69739
3.78918 4.70881
3.87614 4.77753
3.86887 4.77186
3.77898 4.69968
3.79572 4.71402
3.84654 4.75439
3.77852 4.69944
3.85465 4.81988
3.78721 4.70726
3.79213 4.71117
3.79205 4.71108
3.78497 4.74175
3.79209 4.71112
3.8764 4.77774
3.88715 4.78616
3.78026 4.70176
3.77725 4.69777
3.87314 4.7752
3.78962 4.70917
3.92509 4.81568
3.77903 4.69985
3.77777 4.69817
3.77905 4.69987
3.9479 4.83334
3.77629 4.69749
3.87406 4.77591
3.87507 4.77674
3.79167 4.71079
3.85372 4.76001
3.78505 4.74184
3.95435 4.83832
3.79219 4.7112
3.82097 4.73397
3.79185 4.71093
3.95756 4.84079
3.78853 4.70831
3.77536 4.69633
3.77826 4.69908
3.8633 4.7675
3.87459 4.77632
3.78406 4.70302
3.8715 4.77395
3.8874 4.78636
3.78605 4.74333
3.79029 4.7097
3.86451 4.76847
3.7923 4.71129
3.86396 4.76801
3.81353 4.7281
3.77435 4.69557
3.7919 4.71096
3.87034 4.77304
3.87898 4.77979
3.77825 4.69907
3.86907 4.77205
3.77754 4.69799
3.88755 4.78648
3.87706 4.77829
3.77765 4.69807
3.77728 4.69781
3.88165 4.78188
3.77759 4.69803
3.7783 4.69912
3.79076 4.74811
3.77949 4.70021
3.88566 4.785
3.88297 4.78291
3.77725 4.69777
3.78929 4.70891
3.88465 4.78422
3.79111 4.71035
3.78655 4.74389
3.78508 4.74215
3.79231 4.7113
3.7893 4.70892
3.7792 4.69997
3.77722 4.69843
3.77622 4.69699
3.78319 4.74001
3.87626 4.77764
3.85137 4.81628
3.78641 4.74372
3.77872 4.69892
3.7925 4.71145
3.88834 4.78709
3.87764 4.77872
3.84953 4.81424
3.77924 4.69989
3.86255 4.76692
3.77787 4.69877
3.78548 4.74269
3.87693 4.77816
3.77847 4.69927
3.87682 4.77807
3.79607 4.71429
3.86261 4.76697
3.77838 4.69918
3.87753 4.77863
3.79176 4.71086
3.8566 4.76227
3.77733 4.69851
3.87771 4.77877
3.81499 4.72925
3.87054 4.77317
3.86957 4.7724
3.87407 4.77592
3.77914 4.69982
3.79143 4.7106
3.87416 4.776
3.87537 4.77695
3.87431 4.77612
3.77793 4.69898
3.77621 4.69765
3.87616 4.77757
3.78068 4.70115
3.87656 4.77788
3.79207 4.7111
3.78509 4.74189
3.77807 4.69893
3.78516 4.74197
3.87744 4.77856
3.77848 4.69942
3.87132 4.77377
3.87233 4.77455
3.87751 4.77862
3.77899 4.69969
3.7921 4.71112
3.77788 4.69877
3.7792 4.69997
3.87145 4.77387
3.86935 4.77223
3.77842 4.69938
3.86223 4.76666
3.77775 4.69816
3.77743 4.6986
3.86756 4.77083
3.87459 4.77632
3.79251 4.71145
3.78981 4.70829
3.8754 4.77695
3.87662 4.77791
3.78853 4.70729
3.8711 4.7736
3.78527 4.74209
3.78819 4.70702
3.77847 4.69926
3.77797 4.69885
3.78758 4.74503
3.79377 4.71138
3.77761 4.69805
3.87074 4.77332
3.77939 4.70013
3.77711 4.69815
3.77911 4.69991
3.87626 4.77763
3.79235 4.71135
3.7915 4.71065
3.8205 4.7336
3.78472 4.74149
3.78962 4.70916
3.79129 4.71049
3.79078 4.71007
3.87522 4.77682
3.81445 4.7754
3.8757 4.77719
3.77849 4.69928
3.77696 4.69755
3.77835 4.69916
3.87543 4.77698
3.87629 4.77765
3.77942 4.70014
3.77774 4.69816
3.79501 4.75379
3.77829 4.69912
3.78951 4.70805
3.77838 4.69919
3.8743 4.7761
3.77715 4.69772
3.78291 4.70214
3.79024 4.70965
3.87725 4.77841
3.79044 4.70981
3.87689 4.77813
3.79333 4.71212
3.78629 4.74358
3.79104 4.71028
3.77836 4.69917
3.77943 4.70016
3.87501 4.77666
3.87421 4.77604
3.79572 4.71401
3.77917 4.69984
3.87528 4.77687
3.78972 4.74739
3.78658 4.70494
3.87501 4.77666
3.87772 4.77878
3.77953 4.70024
3.79193 4.711
3.87717 4.77835
3.78812 4.70797
3.87767 4.77874
3.79037 4.70975
3.77932 4.70007
3.82088 4.7339
3.7962 4.7144
3.81739 4.73114
3.78908 4.74669
3.77707 4.69763
3.77848 4.69927
3.79227 4.71126
3.78949 4.70804
3.79248 4.71143
3.80484 4.72123
3.79235 4.71133
3.77776 4.69817
3.80775 4.72353
3.77768 4.69972
3.8084 4.72405
3.79255 4.71148
3.78575 4.7061
3.79542 4.71377
3.82048 4.73358
3.79178 4.71087
3.77921 4.70001
3.82167 4.73452
3.77802 4.69838
3.77411 4.69689
3.77828 4.6991
3.79105 4.7103
3.85183 4.81677
3.77772 4.69814
3.7934 4.71218
3.79243 4.71139
3.81958 4.73287
3.78618 4.70646
3.80367 4.72031
3.8044 4.72089
3.83903 4.8027
3.81039 4.72562
3.78259 4.70262
3.79191 4.71098
3.7776 4.69873
3.78145 4.7027
3.77932 4.70007
3.78553 4.70594
3.78003 4.70065
3.79217 4.71117
3.79147 4.71065
3.77769 4.69812
3.81597 4.73002
3.79057 4.70992
3.78904 4.74664
3.7779 4.69829
3.79291 4.75146
3.79548 4.71383
3.77766 4.69808
3.77846 4.69925
3.78634 4.74364
3.81918 4.73255
3.81799 4.73162
3.77831 4.69913
3.81978 4.73303
3.78264 4.73922
3.77774 4.69815
3.81812 4.73172
3.77691 4.698
3.81919 4.73256
3.78575 4.70431
3.78777 4.70769
3.77802 4.69905
3.79153 4.71067
3.79168 4.71081
3.7756 4.69717
3.78621 4.74349
3.77766 4.69809
3.78261 4.70363
3.792 4.71105
3.77755 4.69851
3.78614 4.70643
3.79468 4.71319
3.79174 4.71084
3.8422 4.80618
3.79123 4.71044
3.77028 4.69302
3.78969 4.70924
3.7785 4.69928
3.79036 4.70977
3.77758 4.69803
3.77984 4.7005
3.79585 4.71412
3.77843 4.69923
3.78588 4.74277
3.77958 4.70028
3.7932 4.71202
3.77923 4.7
3.78721 4.70626
3.7785 4.69928
3.79487 4.75365
3.79469 4.7132
3.79588 4.71414
3.79209 4.71111
3.77898 4.6998
3.79399 4.71264
3.77406 4.69534
3.85162 4.81654
3.78454 4.70514
3.79215 4.71117
3.79493 4.71339
3.79611 4.71433
3.7925 4.71145
3.7895 4.70907
3.77685 4.69747
3.79248 4.71143
3.78517 4.70564
3.77833 4.69914
3.78754 4.70752
3.78958 4.70913
3.787 4.74438
3.77914 4.69993
3.78751 4.7075
3.77698 4.69759
3.77818 4.6992
3.7775 4.69847
3.78459 4.70342
3.79051 4.70987
3.7923 4.71129
3.79128 4.71048
3.79062 4.70996
3.77763 4.69807
3.79179 4.71089
3.77918 4.69984
3.79144 4.71061
3.79084 4.71012
3.79217 4.71118
3.78194 4.70209
3.79205 4.7111
3.79219 4.7112
3.77852 4.6993
3.79133 4.71051
3.79192 4.71098
3.79399 4.75212
3.79196 4.71101
3.78919 4.70882
3.79417 4.71169
3.78799 4.70787
3.79249 4.71144
3.7775 4.69848
3.77803 4.69906
3.79141 4.71058
3.79163 4.71075
3.78517 4.74198
3.78509 4.74189
3.7845 4.70335
3.79216 4.71117
3.77723 4.69776
3.778 4.69837
3.79205 4.71108
3.77884 4.69957
3.7857 4.70427
3.77218 4.69451
3.77752 4.69798
3.79083 4.71012
3.79097 4.71023
3.7922 4.71121
3.77633 4.69707
3.77762 4.69806
3.78371 4.70274
3.79127 4.71047
3.77771 4.69813
3.77482 4.6963
3.79213 4.71115
3.78533 4.70399
3.78415 4.74086
3.79256 4.71149
3.77829 4.69929
3.78137 4.70169
3.77742 4.69791
3.89137 4.86006
3.78999 4.70843
3.78124 4.7016
3.7853 4.74241
3.78078 4.70123
3.78575 4.70512
3.79357 4.71122
3.78556 4.7427
3.77792 4.69897
3.79417 4.71169
3.77794 4.69884
3.7838 4.7036
3.78535 4.74254
3.7779 4.6988
3.77882 4.69967
3.77731 4.69782
3.77687 4.69748
3.78626 4.7047
3.78127 4.70162
3.78754 4.70651
3.79015 4.74744
3.79312 4.71087
3.77754 4.698
3.77895 4.69978
3.77775 4.69816
3.77855 4.69947
3.77793 4.69882
3.77923 4.7
3.79358 4.71123
3.77889 4.69974
3.78517 4.70467
3.78489 4.70365
3.78457 4.7042
3.78348 4.70334
3.77961 4.7003
3.77961 4.7003
3.77406 4.69598
3.78416 4.74111
3.7761 4.69757
3.77942 4.70014
3.79204 4.71003
3.79149 4.7096
3.77442 4.69626
3.77798 4.69887
3.85464 4.81987
3.78576 4.70431
3.7805 4.70101
3.77777 4.69818
3.78107 4.70146
3.77943 4.70016
3.79222 4.71017
3.84591 4.81027
3.79323 4.71095
3.77562 4.69719
3.78259 4.73997
3.79293 4.71072
3.77832 4.69914
3.77926 4.70003
3.77343 4.69548
3.85265 4.81769
3.7791 4.69989
3.77757 4.69803
3.77923 4.7
3.78119 4.70155
3.77742 4.6986
3.77762 4.69805
3.77865 4.69886
3.7793 4.70006
3.7764 4.69781
3.78033 4.70088
3.77918 4.69998
3.77851 4.69929
3.77465 4.6958
3.78126 4.70161
3.77774 4.69815
3.77783 4.6989
3.77983 4.70049
3.78068 4.70115
3.78033 4.70088
3.78097 4.7013
3.7808 4.70125
3.78098 4.70139
3.78119 4.70156
3.78622 4.7435
3.77941 4.70015
3.7771 4.69834
3.77812 4.69913
3.7761 4.69756
3.77962 4.70031
3.77836 4.69917
3.77826 4.69924
3.77799 4.69903
3.78565 4.74288
3.77952 4.70023
3.77859 4.6995
3.85106 4.81592
3.77886 4.69971
3.7788 4.69967
3.7775 4.69799
3.77905 4.69987
3.77936 4.70011
3.77742 4.69791
3.77604 4.69728
3.77858 4.69948
3.77937 4.7001
3.77822 4.69921
3.77802 4.6989
3.78155 4.70177
3.77585 4.69672
3.77704 4.69829
3.78625 4.74355
3.77931 4.70006
3.7791 4.69989
3.77217 4.69389
3.77729 4.69781
3.77938 4.70011
3.77949 4.7002
3.78439 4.70408
3.7946 4.75334
3.77895 4.69978
3.77913 4.69992
3.77901 4.69983
3.77922 4.69999
3.77948 4.7002
3.77929 4.70004
3.77719 4.69773
3.77936 4.70009
3.77768 4.69811
3.77905 4.69986
3.77934 4.70009
3.77875 4.69962
3.77958 4.70028
3.77766 4.69808
3.77882 4.69968
3.79451 4.75325
3.77915 4.69994
3.77851 4.6993
3.77839 4.69919
3.77917 4.69995
3.78422 4.74094
3.77904 4.69985
3.7793 4.70006
3.85145 4.81635
3.77775 4.69816
3.77681 4.69744
3.77759 4.69803
3.79477 4.75353
3.77846 4.69925
3.77959 4.70028
3.77689 4.69749
3.78233 4.70169
3.77827 4.6991
3.77331 4.69477
3.77862 4.69885
3.78614 4.70461
3.77935 4.69941
3.77729 4.6978
3.77741 4.6979
3.77773 4.69814
3.77223 4.69394
3.78587 4.7044
3.77821 4.69904
3.77737 4.69786
3.7776 4.69805
3.84525 4.80953
3.77746 4.69794
3.77396 4.69527
3.78522 4.7039
3.77816 4.69849
3.77709 4.69765
3.78072 4.70046
3.78434 4.70404
3.8319 4.79484
3.85001 4.81477
3.78075 4.70048
3.78312 4.70229
3.77443 4.69563
3.77765 4.69808
3.78251 4.70183
3.78388 4.70288
3.78479 4.70357
3.78369 4.70274
3.77537 4.69634
3.7764 4.69712
3.77746 4.69793
3.77713 4.69768
3.77872 4.69892
3.77874 4.69894
3.78871 4.74626
3.77888 4.69904
3.79741 4.75648
3.77584 4.69671
3.78533 4.74216
3.77746 4.69793
3.77765 4.69809
3.79199 4.75044
3.7782 4.69852
3.77703 4.69763
3.77728 4.6978
3.77711 4.69768
3.77771 4.69814
3.77748 4.69796
3.7783 4.6986
3.77826 4.69857
3.77841 4.69868
3.7782 4.69852
3.77757 4.69802
3.85444 4.81964
3.77859 4.69882
3.77717 4.69771
3.77858 4.69882
3.77626 4.69702
3.77616 4.69695
3.77646 4.69717
3.77775 4.69816
3.77679 4.69743
3.77625 4.69702
3.77743 4.69792
3.77679 4.69743
3.77763 4.69806
3.77764 4.69858
3.77689 4.6975
3.77731 4.69783
3.78512 4.74192
3.77758 4.69803
3.77743 4.69792
3.77765 4.69808
3.77763 4.69807
3.77766 4.69809
3.77769 4.69812
3.77622 4.69698
3.77741 4.69789
3.77758 4.69802
3.77676 4.69739
3.77834 4.69916
3.77761 4.69805
3.77707 4.69764
3.77745 4.69792
3.77739 4.69788
3.77749 4.69795
3.78309 4.74006
3.77748 4.69795
3.77829 4.69911
3.77758 4.69802
3.77713 4.69768
3.77682 4.69744
3.77769 4.69811
3.77749 4.69796
3.78502 4.74181
3.7775 4.69797
3.7775 4.69797
3.77777 4.69818
3.77764 4.69807
3.77771 4.69813
3.77652 4.69768
3.77805 4.69891
3.77922 4.69987
3.78419 4.70392
3.77554 4.69688
3.77715 4.69819
3.7841 4.70384
3.77957 4.70016
3.77819 4.69903
3.77868 4.69944
3.77849 4.69927
3.77825 4.69907
3.78442 4.7041
3.7841 4.70384
3.78306 4.703
3.78168 4.70188
3.7805 4.70092
3.89373 4.86262
3.78088 4.70123
3.77843 4.69922
3.77784 4.69874
3.7785 4.69928
3.78326 4.70316
3.783 4.70295
3.78246 4.70252
3.7836 4.70344
3.77827 4.69909
3.7861 4.74337
3.78355 4.7034
3.78362 4.70346
3.7781 4.69896
3.7784 4.6992
3.78431 4.70401
3.77806 4.69893
3.77867 4.69943
3.77837 4.69918
3.77916 4.69983
3.77763 4.69859
3.7784 4.6992
3.78564 4.74278
3.77894 4.69965
3.85076 4.81559
3.77842 4.69923
3.77878 4.69952
3.77864 4.69941
3.77894 4.69965
3.78511 4.7419
3.77842 4.69922
3.7788 4.69953
3.77906 4.69974
3.79435 4.75306
3.77691 4.69799
3.7784 4.6992
3.77846 4.69925
3.77831 4.69912
3.78553 4.74267
3.77703 4.69809
3.77771 4.69864
3.77786 4.69876
3.77792 4.69881
3.77804 4.69891
3.77847 4.69926
3.77819 4.69903
3.77819 4.69903
3.77843 4.69923
3.77841 4.69921
3.77815 4.699
3.77846 4.69925
3.7778 4.69871
3.77848 4.69927
3.77796 4.69884
3.77839 4.69919
3.78407 4.74113
3.77836 4.69917
3.77844 4.69923
3.77817 4.69901
3.77842 4.69921
3.77833 4.69914
3.77838 4.69918
3.77835 4.69916
3.77838 4.69919
3.77843 4.69922
3.77842 4.69921
3.77817 4.69901
3.7785 4.69929
3.77795 4.69884
3.78604 4.74331
3.77846 4.69925
3.77852 4.6993
3.77844 4.69923
3.77833 4.69915
3.77825 4.69908
3.77828 4.6991
3.77833 4.69915
3.8417 4.80563
3.77839 4.69919
3.78563 4.74277
3.77843 4.69922
3.77847 4.69926
3.77848 4.69927
3.77851 4.69929
3.77851 4.69929
3.78565 4.7428
3.79086 4.74822
3.81446 4.7754
3.90843 4.87862
3.85098 4.81583
3.78584 4.74272
3.85881 4.82444
3.9086 4.87881
3.78461 4.74137
3.7944 4.75313
3.78564 4.74278
3.81444 4.77555
3.89928 4.86867
3.84937 4.81406
3.79437 4.75308
3.795 4.75379
3.91003 4.88036
3.79459 4.75333
3.89664 4.8658
3.90814 4.87831
3.85121 4.81608
3.85037 4.81516
3.78228 4.73916
3.87634 4.84364
3.85916 4.82483
3.84715 4.81162
3.78539 4.74259
3.851 4.81585
3.78639 4.7437
3.87163 4.8385
3.88609 4.8543
3.7888 4.74637
3.82204 4.78396
3.85178 4.81671
3.78658 4.74442
3.8149 4.77606
3.78518 4.74199
3.8575 4.823
3.78395 4.741
3.84861 4.81322
3.81087 4.77143
3.82957 4.79227
3.78529 4.7424
3.84725 4.81173
3.85028 4.81506
3.78559 4.74273
3.85084 4.81568
3.86235 4.82833
3.79686 4.75586
3.78545 4.74257
3.82719 4.78964
3.84723 4.81172
3.82902 4.79167
3.79503 4.75382
3.87547 4.84269
3.90583 4.8758
3.78624 4.74353
3.84913 4.8138
3.78973 4.74698
3.79465 4.7534
3.84922 4.8139
3.78532 4.74252
3.78499 4.74204
3.78628 4.74358
3.79492 4.7537
3.7845 4.74124
3.89729 4.86651
3.91082 4.88123
3.7947 4.75345
3.79473 4.75348
3.78503 4.74182
3.83772 4.80126
3.8581 4.82366
3.87401 4.8411
3.88745 4.85578
3.78616 4.74338
3.84876 4.8134
3.79308 4.75165
3.85048 4.81529
3.8834 4.85135
3.89256 4.86135
3.78602 4.74329
3.78604 4.74331
3.8986 4.86793
3.85128 4.81616
3.84781 4.81234
3.79493 4.75371
3.78495 4.74211
3.89725 4.86647
3.85089 4.81573
3.83582 4.79915
3.7944 4.75311
3.7948 4.75356
3.81398 4.77488
3.90504 4.87494
3.90977 4.88008
3.79166 4.75008
3.78527 4.74209
3.78357 4.74023
3.82703 4.78947
3.7854 4.74252
3.84973 4.81445
3.84767 4.81221
3.81161 4.77225
3.79353 4.75215
3.85066 4.81549
3.84264 4.80666
3.80902 4.76938
3.83895 4.80261
3.85604 4.8214
3.8102 4.77068
3.79485 4.75362
3.8486 4.81322
3.79505 4.75384
3.79398 4.75265
3.84605 4.81043
3.79308 4.75165
3.78477 4.7418
3.78504 4.74185
3.85024 4.81502
3.78503 4.74182
3.78627 4.74357
3.78641 4.74372
3.84738 4.81189
3.85837 4.82395
3.85092 4.81578
3.78517 4.74197
3.78404 4.74097
3.85268 4.81771
3.79077 4.74812
3.7851 4.7419
3.85907 4.82473
3.84988 4.81463
3.78486 4.74164
3.79421 4.75236
3.78633 4.74363
3.85308 4.81815
3.81463 4.7756
3.85532 4.82061
3.84977 4.8145
3.85509 4.82036
3.78483 4.74161
3.78429 4.74101
3.85605 4.82142
3.78502 4.74182
3.79286 4.75141
3.7975 4.75658
3.85711 4.82257
3.7939 4.75255
3.85644 4.82184
3.79407 4.75276
3.81382 4.77471
3.85629 4.82168
3.78614 4.74341
3.85652 4.82193
3.78564 4.74286
3.85724 4.82272
3.85084 4.81568
3.78581 4.74269
3.84779 4.81233
3.85723 4.82271
3.78541 4.74253
3.85811 4.82367
3.80824 4.76851
3.85889 4.82453
3.84108 4.80495
3.78589 4.74278
3.83574 4.79907
3.84606 4.81042
3.80166 4.7612
3.79856 4.75776
3.85176 4.81669
3.84896 4.81361
3.79062 4.74796
3.78716 4.74456
3.85167 4.81659
3.78489 4.74167
3.85127 4.81616
3.78562 4.74276
3.85129 4.81617
3.83701 4.80046
3.78638 4.74369
3.79738 4.75645
3.85097 4.81583
3.84174 4.80567
3.85169 4.81661
3.79504 4.75383
3.79451 4.75324
3.84583 4.81017
3.78476 4.74153
3.78489 4.74203
3.84502 4.80928
3.78504 4.74183
3.80999 4.77046
3.78272 4.7393
3.8429 4.80695
3.84703 4.81149
3.84638 4.81077
3.84955 4.81426
3.84768 4.81221
3.84856 4.81318
3.85176 4.81669
3.7861 4.74331
3.7827 4.73928
3.7972 4.75625
3.79429 4.753
3.84944 4.81414
3.85025 4.81503
3.78529 4.74247
3.78414 4.74121
3.851 4.81585
3.78712 4.74451
3.84986 4.8146
3.78538 4.74249
3.85167 4.8166
3.79398 4.75265
3.84465 4.80887
3.7856 4.74246
3.79473 4.75348
3.78564 4.74279
3.78503 4.74182
3.78398 4.74091
3.85081 4.81565
3.84624 4.81061
3.85051 4.81531
3.78562 4.74284
3.78601 4.74327
3.79321 4.75125
3.85108 4.81594
3.78922 4.74685
3.79367 4.75231
3.79213 4.75006
3.78532 4.74242
3.78477 4.74155
3.7949 4.75367
3.79585 4.75417
3.78527 4.74237
3.84755 4.81206
3.78607 4.74335
3.85084 4.81568
3.7949 4.75369
3.79433 4.75304
3.81366 4.77453
3.84914 4.8138
3.84993 4.81467
3.81266 4.77342
3.78559 4.74273
3.78469 4.74181
3.85015 4.81492
3.8505 4.8153
3.79488 4.75365
3.85086 4.8157
3.78553 4.74267
3.85069 4.81552
3.84544 4.80974
3.7935 4.75211
3.79363 4.75226
3.79555 4.75441
3.78515 4.74196
3.79161 4.75001
3.786 4.74326
3.84948 4.81418
3.79714 4.75618
3.85167 4.8166
3.78611 4.74333
3.85019 4.81496
3.78635 4.74366
3.79462 4.75337
3.85093 4.81578
3.85142 4.81632
3.79588 4.7542
3.78617 4.74339
3.78559 4.74273
3.85178 4.81671
3.79328 4.75188
3.79358 4.7522
3.78621 4.7435
3.80888 4.76922
3.79747 4.75654
3.81159 4.77223
3.78566 4.74281
3.79499 4.75377
3.80322 4.76295
3.80517 4.7651
3.8056 4.76559
3.79503 4.75382
3.7905 4.74878
3.79695 4.75596
3.81365 4.77452
3.79454 4.75327
3.78274 4.74014
3.79403 4.75271
3.78745 4.74539
3.78514 4.74195
3.81305 4.77385
3.81021 4.7707
3.79036 4.74862
3.79506 4.75385
3.80693 4.76706
3.78839 4.74591
3.78631 4.74361
3.79461 4.75335
3.78518 4.74199
3.79266 4.75118
3.79035 4.74862
3.78669 4.74404
3.79478 4.75354
3.79432 4.75303
3.80558 4.76556
3.78513 4.74193
3.81065 4.77118
3.795 4.75379
3.78492 4.74171
3.79371 4.75235
3.79699 4.75601
3.81278 4.77355
3.81199 4.77268
3.79445 4.75317
3.81319 4.774
3.78972 4.74791
3.81208 4.77277
3.78622 4.74351
3.79185 4.75027
3.78598 4.74317
3.79474 4.7535
3.78573 4.7429
3.79435 4.75306
3.79445 4.75319
3.78633 4.74363
3.7972 4.75625
3.78374 4.74076
3.79211 4.75058
3.78511 4.74191
3.78841 4.74645
3.78625 4.74355
3.79462 4.75337
3.79592 4.75482
3.79416 4.75285
3.78584 4.74308
3.79493 4.75371
3.79313 4.75171
3.79357 4.75221
3.78505 4.74185
3.78656 4.74389
3.79723 4.75628
3.78545 4.74267
3.78562 4.74277
3.78542 4.74254
3.78639 4.7437
3.79547 4.75432
3.79622 4.75515
3.78616 4.74343
3.78567 4.74282
3.78635 4.74366
3.78482 4.74186
3.79646 4.75542
3.79725 4.7563
3.78571 4.74258
3.79659 4.75557
3.78969 4.74788
3.79662 4.7556
3.79371 4.75235
3.78584 4.74308
3.79685 4.75586
3.79741 4.75648
3.79313 4.75171
3.793 4.75156
3.7941 4.75278
3.79213 4.75059
3.79499 4.75377
3.78626 4.74355
3.78609 4.74337
3.79168 4.75009
3.78465 4.74142
3.78545 4.74267
3.78437 4.74111
3.79324 4.75182
3.79487 4.75364
3.79419 4.75288
3.79375 4.75239
3.78509 4.74189
3.79453 4.75326
3.78612 4.74333
3.79429 4.753
3.79479 4.75356
3.79422 4.75292
3.79159 4.74999
3.79461 4.75335
3.79464 4.75338
3.79279 4.75133
3.79612 4.75447
3.79481 4.75357
3.7935 4.75211
3.78505 4.74185
3.785 4.74207
3.79427 4.75297
3.79461 4.75335
3.78966 4.74691
3.79477 4.75353
3.78482 4.74159
3.7859 4.74308
3.79047 4.74779
3.78502 4.7418
3.78551 4.74263
3.79442 4.75314
3.78508 4.74188
3.78639 4.7437
3.79475 4.75351
3.79504 4.75383
3.78553 4.74276
3.78495 4.74173
3.78749 4.74493
3.78719 4.74459
3.78528 4.74247
3.7853 4.7424
3.78026 4.73692
3.78487 4.74165
3.78458 4.74133
3.79084 4.7482
3.78752 4.74495
3.79542 4.75369
3.78597 4.74323
3.78517 4.74198
3.78618 4.74348
3.79625 4.75461
3.79469 4.75288
3.78667 4.74401
3.79572 4.75403
3.7962 4.75456
3.79036 4.7481
3.78627 4.74356
3.78638 4.74369
3.7864 4.74372
3.78407 4.74113
3.78628 4.74357
3.79469 4.75289
3.78563 4.74277
3.79168 4.74956
3.79388 4.752
3.78295 4.7399
3.79051 4.74783
3.78575 4.74298
3.79528 4.75354
3.78546 4.74268
3.79481 4.75302
3.79549 4.75377
3.79529 4.75355
3.79607 4.75442
3.78555 4.74268
3.78481 4.74195
3.78607 4.74334
3.78572 4.74297
3.78615 4.74344
3.78749 4.74492
3.78491 4.74169
3.78495 4.74211
3.78508 4.74188
3.78764 4.74509
3.7862 4.74349
3.78567 4.74283
3.78627 4.74357
3.78634 4.74365
3.78762 4.74507
3.78685 4.74422
3.78662 4.74397
3.78696 4.74434
3.78712 4.74452
3.7873 4.74471
3.78619 4.74347
3.7872 4.7446
3.78732 4.74473
3.78746 4.7449
3.78594 4.7432
3.78632 4.74362
3.78632 4.74363
3.78584 4.74272
3.78507 4.74223
3.78627 4.74357
3.78473 4.74187
3.78542 4.74262
3.78473 4.74186
3.78551 4.74272
3.78635 4.74365
3.78635 4.74365
3.78573 4.74296
3.78576 4.74301
3.78591 4.74316
3.785 4.7418
3.78624 4.74353
3.78495 4.74173
3.78638 4.74369
3.78755 4.74459
3.78581 4.74306
3.78625 4.74354
3.78548 4.74269
3.78535 4.74246
3.7877 4.74513
3.78607 4.74334
3.78145 4.7379
3.78568 4.74291
3.78486 4.74164
3.7857 4.74293
3.78633 4.74363
3.7859 4.74315
3.78606 4.74332
3.78553 4.74266
3.78609 4.74336
3.78619 4.74347
3.7862 4.74348
3.78479 4.74156
3.78626 4.74354
3.78562 4.74277
3.78624 4.74353
3.78623 4.74352
3.78639 4.7437
3.78588 4.74313
3.78844 4.74597
3.78535 4.74255
3.7861 4.74337
3.78559 4.74273
3.78598 4.74325
3.78847 4.746
3.78641 4.74373
3.7862 4.74349
3.78631 4.74361
3.78454 4.74129
3.78506 4.74185
3.78564 4.74279
3.78639 4.7437
3.78933 4.74655
3.78763 4.74469
3.78514 4.74194
3.78822 4.74533
3.7822 4.73874
3.78575 4.74262
3.78624 4.74316
3.791 4.74837
3.78149 4.73795
3.79058 4.74792
3.78547 4.7426
3.78491 4.74169
3.78507 4.74187
3.7851 4.7419
3.79014 4.74744
3.78544 4.74229
3.7874 4.74443
3.78835 4.74547
3.78956 4.74723
3.78509 4.74189
3.78296 4.73956
3.7831 4.73972
3.78926 4.74647
3.78913 4.74633
3.78478 4.74155
3.78973 4.74698
3.78576 4.74264
3.78502 4.7418
3.79027 4.74757
3.78358 4.74024
3.79098 4.74835
3.78497 4.74176
3.78476 4.74152
3.7843 4.74103
3.7839 4.74059
3.7851 4.7419
3.78496 4.74176
3.78501 4.74181
3.78461 4.74137
3.78474 4.74151
3.78514 4.74195
3.78531 4.74214
3.78553 4.74238
3.78551 4.74236
3.78565 4.74251
3.78572 4.74259
3.78509 4.74217
3.78478 4.74155
3.78899 4.74658
3.78461 4.74136
3.78492 4.7417
3.78431 4.74103
3.78417 4.74089
3.78417 4.74088
3.78473 4.74149
3.78514 4.74195
3.78488 4.74166
3.78505 4.74185
3.78415 4.74085
3.78505 4.74184
3.78508 4.74187
3.78493 4.74171
3.78505 4.74184
3.78499 4.74177
3.78509 4.74188
3.78476 4.74152
3.78513 4.74193
3.785 4.74179
3.78502 4.74181
3.785 4.74179
3.78515 4.74195
3.78537 4.74248
3.78946 4.74712
3.78474 4.74177
3.78546 4.74259
3.7855 4.74263
3.78961 4.74729
3.7894 4.74705
3.78871 4.74627
3.78716 4.74451
3.787 4.74433
3.78726 4.74462
3.78831 4.74582
3.78522 4.74231
3.78566 4.74282
3.78474 4.74177
3.78562 4.74277
3.78778 4.74522
3.78867 4.74622
3.78429 4.74126
3.78831 4.74582
3.78606 4.74327
3.7892 4.74682
3.78907 4.74667
3.78552 4.74264
3.78931 4.74694
3.7854 4.74252
3.7856 4.74274
3.78954 4.74721
3.78564 4.74279
3.78537 4.74249
3.78578 4.74295
3.78558 4.74272
3.78556 4.7427
3.7856 4.74274
3.78587 4.74305
3.78562 4.74277
3.78585 4.74303
3.78576 4.74293
3.78596 4.74315
3.78562 4.74276
3.78603 4.74323
3.78541 4.74252
3.78496 4.74202
3.78529 4.7424
3.7856 4.74274
3.78554 4.74267
3.78514 4.74222
3.78501 4.74207
3.78524 4.74233
3.78568 4.74283
3.78536 4.74247
3.78565 4.7428
3.78546 4.74258
3.78546 4.74258
3.78562 4.74277
3.78561 4.74275
3.78561 4.74276
3.78564 4.74279
3.78551 4.74264
3.78565 4.7428
3.7854 4.74251
3.78561 4.74275
3.78561 4.74275
3.78531 4.74241
3.78499 4.74205
3.78559 4.74273
3.78523 4.74232
3.78537 4.74248
3.78539 4.74251
3.7855 4.74263
3.78557 4.7427
3.78559 4.74273
3.78557 4.74271
3.78562 4.74276
3.78561 4.74275
3.78525 4.74234
3.78546 4.74259
3.78564 4.74279
3.78568 4.74283
3.78556 4.74269
3.78552 4.74265
3.78567 4.74282
3.78557 4.74271
3.78556 4.74269
3.78565 4.7428
3.78565 4.7428
3.78567 4.74283
