2.98011 1.94
2.98005 1.92239
2.98 1.90784
2.98015 1.95148
2.98007 1.92684
2.98017 1.95672
2.98017 1.95705
2.98017 1.95641
2.98015 1.94947
2.98013 1.94235
2.98003 1.91517
2.9801 1.93747
2.98002 1.91515
2.98011 1.93943
2.98012 1.94129
2.98009 1.93318
2.98008 1.92998
2.98008 1.93138
2.9801 1.93772
2.98013 1.94372
2.98017 1.95615
2.98018 1.95769
2.98007 1.92647
2.98015 1.95114
2.98019 1.96275
2.98016 1.95341
2.98013 1.94519
2.98003 1.9161
2.98008 1.92988
2.98018 1.95801
2.9801 1.93725
2.98012 1.94153
2.98003 1.91565
2.98009 1.93426
2.98017 1.9557
2.98005 1.92285
2.98005 1.92218
2.98004 1.9185
2.98017 1.95528
2.98001 1.91072
2.98001 1.91179
2.98018 1.95997
2.98006 1.92633
2.98006 1.92438
2.98017 1.95464
2.98004 1.92053
2.98012 1.9435
2.98007 1.92889
2.98018 1.95768
2.9801 1.93626
2.98014 1.94847
2.98009 1.93498
2.98009 1.93456
2.98005 1.92307
2.98008 1.92795
2.98003 1.91663
2.98004 1.9202
2.98007 1.92777
2.98008 1.92958
2.98018 1.95913
2.98005 1.92146
2.98008 1.92599
2.98016 1.95235
2.98003 1.91798
2.98007 1.92763
2.98017 1.9563
2.98001 1.91079
2.98011 1.93858
2.98015 1.95034
2.98001 1.90524
2.98016 1.95219
2.98007 1.92768
2.98019 1.95922
2.98 1.90877
2.98016 1.95237
2.98017 1.95629
2.98002 1.91402
2.98018 1.95939
2.98009 1.93414
2.98003 1.91589
2.98018 1.95917
2.98019 1.96215
2.98002 1.91398
2.98007 1.92698
2.98002 1.91389
2.98007 1.92885
2.98008 1.9287
2.98002 1.91335
2.98013 1.94511
2.98002 1.91408
2.98018 1.95908
2.98019 1.96055
2.98003 1.91613
2.98006 1.92439
2.9801 1.93573
2.98012 1.94041
2.98013 1.94268
2.98006 1.925
2.98 1.90984
2.98008 1.92995
