2.8524 2.03646
2.84888 1.94895
2.84622 1.84521
2.85474 2.08646
2.84982 1.96094
2.85578 2.11464
2.85578 2.12759
2.85566 2.12423
2.85428 2.08716
2.85328 2.01571
2.8477 1.88181
2.85189 2.02553
2.84748 1.9032
2.85237 2.02054
2.85266 2.04255
2.85109 1.9931
2.85064 1.95822
2.85072 1.98487
2.85195 2.0241
2.85313 2.05767
2.85561 2.1224
2.85601 2.11438
2.84985 1.94712
2.85467 2.08477
2.85692 2.15595
2.85521 2.08583
2.85344 2.06139
2.84763 1.91499
2.85039 1.98276
2.85598 2.13028
2.85187 2.01978
2.85269 2.04761
2.84754 1.91195
2.85125 2.00871
2.85552 2.11946
2.84898 1.94981
2.84885 1.94481
2.84812 1.9248
2.85544 2.11568
2.84663 1.87485
2.84678 1.89076
2.85637 2.14093
2.84967 1.96768
2.84927 1.95906
2.85546 2.09176
2.8485 1.93984
2.85308 2.05809
2.85018 1.9797
2.85591 2.12944
2.85165 2.01867
2.85408 2.08252
2.85141 2.00973
2.8513 2.01207
2.84906 1.94316
2.85058 1.93955
2.84774 1.91829
2.84851 1.92534
2.84995 1.97648
2.8504 1.96985
2.85621 2.13628
2.84872 1.93872
2.85041 1.92962
2.85485 2.10327
2.84801 1.92323
2.84995 1.97064
2.85564 2.12262
2.84657 1.88875
2.8522 2.01612
2.85446 2.09039
2.8468 1.82929
2.85483 2.09901
2.84995 1.97195
2.85678 2.10032
2.84625 1.8636
2.85486 2.10245
2.85565 2.12021
2.84723 1.90128
2.85627 2.13509
2.85125 2.00294
2.84764 1.90513
2.85622 2.13613
2.85688 2.13938
2.84722 1.90206
2.8498 1.97043
2.8472 1.90153
2.85028 1.9634
2.85043 1.94953
2.84709 1.8999
2.85346 2.0556
2.84724 1.90251
2.85619 2.13728
2.85662 2.12363
2.84803 1.8817
2.84928 1.95914
2.85154 2.01557
2.85255 2.02683
2.8532 2.02219
2.8494 1.96113
2.84637 1.8852
2.85047 1.97229
