3.2613 3.63427
2.94007 3.31088
3.58822 3.92579
2.97482 3.36715
3.29509 3.66508
3.26623 3.63933
2.93202 3.30353
3.58962 3.92704
3.28763 3.65725
2.93206 3.30356
3.79978 4.11286
3.75031 4.06918
3.31295 3.68102
2.99004 3.38177
2.92616 3.28148
3.26159 3.63442
2.92916 3.28426
2.9401 3.31091
3.26291 3.63526
3.25625 3.62932
2.92649 3.28197
3.27078 3.64272
2.92714 3.28244
2.92654 3.282
3.58834 3.9259
3.30596 3.67477
2.93249 3.30414
2.93125 3.30291
3.26892 3.64107
3.30653 3.67527
2.93988 3.31073
3.82973 4.13929
3.26226 3.63503
3.56582 3.90598
3.30699 3.67568
2.93127 3.30312
2.92828 3.29677
2.92871 3.29737
3.59235 3.92946
2.93158 3.30317
2.97711 3.36953
2.98951 3.38128
2.92617 3.28168
2.98685 3.34958
3.60065 3.93683
3.59673 3.93335
3.29729 3.66703
2.97486 3.36718
3.4056 3.76355
3.26032 3.63328
3.08257 3.46613
2.9265 3.28197
2.94032 3.31109
3.27503 3.64604
2.97339 3.36604
3.26129 3.63415
2.93017 3.29892
3.25855 3.63138
3.09683 3.47907
3.87547 4.17963
3.2599 3.63291
2.98124 3.37297
3.3033 3.6717
3.62739 3.9605
2.93196 3.30348
2.93078 3.29977
3.26019 3.63316
3.26254 3.63494
3.87401 4.17834
3.26024 3.63321
2.97124 3.36459
2.92469 3.28046
3.26056 3.63349
3.26665 3.63905
3.27898 3.64956
3.30781 3.67643
3.26048 3.63353
2.93694 3.3075
3.30695 3.67566
2.94026 3.31104
3.52418 3.86905
2.98133 3.37337
3.26528 3.63781
3.79614 4.10965
3.26431 3.63694
2.92825 3.29674
2.97702 3.36945
3.2839 3.65442
3.01774 3.40706
3.26165 3.63448
2.92773 3.2962
3.87634 4.18039
3.25412 3.62771
3.58937 3.92682
2.98854 3.38041
3.08535 3.46865
3.30797 3.67656
3.56361 3.90401
3.26133 3.63419
3.29372 3.66385
2.9316 3.28603
3.27123 3.64313
2.9287 3.29736
2.97461 3.36696
3.30836 3.67691
2.93132 3.30034
3.79019 4.10439
3.30535 3.67423
2.93855 3.30962
3.58977 3.92717
3.26813 3.64036
2.92852 3.29713
3.25636 3.62943
3.32083 3.68804
3.25846 3.63129
2.99157 3.38317
2.92851 3.29712
3.26459 3.63719
3.5905 3.92782
3.57498 3.91407
3.08614 3.46936
3.57174 3.91121
2.97198 3.36458
2.97611 3.36855
3.40551 3.7637
2.93426 3.30564
3.25925 3.63199
2.95014 3.32041
2.92799 3.30054
3.26156 3.6344
2.93077 3.28503
2.97423 3.3392
3.30517 3.67407
2.93151 3.30054
3.27314 3.6448
3.26527 3.6378
2.92836 3.29686
2.93245 3.30411
2.9764 3.36859
3.62471 3.95813
3.31562 3.6834
3.26472 3.63731
2.97589 3.36835
2.93007 3.29867
3.74416 4.06375
2.97725 3.36966
2.92579 3.28122
3.27152 3.64339
3.30998 3.67837
3.3777 3.73873
2.92809 3.29657
3.08201 3.46562
3.61886 3.95295
2.95826 3.30525
2.92875 3.29741
2.92979 3.29837
3.84078 4.14904
3.32068 3.68791
3.0851 3.46842
2.98746 3.35008
3.30834 3.67689
2.97504 3.36735
3.40245 3.76075
2.93387 3.30535
3.08604 3.46928
3.28755 3.65717
3.3139 3.68114
3.30858 3.67711
2.95604 3.32408
2.98319 3.34659
3.56907 3.90883
3.56168 3.90229
3.27554 3.64695
3.30207 3.6713
3.58969 3.92711
2.97515 3.36744
3.24423 3.61905
3.24928 3.62313
3.58165 3.91998
2.93198 3.3035
2.99174 3.38332
3.88347 4.18669
2.93607 3.30543
2.9786 3.37058
3.39256 3.75195
2.92614 3.28166
3.26407 3.63666
3.30629 3.67507
2.93175 3.3033
2.97263 3.36517
3.27183 3.64362
2.9753 3.36758
2.97513 3.36742
2.9772 3.36962
3.62382 3.95734
2.92625 3.28179
3.40781 3.76574
2.93415 3.30337
3.25979 3.63281
2.93884 3.30988
3.25921 3.63196
3.3048 3.67374
2.97919 3.37143
3.81652 4.12764
3.0891 3.47206
3.58544 3.92337
2.99012 3.38184
2.9402 3.31099
2.97584 3.36838
3.30119 3.67052
2.97117 3.36385
3.27961 3.65012
2.93198 3.30349
3.29137 3.66175
2.92641 3.28191
2.9319 3.30373
3.88609 4.18899
2.92592 3.28131
2.9766 3.36901
3.26381 3.63642
2.99135 3.3825
2.99077 3.38244
3.57774 3.91652
3.17507 3.54983
3.25367 3.62746
3.51241 3.85861
3.25643 3.62949
3.26127 3.63413
2.95904 3.3058
3.30685 3.67556
2.93964 3.31053
3.2647 3.63729
3.26775 3.64003
2.93243 3.30409
3.58985 3.92725
2.98288 3.37445
3.26266 3.63539
3.0878 3.47088
2.93027 3.28467
3.30462 3.67358
2.92794 3.29641
2.9288 3.29746
2.94018 3.3105
3.55854 3.89951
2.99035 3.38159
2.97569 3.36824
2.99145 3.38306
2.92853 3.29714
3.26524 3.63777
3.30976 3.67745
2.9285 3.29711
3.6066 3.94209
2.97499 3.3673
3.30767 3.6763
3.28165 3.65193
3.30644 3.6752
2.97502 3.36733
2.93015 3.28496
3.54157 3.88448
2.93969 3.31057
3.76379 4.08109
2.97677 3.36922
2.9315 3.30053
2.92792 3.2964
3.30849 3.67703
3.2579 3.63079
2.99203 3.38312
3.58517 3.9231
3.60551 3.94113
3.2488 3.62312
3.26425 3.6369
3.25833 3.63149
3.26076 3.63368
3.58755 3.9252
2.97567 3.36815
2.95811 3.30514
3.71503 4.03801
2.92801 3.29657
3.0233 3.41212
2.97291 3.36571
3.26457 3.63717
2.92564 3.28111
3.30725 3.67592
3.25325 3.62693
2.95764 3.3048
3.58139 3.91977
3.59011 3.92748
2.93382 3.30527
2.97886 3.37113
2.9329 3.30454
3.62915 3.96205
2.97528 3.36756
3.26074 3.63366
2.92872 3.29735
3.2464 3.62099
2.93157 3.30061
2.95021 3.32047
2.9761 3.36855
2.93143 3.28549
3.26366 3.63636
3.26028 3.63335
2.97679 3.36924
3.30805 3.67664
2.95034 3.32061
2.93286 3.30446
2.93126 3.30291
3.84784 4.15526
3.08775 3.47084
2.92572 3.28117
2.93304 3.30466
3.69149 4.01721
2.94001 3.31083
3.26142 3.63427
2.97564 3.36811
2.93163 3.30047
3.27731 3.64854
3.30033 3.66906
2.96006 3.30654
3.25585 3.62897
2.97609 3.36854
2.95115 3.32148
2.93144 3.30027
2.92839 3.29689
3.3051 3.674
2.92824 3.29673
2.93335 3.30492
3.26064 3.63357
3.00276 3.39339
2.92646 3.28195
2.92602 3.28158
3.44351 3.79747
2.94978 3.32002
2.98835 3.32641
2.93503 3.30629
2.92821 3.2967
3.59223 3.92935
2.92598 3.28154
2.93275 3.30442
3.26361 3.63631
2.92917 3.28389
3.58585 3.9237
2.92834 3.29684
2.99247 3.35422
2.93165 3.30069
2.92833 3.29683
3.59213 3.92926
2.95015 3.32042
3.57938 3.91797
3.08477 3.46811
3.27538 3.64749
3.5925 3.92959
3.26012 3.6331
2.93245 3.30411
3.62082 3.95469
2.94017 3.31096
3.31233 3.67975
3.56037 3.90112
3.48846 3.83737
2.92563 3.28111
3.5629 3.90337
3.0832 3.4667
3.25886 3.63164
2.93349 3.30503
3.30258 3.67175
3.25306 3.62692
2.94117 3.31131
3.26337 3.6361
2.97668 3.36913
2.98873 3.38057
3.26369 3.6364
3.07652 3.46064
3.28625 3.65602
2.95884 3.30566
2.93305 3.30467
2.9302 3.30206
3.57638 3.91531
3.30038 3.6698
3.38769 3.74761
2.97639 3.36858
3.26377 3.63646
3.36571 3.72804
3.26459 3.63719
3.80196 4.11478
3.26117 3.63405
3.25903 3.6318
3.55969 3.90053
2.96922 3.34039
3.57507 3.91415
3.32024 3.68752
3.2635 3.63622
3.26121 3.63407
3.87148 4.17611
2.92817 3.29666
2.92571 3.28116
2.98645 3.32509
2.92711 3.28214
2.92846 3.29707
3.3041 3.67311
3.36134 3.72416
2.93256 3.30427
3.58853 3.92608
2.93248 3.30419
3.26088 3.63345
2.93094 3.28514
2.97447 3.36713
2.93093 3.29992
3.30599 3.6748
3.27826 3.64939
3.28112 3.65196
3.26139 3.63424
3.31002 3.67841
3.61352 3.94822
3.48117 3.8309
2.93188 3.30341
2.93004 3.28489
2.92621 3.28177
3.52808 3.87253
3.30695 3.67566
3.07874 3.46265
2.97731 3.36972
3.17638 3.55101
2.9915 3.38311
2.92854 3.29715
3.56956 3.90928
2.95045 3.32073
2.93238 3.30405
3.5847 3.92269
3.26128 3.63414
2.93293 3.30458
3.57706 3.91591
2.95019 3.32046
3.59035 3.9277
2.99043 3.38212
2.93079 3.28543
3.58751 3.92518
3.2542 3.62751
2.93246 3.30418
3.64506 3.97614
3.25975 3.63277
2.93086 3.28548
2.98613 3.37819
3.58443 3.92244
2.92853 3.29714
2.98524 3.34826
3.30147 3.67076
2.93194 3.30369
2.93223 3.304
3.25883 3.63162
2.9747 3.36704
3.59223 3.92936
3.59144 3.92866
3.55842 3.8994
2.9259 3.2813
2.98865 3.38049
3.88339 4.18662
3.02453 3.41325
3.2647 3.63729
3.31761 3.68518
2.93641 3.30786
2.95 3.32026
3.26508 3.63763
2.98414 3.34735
2.97508 3.36738
3.2624 3.63524
3.26205 3.63492
3.30122 3.67054
2.95644 3.30395
3.25897 3.63175
2.93824 3.30774
3.25898 3.63176
3.26412 3.63677
2.99082 3.38248
3.26056 3.63349
3.46927 3.82034
2.93245 3.30411
3.2586 3.63142
3.26401 3.63667
2.94606 3.31609
2.93164 3.30322
3.51203 3.85827
3.08636 3.46956
2.95816 3.30518
3.28405 3.65407
2.93978 3.31063
3.56949 3.90922
3.59175 3.92893
2.92651 3.28198
2.97558 3.36784
2.93286 3.30451
3.59097 3.92824
2.94052 3.29246
2.99146 3.38307
2.93028 3.28506
3.26132 3.63417
3.28584 3.65615
3.47841 3.82847
3.30849 3.67703
3.25403 3.62778
2.9328 3.30441
2.93237 3.30411
2.93995 3.31078
3.30096 3.67032
2.9575 3.30471
3.25729 3.63025
3.26033 3.6333
2.99074 3.38241
2.93245 3.30411
3.71068 4.03417
2.92832 3.29681
2.93225 3.30395
3.3174 3.68499
3.26037 3.63333
3.01665 3.40607
2.92603 3.28158
3.58861 3.92614
3.3195 3.68686
3.86247 4.16817
3.25486 3.62809
3.08379 3.46723
2.98068 3.37322
2.92641 3.28191
3.26431 3.63694
3.2588 3.63159
3.26452 3.63713
2.92879 3.29743
3.24808 3.62248
3.25717 3.63045
3.30792 3.67652
3.58405 3.92211
2.99154 3.38314
2.9329 3.30455
2.92614 3.28166
3.57898 3.91761
2.93171 3.30328
3.27638 3.64724
3.30425 3.67325
3.29923 3.66876
3.26392 3.63652
2.93069 3.28536
3.58842 3.92598
2.93072 3.28538
2.98651 3.34931
3.581 3.91941
2.97529 3.36758
2.92532 3.28106
3.30314 3.67226
3.07701 3.46107
2.93872 3.30977
3.25416 3.62747
3.58198 3.92027
3.28179 3.65254
2.9329 3.30449
2.98694 3.34965
3.30659 3.67533
3.46537 3.81689
2.92855 3.29717
2.97961 3.32032
2.93967 3.31055
3.58297 3.92115
3.00861 3.39873
2.99031 3.38201
3.52201 3.86712
3.30765 3.67628
2.93249 3.30414
3.26095 3.63385
2.99035 3.35247
3.7507 4.06953
2.92652 3.28199
2.9773 3.36965
3.57943 3.91802
2.93978 3.31064
2.99132 3.38294
2.93238 3.30405
3.26342 3.63615
3.31404 3.68199
3.08188 3.4655
3.35916 3.72222
2.92817 3.29665
3.30479 3.67373
3.08496 3.46829
2.93242 3.30409
3.40516 3.76317
3.25993 3.63304
2.95875 3.3056
3.52848 3.87288
2.92612 3.28165
3.08506 3.46839
3.30439 3.67267
2.97599 3.36845
3.25703 3.63002
3.30797 3.67587
2.93233 3.30408
3.25826 3.63143
3.40693 3.76473
3.31258 3.67997
2.92683 3.28218
2.99087 3.38253
2.93484 3.30612
3.08357 3.46703
2.93106 3.30006
3.54856 3.89067
3.26474 3.63732
3.58343 3.92158
3.25584 3.62896
2.92871 3.29734
3.25921 3.63196
3.58478 3.92275
2.93056 3.29953
2.97576 3.3683
2.93246 3.30412
3.08058 3.46431
3.81979 4.13052
2.98761 3.35021
3.07167 3.45625
3.29725 3.667
2.93096 3.29995
2.92856 3.29717
3.02304 3.41189
3.30499 3.67391
3.08545 3.46874
2.9733 3.36597
3.25917 3.63192
3.08503 3.46835
3.58715 3.92485
3.88745 4.19019
3.16907 3.54442
2.93996 3.31079
3.54435 3.88693
3.28478 3.65472
2.93243 3.30409
3.25922 3.63197
3.29069 3.66115
2.9861 3.37818
3.56289 3.90337
2.92797 3.28304
2.93046 3.28519
3.30729 3.67596
3.26087 3.63388
2.9512 3.30023
2.92635 3.28182
3.26161 3.63444
2.93166 3.30071
3.31564 3.68342
3.31907 3.68648
2.93232 3.30399
3.26119 3.63407
3.58426 3.92232
2.92464 3.28066
2.97429 3.33925
2.92595 3.28152
2.92749 3.28268
3.31109 3.67936
2.9771 3.36952
2.96874 3.3399
3.30709 3.67579
3.2575 3.63043
3.26337 3.63611
3.26269 3.6355
3.6287 3.96165
2.92715 3.28245
2.94847 3.31864
3.25819 3.63105
2.93174 3.30059
2.92855 3.29716
3.30683 3.67554
3.25995 3.63306
3.56915 3.9089
2.92866 3.29731
3.56436 3.90466
2.9324 3.30407
3.26184 3.63474
3.84055 4.14883
3.25847 3.6313
2.93246 3.30412
2.92673 3.28249
3.58625 3.92405
2.93161 3.30321
2.92871 3.29737
3.87163 4.17624
3.08294 3.46647
3.26537 3.63789
3.52194 3.86707
2.93899 3.30999
2.97603 3.36848
3.58799 3.92559
3.30852 3.67706
2.95042 3.3207
2.97421 3.36659
2.94856 3.31873
3.26059 3.63364
2.9307 3.28537
3.69072 4.01653
2.97583 3.36829
3.26753 3.64048
3.2575 3.63044
3.31041 3.67804
2.98408 3.32344
2.93203 3.30353
3.2607 3.63362
3.25966 3.63237
3.26073 3.63375
3.58665 3.92441
2.99149 3.3831
3.70339 4.02773
3.32613 3.69278
2.95814 3.30517
3.08488 3.46822
3.26466 3.63726
3.59143 3.92865
2.93306 3.30467
3.2983 3.66725
2.92824 3.29686
3.77057 4.08708
3.2583 3.63114
2.96915 3.36202
3.25976 3.63288
3.26409 3.63675
2.9674 3.3385
3.57713 3.91599
2.92643 3.28192
3.02998 3.38501
3.24628 3.6215
2.97527 3.36755
2.93561 3.30677
2.98725 3.34993
3.29874 3.66833
2.98717 3.34985
3.25566 3.6288
3.58575 3.92362
2.93868 3.30973
3.14348 3.5213
2.95048 3.32076
2.97609 3.36853
3.30683 3.67554
3.55195 3.89367
2.98196 3.32196
3.26351 3.63623
2.93187 3.3034
2.94019 3.31098
2.97568 3.36816
2.95696 3.30432
3.30636 3.67513
3.82634 4.1363
3.07441 3.45872
2.9279 3.29645
3.59993 3.93619
2.98718 3.34986
3.25876 3.63156
3.58019 3.91869
3.78981 4.10406
2.93092 3.30264
2.93163 3.30321
3.26381 3.63642
2.92715 3.2957
3.58972 3.92713
3.26351 3.63623
3.28191 3.65265
3.58022 3.91872
2.93064 3.28532
3.57236 3.91175
3.25894 3.63172
3.08407 3.46748
2.97609 3.36853
3.56383 3.90421
2.97434 3.36672
3.30796 3.67656
3.8196 4.13035
2.92621 3.28176
3.26387 3.63647
2.98056 3.37236
3.30825 3.67682
3.25802 3.6309
3.07675 3.46085
2.93206 3.30378
3.8645 4.16996
3.25629 3.62936
2.97524 3.36753
2.99121 3.38283
3.26524 3.63778
2.96763 3.33874
3.58641 3.9242
3.58777 3.9254
2.93243 3.3041
3.26151 3.63435
2.93077 3.28542
3.26085 3.63376
2.97481 3.36714
3.6215 3.95529
3.26167 3.63449
2.9941 3.38549
3.00414 3.36381
2.95883 3.30565
2.98982 3.38156
3.30974 3.67744
3.40165 3.76004
3.58357 3.9217
2.93281 3.30447
2.9308 3.28543
3.2625 3.63533
2.95702 3.30438
3.30316 3.67227
3.26096 3.63385
3.30579 3.67462
3.85842 4.1646
2.92818 3.29667
3.85658 4.16297
3.84654 4.15411
2.93588 3.30665
2.99221 3.38376
2.97574 3.36821
2.93966 3.29185
3.30557 3.67442
2.98689 3.34961
2.97537 3.36787
3.26075 3.63377
3.07107 3.45568
2.98393 3.37618
2.92644 3.28193
3.08473 3.46809
3.62515 3.95852
2.92872 3.29737
2.93988 3.31072
2.93302 3.30464
3.30626 3.67506
2.92833 3.29682
3.84435 4.15218
2.9671 3.36042
3.25871 3.63151
2.99152 3.38312
2.92971 3.29829
3.31628 3.68399
3.30532 3.6742
3.29874 3.66833
2.98286 3.37478
2.92588 3.28128
3.26085 3.63375
3.0857 3.46896
2.93148 3.30051
2.93004 3.29896
3.30731 3.67597
3.40322 3.76144
2.92654 3.282
2.93053 3.28524
2.93245 3.30388
3.31329 3.68132
2.97477 3.3671
3.30617 3.67496
2.92985 3.29859
2.93287 3.30447
3.28033 3.65125
2.92858 3.29722
2.9324 3.30407
2.93068 3.28495
2.92852 3.29713
3.85854 4.1647
2.93272 3.3044
2.98675 3.34949
3.88216 4.18553
3.55956 3.90042
2.95054 3.32082
3.08287 3.4664
2.92831 3.2968
2.97647 3.36865
3.25693 3.63037
3.38431 3.74461
3.62782 3.96088
2.99172 3.3833
3.27393 3.64619
3.29163 3.662
2.9308 3.28544
3.257 3.63043
2.92873 3.29738
2.92859 3.29721
2.93287 3.30452
3.00733 3.36643
3.2512 3.62484
3.26509 3.63764
2.94896 3.31917
3.58465 3.92264
3.08559 3.46887
2.92614 3.28166
2.975 3.36753
3.4685 3.81966
2.92826 3.29675
3.2598 3.63281
2.97513 3.36743
3.58196 3.92025
2.92867 3.29732
3.08486 3.46822
2.95001 3.32027
2.97706 3.31853
2.93413 3.28786
2.92864 3.29715
3.58716 3.92486
2.99313 3.38412
2.97725 3.36966
3.31905 3.68646
3.15548 3.53214
2.99082 3.38248
2.99037 3.38206
3.26404 3.6367
2.92627 3.28156
2.9308 3.28504
3.57167 3.91116
2.95834 3.30532
3.31133 3.67957
3.39137 3.75089
2.92769 3.28282
3.25678 3.62981
3.08377 3.46721
2.9577 3.30485
3.37451 3.73588
3.30083 3.67019
3.26116 3.63403
3.258 3.63088
2.9401 3.3109
3.08229 3.46586
2.92851 3.29712
3.62467 3.95809
2.93196 3.30347
3.54835 3.89049
2.93176 3.28614
2.92614 3.28166
2.92493 3.28062
2.99583 3.38707
2.92864 3.28321
2.92614 3.28167
2.99286 3.35454
3.4928 3.84123
3.25645 3.6295
3.26055 3.63349
2.97202 3.36478
3.27945 3.65046
3.54654 3.88887
3.59044 3.92777
2.92647 3.28195
3.30381 3.67286
2.92839 3.29689
3.58601 3.92385
2.93201 3.30351
3.37843 3.73937
3.24784 3.62186
2.9286 3.29712
3.30633 3.6751
2.9299 3.28479
2.93162 3.30321
3.58865 3.92618
3.25806 3.63138
2.93221 3.30398
3.30757 3.67621
2.93202 3.30375
2.94979 3.32004
2.93299 3.30462
3.26328 3.63595
2.97676 3.36921
3.57634 3.91527
2.9791 3.37135
3.02438 3.41311
2.97864 3.37093
2.93174 3.28612
2.97586 3.36832
3.5678 3.90773
3.26082 3.63373
3.26356 3.63629
3.30324 3.67234
3.25852 3.63134
2.92835 3.29685
3.58753 3.9252
2.95897 3.30575
3.26029 3.63325
2.94031 3.31108
3.5966 3.93324
3.25908 3.63185
3.25184 3.6254
3.57287 3.91221
2.99049 3.38218
2.97706 3.36948
2.93373 3.30492
2.96822 3.33935
3.25281 3.62627
2.93263 3.30403
3.56357 3.90398
2.93299 3.30462
3.26285 3.63565
2.92652 3.28199
2.9875 3.35012
3.25854 3.63138
2.9769 3.34141
2.96908 3.33497
3.58454 3.92254
2.94941 3.31963
2.99117 3.38279
2.93074 3.28539
2.92974 3.29847
2.93274 3.30436
3.59057 3.92788
2.92584 3.28126
3.25833 3.63118
3.30852 3.67705
3.58053 3.919
3.30146 3.67076
3.58599 3.92382
2.9325 3.30416
3.26537 3.63789
2.9292 3.29789
2.93551 3.30669
2.93219 3.30389
3.31805 3.68557
3.57023 3.90988
3.01079 3.40072
2.97602 3.36846
2.97814 3.37048
3.58793 3.92556
2.9282 3.29678
3.30666 3.6754
3.25219 3.62573
3.2951 3.6644
2.93016 3.28497
2.99128 3.3829
3.25834 3.63151
2.92639 3.28185
3.59019 3.92756
2.97603 3.36848
2.93307 3.30468
3.25697 3.6304
2.92568 3.28139
3.27686 3.64814
3.25916 3.63191
2.93066 3.28533
2.97713 3.36955
2.95844 3.30537
3.25617 3.62925
3.25878 3.63157
2.95724 3.30452
3.25351 3.62716
3.56247 3.90299
3.2715 3.64402
2.92612 3.28165
3.26214 3.63502
2.93163 3.28604
3.27687 3.64815
2.95843 3.30538
3.28716 3.65683
3.25882 3.63161
2.99214 3.38322
2.98701 3.34971
3.58273 3.92094
3.26278 3.63514
3.08189 3.46551
2.95605 3.30368
3.29664 3.66645
2.92856 3.2972
2.97625 3.36845
3.25761 3.63054
3.26524 3.63777
3.08268 3.46624
3.25809 3.6314
2.98688 3.37843
2.93129 3.30294
3.37649 3.73765
2.92851 3.29712
2.96088 3.30712
3.25864 3.63145
2.93989 3.31073
3.55658 3.89777
3.30711 3.67579
3.26268 3.63549
3.26495 3.63752
3.57998 3.9185
3.26159 3.63409
3.59871 3.93511
2.9502 3.32047
3.28465 3.6546
2.93146 3.28551
3.32038 3.68765
3.08036 3.46412
2.92648 3.28196
3.2713 3.64319
3.31272 3.6801
3.40647 3.76433
3.57441 3.91357
2.92715 3.28217
3.60991 3.94503
2.9365 3.30714
2.94056 3.31129
2.98653 3.34931
3.23425 3.61015
3.58553 3.92343
3.26006 3.63273
2.93082 3.28546
2.94883 3.31903
2.93235 3.30409
2.93004 3.29878
3.25886 3.63165
2.93238 3.30413
3.26433 3.63697
3.58217 3.92044
3.60878 3.94402
2.92812 3.29669
2.97504 3.36735
2.92624 3.28179
3.25478 3.62802
2.92603 3.28158
3.26144 3.63429
2.92873 3.29738
3.30658 3.67532
2.92854 3.29715
3.61359 3.94829
2.9487 3.31889
3.09539 3.47776
3.26188 3.63435
3.26352 3.63616
3.25842 3.63127
3.26503 3.6376
2.93173 3.30329
3.29763 3.66734
2.93255 3.30426
2.92843 3.29703
3.25777 3.63068
2.98443 3.32369
3.62544 3.95878
2.98461 3.37602
3.29767 3.66738
2.93045 3.28518
3.60653 3.94203
3.25902 3.63211
2.9324 3.30407
3.26152 3.63446
3.28179 3.6532
3.28103 3.65188
3.25866 3.63147
2.92854 3.29719
2.98712 3.3498
3.5917 3.92888
2.94065 3.29255
3.02718 3.38272
3.3028 3.67195
3.26494 3.6375
3.59214 3.92928
2.94026 3.31104
3.26098 3.63388
2.97704 3.36946
3.25906 3.63182
3.61551 3.94998
3.26147 3.63431
3.30369 3.67275
3.26915 3.64081
3.30161 3.67089
2.93797 3.30746
3.61478 3.94934
2.98695 3.34966
3.25805 3.63093
2.98567 3.34861
3.3077 3.67632
3.27851 3.64962
2.97639 3.36887
2.9259 3.2813
3.2713 3.64319
2.92618 3.28175
3.29905 3.66862
3.25691 3.62991
3.25717 3.63015
2.92954 3.2981
2.9703 3.33597
3.24693 3.62104
3.30604 3.67484
2.93605 3.30678
2.98242 3.37438
3.30169 3.67097
2.93242 3.30409
3.5715 3.91099
3.61595 3.95037
3.25408 3.62739
2.97595 3.36841
3.61951 3.95353
3.26096 3.63386
2.93233 3.30401
2.97589 3.36835
2.98944 3.38123
2.92629 3.28157
3.29898 3.66855
3.26239 3.6348
3.26136 3.63388
2.92843 3.29703
3.57228 3.91168
3.61947 3.95349
2.99033 3.38203
3.01438 3.404
3.07706 3.46112
2.93583 3.3066
2.97732 3.36972
3.5924 3.92951
2.97382 3.36624
3.2649 3.63747
3.26038 3.63333
3.27034 3.64187
2.93236 3.30403
2.97777 3.37014
3.54784 3.89002
3.62388 3.95739
2.97547 3.36803
3.6278 3.96086
3.25986 3.63286
3.08534 3.46864
2.95519 3.30307
2.92642 3.28187
3.28822 3.65777
3.53875 3.88197
3.02394 3.41271
3.59083 3.92811
3.25702 3.63032
2.98579 3.34872
3.26278 3.63515
2.92979 3.2847
2.92585 3.28127
3.58294 3.92113
2.92651 3.28198
3.34161 3.70657
2.985 3.37637
3.30094 3.6703
2.94591 3.31594
2.98736 3.35
3.26413 3.63671
3.08473 3.46808
3.26274 3.63511
3.58645 3.92423
2.92619 3.28176
2.94028 3.31105
2.92609 3.28162
3.5781 3.91684
3.3079 3.6765
2.97598 3.36843
3.54182 3.88469
2.98696 3.34967
2.97673 3.36918
2.98464 3.37685
3.26458 3.63719
3.34945 3.71357
3.26326 3.63592
3.28191 3.65332
2.99369 3.38511
3.08469 3.46804
2.93128 3.3003
3.26913 3.64125
2.92872 3.29735
2.93208 3.30358
3.59168 3.92887
3.57105 3.91059
2.98352 3.34686
3.58263 3.92085
3.26016 3.63314
3.57503 3.91411
2.92838 3.29688
2.97697 3.34146
3.07838 3.46232
3.3176 3.68517
2.99094 3.3826
2.92681 3.2822
3.58938 3.92683
2.95006 3.32033
3.09712 3.47934
3.25676 3.63021
3.26495 3.63751
3.28874 3.65824
2.92703 3.28209
3.4016 3.76
2.9329 3.30455
3.51836 3.86389
2.94991 3.32016
2.93218 3.30388
3.25443 3.62771
3.25834 3.6312
2.98755 3.32585
2.98629 3.34912
3.58819 3.92578
2.95822 3.30522
2.95967 3.30626
3.26433 3.63696
3.54202 3.88487
3.25856 3.63138
2.97395 3.36636
3.30586 3.67468
2.98358 3.37509
2.97715 3.36956
3.25715 3.63012
3.25776 3.6311
2.93246 3.30412
2.9583 3.30527
3.38328 3.7437
3.26172 3.63453
3.56847 3.90831
2.93193 3.28627
3.26477 3.63735
3.25638 3.62974
2.9758 3.36827
2.9976 3.38868
2.92628 3.28182
3.56523 3.90543
3.58108 3.91948
3.06915 3.45394
3.37438 3.73577
3.57614 3.91511
2.92635 3.28182
2.97514 3.36744
2.98204 3.37403
2.9412 3.31134
3.26429 3.63693
2.97547 3.36796
2.95879 3.30564
2.93278 3.30445
3.31935 3.68673
2.93765 3.2904
3.40293 3.76118
3.26238 3.63479
2.93409 3.30553
3.30478 3.67372
2.98777 3.37969
3.57608 3.91505
2.98635 3.34917
3.26324 3.63599
2.95584 3.30353
3.36797 3.73006
3.58457 3.92258
2.93167 3.30071
2.98751 3.35013
3.58104 3.91945
3.26107 3.63396
2.92588 3.28128
3.27418 3.64576
2.99533 3.38661
2.93657 3.28962
2.92839 3.29689
2.9769 3.36935
3.58835 3.92591
2.92628 3.28156
2.97517 3.36746
3.26108 3.63397
2.93185 3.30368
3.26509 3.63764
3.08588 3.46912
2.97506 3.36737
2.93247 3.30412
3.26479 3.63737
2.98981 3.35203
3.58721 3.92491
2.93003 3.30193
2.94233 3.31276
3.26135 3.63387
2.92855 3.29717
3.31191 3.67937
2.92887 3.28337
2.95131 3.32017
2.97692 3.36936
3.30691 3.67561
3.25999 3.63266
2.93023 3.30237
2.92851 3.29712
3.26024 3.63321
2.93194 3.30346
3.59147 3.92868
3.26159 3.63452
3.39129 3.75082
3.34135 3.70635
3.59169 3.92888
2.93168 3.30326
3.59056 3.92788
3.28196 3.65221
3.26154 3.63438
2.93193 3.30345
3.54055 3.88356
2.93102 3.30001
2.97603 3.36848
3.29256 3.66281
3.25794 3.63083
3.26401 3.63667
3.3019 3.67115
2.92976 3.29849
3.30723 3.6759
3.25846 3.63129
2.98945 3.38123
2.92583 3.28144
3.26148 3.63399
3.25904 3.63181
2.99098 3.38263
3.08612 3.46934
3.26475 3.63734
3.25895 3.63282
3.25959 3.63262
2.97477 3.3671
3.25475 3.62843
2.97611 3.36855
3.5874 3.92507
2.93238 3.30405
3.25652 3.62957
2.95827 3.30526
2.92627 3.28181
3.5645 3.90479
2.93188 3.30371
2.99524 3.38653
3.26141 3.63436
3.30431 3.6733
2.93056 3.29934
2.98382 3.34709
2.98164 3.37366
3.54078 3.88376
2.92564 3.28111
2.97544 3.36772
3.27065 3.6426
2.92636 3.28183
2.93992 3.31076
3.26102 3.63391
2.92881 3.29746
2.95857 3.30547
3.25917 3.63192
3.25696 3.62996
2.98286 3.34631
2.93255 3.30396
2.99103 3.38268
2.95005 3.3203
3.30349 3.67257
3.29329 3.66346
3.30452 3.67348
3.08611 3.46934
3.29936 3.66819
3.58071 3.91915
2.99203 3.35386
3.58874 3.92626
2.92643 3.28193
2.93995 3.31078
2.98411 3.37556
2.92649 3.28197
3.26055 3.63316
3.26925 3.64136
3.30167 3.67096
2.97759 3.36997
3.27569 3.64708
3.57034 3.90996
3.25596 3.62907
2.97492 3.36754
3.29396 3.66339
3.25468 3.62837
3.26288 3.63559
2.95649 3.32445
3.2639 3.6365
2.92792 3.29652
3.57107 3.9106
3.28263 3.6528
3.30784 3.67646
2.97595 3.3684
3.26166 3.63449
2.95219 3.30094
3.57902 3.91765
2.92917 3.29785
3.25923 3.63198
3.57961 3.91817
2.92853 3.29705
3.39664 3.75558
3.58408 3.92213
3.58566 3.92353
3.26171 3.63453
2.92878 3.29744
3.26153 3.63437
2.92828 3.29678
2.93203 3.30353
3.26514 3.63768
2.92848 3.29711
2.93237 3.30404
3.26116 3.63403
2.95629 3.30385
3.26063 3.63356
3.2646 3.6372
3.58584 3.92369
3.30773 3.67635
2.929 3.29765
3.58763 3.92528
3.15427 3.53105
2.93258 3.30428
3.29836 3.66731
3.3986 3.75733
2.9932 3.38467
3.25717 3.63015
2.93157 3.30061
3.26645 3.63887
3.5868 3.92454
2.93059 3.28529
3.25739 3.63077
3.5916 3.9288
2.92835 3.29695
2.94022 3.311
3.56052 3.90126
3.25836 3.63152
3.3008 3.67016
2.97565 3.3682
3.252 3.62598
3.30346 3.67254
2.92575 3.28119
2.94228 3.31272
3.26991 3.64195
2.97463 3.36697
3.24488 3.61962
3.25872 3.63152
3.08461 3.46797
3.2644 3.63702
2.94435 3.29534
3.26333 3.63606
3.25702 3.63002
3.58338 3.92151
3.26158 3.63442
3.58425 3.92229
2.95648 3.32445
3.2661 3.63855
2.92937 3.29825
2.92848 3.29708
3.28861 3.65812
2.95015 3.32041
3.25868 3.63149
2.9882 3.38009
2.92819 3.28355
2.93123 3.28535
3.58335 3.92149
3.58797 3.92558
3.08574 3.469
3.26126 3.63412
3.26155 3.63405
2.98915 3.38096
3.28727 3.65811
2.92939 3.29809
3.25851 3.63166
2.99114 3.38231
3.29972 3.66922
3.30794 3.67654
3.25827 3.63144
2.97649 3.36891
2.9865 3.34929
3.06492 3.45011
3.30757 3.67621
2.93263 3.30403
3.30827 3.67683
3.30826 3.67682
3.26199 3.63479
2.98065 3.37275
2.94997 3.32023
2.98198 3.34557
2.97606 3.36857
3.2584 3.63124
2.92837 3.29686
2.9802 3.3441
2.92616 3.28173
3.28584 3.65682
3.30592 3.67473
2.97998 3.34393
3.26389 3.63657
2.97622 3.36866
2.93032 3.28509
2.97357 3.36602
3.25875 3.63155
2.93427 3.30565
3.26404 3.63672
3.29795 3.66762
3.30601 3.67482
2.92876 3.29742
3.28138 3.6522
3.40557 3.76353
3.24705 3.62218
2.97695 3.36939
3.26507 3.63762
3.34557 3.71011
3.26129 3.63415
2.9866 3.34937
3.26502 3.63758
2.93233 3.30401
2.98981 3.38156
2.93959 3.31049
3.27078 3.64273
2.98111 3.37317
2.98847 3.38033
2.92823 3.29673
2.93285 3.3045
3.27058 3.64321
2.92939 3.28442
3.25905 3.63182
2.92641 3.28187
3.25967 3.63269
2.92651 3.28198
2.93555 3.30638
3.3081 3.67668
2.97714 3.36956
2.97686 3.36931
3.30586 3.6747
2.93203 3.30354
3.29172 3.66207
3.25751 3.63044
2.9265 3.28198
2.9385 3.30959
3.38437 3.74467
2.93375 3.30493
3.30491 3.67384
3.28408 3.65409
2.93246 3.30412
3.25763 3.63055
2.98993 3.38167
2.98417 3.37597
3.28511 3.65617
2.93017 3.29877
2.97642 3.36884
3.31391 3.68115
2.97553 3.36809
3.26136 3.63422
3.30861 3.67713
2.93155 3.30315
2.93481 3.3061
2.98259 3.37454
3.348 3.71227
2.92839 3.29689
2.93635 3.30702
3.2753 3.64673
2.92591 3.2813
2.94873 3.31892
2.98217 3.37415
2.92642 3.28192
3.26151 3.63444
3.30322 3.67233
2.92834 3.29694
2.92852 3.29713
3.29928 3.66881
3.30768 3.67631
3.26489 3.63746
3.25836 3.63121
2.93745 3.29025
2.97577 3.36832
2.9753 3.36758
3.26542 3.63793
3.28509 3.65616
3.26677 3.63915
3.30722 3.67589
3.29897 3.66855
3.36121 3.72404
2.9754 3.3679
3.26247 3.63487
2.9875 3.35012
3.25898 3.63175
2.97561 3.36809
2.99126 3.38288
3.38656 3.74661
2.97712 3.36954
3.27946 3.65047
3.26907 3.64075
3.25858 3.6314
2.99089 3.38255
2.99016 3.38188
2.92742 3.28264
2.92848 3.28309
3.30834 3.6769
3.26477 3.63736
3.26162 3.63445
2.92856 3.29717
3.25967 3.63238
3.31828 3.68577
2.9892 3.381
3.08548 3.46876
2.92995 3.29854
3.26151 3.63435
3.39725 3.75613
2.99122 3.38284
2.98564 3.34859
2.99534 3.38662
2.931 3.28559
3.25814 3.63102
2.92524 3.28084
2.98566 3.32454
2.94182 3.31234
3.39329 3.7526
2.97529 3.36758
2.92586 3.28126
2.97677 3.36917
3.26103 3.63392
3.2617 3.63452
3.3058 3.67463
3.39928 3.75793
2.95009 3.32035
3.08462 3.46799
3.25914 3.6319
3.27986 3.65082
3.39372 3.75299
2.95917 3.30589
2.93239 3.30406
3.39729 3.75616
2.97595 3.3684
3.28584 3.65566
2.92346 3.27982
3.25985 3.63285
3.26444 3.63706
2.93197 3.30348
2.98952 3.38129
3.26361 3.63624
2.92852 3.29713
3.26321 3.63588
2.97608 3.36852
2.97541 3.36791
2.95858 3.30547
2.92853 3.29714
3.26728 3.64025
2.93935 3.31029
3.30703 3.67573
2.97351 3.36597
3.26006 3.63315
2.93276 3.30437
3.262 3.6348
2.9376 3.30706
2.94024 3.29226
3.04506 3.43206
3.25807 3.63094
3.3051 3.674
2.93033 3.29894
3.30559 3.67445
3.25794 3.63083
3.26498 3.63754
2.92831 3.29681
3.26528 3.63781
2.92838 3.29687
2.97518 3.36747
2.98863 3.38048
2.92584 3.28125
3.31435 3.68154
2.92864 3.29726
2.9306 3.28529
2.93188 3.30341
3.31933 3.68671
3.29389 3.66402
3.08255 3.46611
2.92632 3.28185
2.92518 3.2808
3.30645 3.67521
2.93588 3.30665
3.25848 3.6313
3.09072 3.47353
2.93162 3.30066
3.26215 3.63458
2.9291 3.29779
2.92905 3.29759
2.92854 3.29715
2.97507 3.36738
2.97735 3.36975
3.30834 3.6769
3.08364 3.46711
3.25974 3.63286
2.99154 3.38314
2.92581 3.28124
3.26123 3.6341
2.97915 3.37139
3.28714 3.65799
2.92698 3.28232
3.31331 3.68134
3.17943 3.55377
2.97456 3.36713
2.93238 3.30148
3.26118 3.63405
3.06941 3.45419
2.92599 3.28136
2.9279 3.29637
2.987 3.3497
3.30412 3.67312
2.97262 3.36516
2.93402 3.30547
3.30563 3.67449
2.93974 3.3106
3.26165 3.63448
3.08639 3.46959
2.93246 3.30412
3.25822 3.63108
2.93066 3.28533
2.98685 3.37886
2.97613 3.36857
3.26612 3.63857
2.93294 3.30458
2.93138 3.30041
3.2606 3.63364
3.00806 3.36703
3.26143 3.63428
2.93301 3.30464
2.9827 3.34617
3.26528 3.63781
2.97476 3.36709
2.97549 3.36798
3.31068 3.679
3.31441 3.68233
2.97497 3.3675
2.9755 3.36799
2.97719 3.3696
3.27014 3.64215
3.26411 3.63676
2.93215 3.30386
3.29069 3.66047
3.26419 3.63684
3.31959 3.68694
3.30696 3.67566
2.98165 3.3453
2.93111 3.29992
3.26327 3.63601
3.08488 3.46822
3.24685 3.62097
3.31604 3.68377
3.07507 3.45932
3.02198 3.41093
3.27972 3.6507
2.9325 3.30415
3.25827 3.63113
2.97344 3.3662
2.92625 3.2818
2.92592 3.2813
3.30717 3.67586
3.31643 3.68412
3.30187 3.67112
2.97853 3.37083
2.92821 3.29683
3.30444 3.67341
3.27998 3.65044
3.26097 3.63398
2.93343 3.3054
3.30856 3.67709
3.26466 3.63726
3.32038 3.68764
2.97588 3.36812
3.26391 3.6366
2.97721 3.36962
2.9319 3.30077
2.92584 3.28126
3.29834 3.66797
2.92836 3.29687
3.24078 3.61557
3.29396 3.66407
2.98375 3.34702
2.99135 3.3533
3.26172 3.63463
3.2979 3.66758
3.25605 3.62915
3.26048 3.63353
2.97504 3.36735
2.99144 3.38305
2.97504 3.36734
3.2839 3.65509
2.98641 3.37845
2.93917 3.31014
2.92541 3.28112
3.26463 3.63723
2.97527 3.36756
3.25915 3.6319
2.9747 3.36725
2.93205 3.30355
2.9263 3.28183
2.92653 3.282
3.29178 3.66212
3.2986 3.6682
2.92793 3.30049
3.26259 3.63532
2.97606 3.36851
3.2639 3.63657
2.92821 3.2967
3.25924 3.63199
2.98546 3.34844
3.25844 3.63127
3.26379 3.63648
2.97713 3.36954
2.96065 3.30696
3.18335 3.5573
3.25658 3.62963
3.2609 3.6338
3.3006 3.66999
2.94715 3.31724
2.99115 3.35313
2.92844 3.29705
3.31369 3.68096
2.9586 3.30549
2.93936 3.31029
3.25519 3.62839
2.92913 3.29781
2.93943 3.31035
3.07968 3.4635
2.92613 3.28166
3.29952 3.66902
3.28198 3.65222
2.93156 3.30059
3.09538 3.47775
3.27754 3.64874
3.25875 3.63155
3.26041 3.63337
3.30597 3.67478
3.08562 3.4689
3.30279 3.67194
2.93199 3.30349
2.98834 3.37976
3.29129 3.66168
3.30451 3.67347
3.30639 3.67515
3.26146 3.6343
2.92843 3.29703
2.95277 3.32138
3.2582 3.63105
2.97689 3.36933
2.93201 3.30352
3.26516 3.6377
3.26119 3.63406
2.94003 3.31085
3.30831 3.67687
2.97572 3.36826
3.30736 3.67601
2.92882 3.28333
3.28049 3.65139
3.25646 3.62995
3.30468 3.67363
3.25866 3.63191
3.30543 3.6743
2.92838 3.29688
2.9868 3.3788
2.93236 3.30404
2.9586 3.30549
3.17706 3.55162
2.97107 3.36376
3.30639 3.67515
2.97515 3.36745
3.07174 3.4563
2.9287 3.29736
3.30718 3.67586
2.9319 3.30343
3.25744 3.63038
2.97919 3.34328
2.92587 3.28127
2.93299 3.30461
2.93623 3.30693
2.97606 3.36857
3.26281 3.63552
3.28566 3.65549
2.92854 3.29715
3.2625 3.63533
2.97638 3.36856
3.24058 3.6158
3.26089 3.63379
3.30671 3.67544
2.92861 3.29712
2.94028 3.31105
3.08583 3.46908
3.26827 3.64043
2.94768 3.31781
3.30277 3.67192
3.25797 3.63129
3.30733 3.67599
3.26086 3.63377
2.99155 3.38268
3.26266 3.63538
3.25678 3.6301
2.93549 3.30633
3.30542 3.67429
2.95796 3.30503
2.93206 3.30356
2.93653 3.30717
3.27902 3.64959
2.93133 3.28583
2.93125 3.30291
3.30424 3.67323
3.24941 3.62348
3.30556 3.67442
2.92636 3.28187
3.3071 3.67579
3.28443 3.65441
2.97661 3.36907
3.25743 3.63069
2.93296 3.30459
3.29996 3.66873
2.99088 3.38254
3.26382 3.63651
2.97898 3.31988
2.97505 3.36735
3.24926 3.62335
3.26352 3.63616
3.26529 3.63782
3.25981 3.63283
2.96908 3.36223
2.94963 3.31986
3.26273 3.63553
3.26832 3.64053
3.23463 3.61049
2.92979 3.28471
2.98177 3.37379
3.2577 3.63062
3.11938 3.4995
2.92583 3.28143
3.27091 3.64284
2.93233 3.30378
3.29178 3.66145
3.25845 3.63129
2.97598 3.36843
3.08495 3.46829
2.92755 3.28272
3.26316 3.63592
2.93251 3.30416
3.26424 3.6369
2.97507 3.36738
3.26536 3.63788
3.26453 3.63713
2.9262 3.28176
2.98277 3.37436
2.93122 3.30023
2.93237 3.30404
3.26496 3.63752
3.03456 3.38877
2.97781 3.37018
3.24654 3.62069
3.26094 3.63383
3.25975 3.63277
3.08127 3.46494
2.98683 3.34956
3.31457 3.68174
2.92876 3.29742
2.9745 3.36686
2.97525 3.36754
3.30676 3.67478
2.93278 3.30444
3.31194 3.6794
2.991 3.38264
2.95276 3.32316
3.26065 3.63357
2.92858 3.29719
3.2617 3.63463
2.98999 3.38126
3.26296 3.63574
2.98198 3.32197
3.26158 3.63451
2.92986 3.2986
2.98612 3.34898
3.27827 3.6494
2.92815 3.29664
3.261 3.63389
3.08091 3.46462
2.93206 3.30356
3.28511 3.6555
3.26535 3.63788
2.97693 3.36936
3.2568 3.63024
3.24686 3.62139
3.09109 3.47386
2.98663 3.3494
3.25366 3.62746
3.26472 3.63731
2.93177 3.30332
2.94156 3.31212
3.3068 3.67482
3.29172 3.66139
2.92552 3.28103
2.97721 3.36962
3.30495 3.67318
3.30275 3.67122
2.97994 3.37209
2.92981 3.29854
3.28585 3.65567
2.97452 3.36688
3.26206 3.63494
2.92875 3.2974
2.93361 3.30509
3.30327 3.67167
3.26196 3.63485
3.25914 3.6319
3.01503 3.40459
3.00929 3.39936
2.92854 3.29705
2.99074 3.38241
3.27025 3.64225
2.96072 3.33152
3.30943 3.67716
2.95638 3.30392
2.93239 3.30406
3.26064 3.63368
2.96254 3.3083
2.97807 3.37083
2.92852 3.29713
2.97377 3.3662
3.30776 3.67567
2.92914 3.28423
3.30739 3.67535
3.0837 3.46714
2.93304 3.30466
3.31075 3.67834
3.25207 3.62603
3.2581 3.63097
2.93202 3.30352
3.24475 3.61951
2.9261 3.28163
2.93223 3.3037
3.09605 3.47836
3.26413 3.63678
2.95047 3.32075
3.26366 3.63636
3.25857 3.6314
3.27227 3.64402
2.92691 3.28228
3.26194 3.63485
3.02552 3.38136
3.26409 3.63675
2.94716 3.31726
2.97509 3.36739
3.28715 3.65682
3.27064 3.6426
2.98928 3.38109
3.09737 3.47955
2.98009 3.37223
3.08634 3.46954
2.97672 3.36918
2.97648 3.36866
2.97549 3.36799
2.92652 3.28199
2.92614 3.28167
3.2579 3.63079
3.25874 3.63154
3.26063 3.63356
3.26777 3.64004
2.95794 3.30502
2.98797 3.37988
2.97496 3.36728
3.26393 3.63661
2.93985 3.3107
2.93993 3.31078
2.98626 3.34912
3.27086 3.64279
2.92602 3.28157
3.26465 3.63726
3.26506 3.63761
3.27145 3.64332
3.07638 3.4605
3.24435 3.61875
3.26428 3.63691
2.93312 3.30473
3.25943 3.63259
2.97604 3.36849
3.26758 3.63988
3.26893 3.64108
2.99357 3.385
2.92823 3.29685
3.26981 3.64186
2.97504 3.36735
3.26989 3.64188
3.26932 3.64143
2.9325 3.30415
3.00934 3.3994
3.26992 3.64196
2.99498 3.38629
3.25922 3.63197
3.26029 3.63325
3.26441 3.63703
2.93174 3.3033
3.26302 3.63579
3.08546 3.46875
2.93033 3.28471
2.92589 3.28129
3.26251 3.63491
2.99172 3.3833
3.25242 3.62592
3.28064 3.65153
3.26041 3.63346
2.93943 3.31035
3.00612 3.36544
2.9791 3.37135
2.97689 3.36933
2.9297 3.30194
3.26539 3.63791
2.97598 3.36844
3.26453 3.63715
2.93193 3.28626
3.25345 3.62712
2.97771 3.37008
3.08101 3.46471
3.27107 3.64252
3.26416 3.63674
3.07985 3.46365
2.93585 3.30697
3.26192 3.63481
3.26007 3.63307
2.9403 3.31107
3.2591 3.63186
3.25285 3.62631
2.94094 3.31113
3.26437 3.637
3.24055 3.61537
3.08288 3.4664
2.97423 3.36661
3.26251 3.63534
3.26139 3.63424
2.93309 3.30466
3.25864 3.63145
2.9258 3.28147
2.92821 3.2967
3.26184 3.63474
3.26284 3.63563
2.93274 3.30436
3.26317 3.63592
2.98916 3.38097
2.93205 3.30112
2.97607 3.36851
2.97449 3.36714
3.26383 3.63651
3.26407 3.63673
2.92564 3.28137
3.25745 3.63071
2.92754 3.29612
2.97454 3.3672
3.25894 3.63172
3.26447 3.63708
2.95625 3.30381
3.26272 3.63553
3.27359 3.6452
2.97732 3.36972
3.2609 3.6338
3.26345 3.63618
3.26009 3.63317
2.95868 3.30555
2.92998 3.29856
2.92851 3.29712
3.26323 3.63598
2.97645 3.36893
2.97661 3.36907
2.95781 3.30493
3.2654 3.63792
3.24812 3.6221
2.93076 3.30251
3.25917 3.63193
2.92804 3.29652
2.93982 3.31068
3.25604 3.62913
3.08509 3.46841
3.25862 3.63143
2.93026 3.29921
3.01699 3.40638
2.92849 3.2971
3.26155 3.63438
2.92632 3.28185
2.93988 3.31073
3.28835 3.65788
2.99055 3.38223
3.08321 3.4667
2.93058 3.28528
2.93241 3.30408
3.2874 3.65704
3.2715 3.64291
3.18338 3.55733
2.95717 3.30448
2.92845 3.29695
2.93187 3.30093
2.9292 3.29789
3.25901 3.63178
3.05171 3.43811
2.98588 3.34878
2.97725 3.36965
3.26106 3.63395
3.27441 3.6455
3.2522 3.62573
2.97588 3.36835
3.25884 3.63163
3.06956 3.45432
2.93305 3.30467
3.26208 3.63452
2.99367 3.38461
3.28019 3.65064
3.26451 3.63668
2.93115 3.30016
3.28834 3.65788
3.26034 3.6333
3.25764 3.63056
2.93271 3.30439
2.97604 3.36849
2.99173 3.38331
2.95026 3.32053
3.26069 3.63361
2.9909 3.38255
2.94105 3.3117
3.25882 3.63161
3.25695 3.62995
2.97303 3.36553
3.25953 3.63258
3.27507 3.64608
3.2588 3.63159
2.94074 3.31144
2.98282 3.37517
2.96716 3.33825
3.27706 3.64785
3.25879 3.6316
2.95686 3.3249
3.28297 3.65311
3.26128 3.63414
2.93291 3.3045
2.93683 3.30741
3.24884 3.62275
2.97961 3.34363
3.0846 3.46796
3.25724 3.6302
3.03672 3.42449
3.28645 3.6562
2.99247 3.38352
3.25124 3.62487
3.25711 3.63008
2.96921 3.34038
3.25887 3.63166
2.99112 3.38276
2.93036 3.30247
2.97356 3.3663
2.92652 3.28199
3.26247 3.63487
2.93139 3.30042
2.93182 3.30337
2.97493 3.36747
2.9282 3.29669
2.97577 3.36824
3.25483 3.62808
2.93374 3.30524
3.2543 3.62788
2.92838 3.29687
3.26066 3.63326
2.92588 3.28128
2.9875 3.35012
3.25761 3.63054
3.25638 3.62945
2.95242 3.30109
3.25902 3.6318
2.98724 3.3499
2.97602 3.36847
3.26287 3.63522
2.9261 3.28163
2.99213 3.35394
3.25987 3.63256
2.99089 3.38254
2.97536 3.36794
3.26099 3.63355
3.26065 3.63325
2.98196 3.34556
2.99491 3.38622
3.02276 3.41163
2.92614 3.28166
2.9323 3.30405
3.26195 3.63441
2.92874 3.28327
3.25723 3.63019
3.26195 3.6344
3.25387 3.62721
2.95387 3.30213
2.93283 3.30448
3.09816 3.48027
2.93224 3.30394
3.25636 3.62943
2.93122 3.30024
3.25781 3.63072
3.25841 3.63124
2.92654 3.282
3.09342 3.47597
2.95276 3.32317
2.95914 3.30588
3.08551 3.46879
2.98268 3.37462
3.25917 3.63192
2.97932 3.37155
2.9325 3.30415
3.25418 3.62749
2.93206 3.30356
3.25685 3.62986
3.25811 3.63098
3.25597 3.62908
3.25879 3.63191
3.00489 3.39534
2.98888 3.38025
3.25629 3.62936
2.97602 3.36847
3.25771 3.63063
2.92831 3.29681
3.2586 3.63141
2.92854 3.29715
2.93206 3.30356
3.2581 3.63098
3.25883 3.63162
3.25875 3.63155
2.97441 3.36679
3.25885 3.63164
2.96159 3.30762
2.93895 3.30996
3.25897 3.63175
2.97731 3.36971
3.25405 3.62737
2.93008 3.28492
3.25802 3.6309
2.97719 3.3696
2.99123 3.38286
2.92855 3.29716
3.25858 3.6314
3.25465 3.6279
2.93288 3.30453
3.26113 3.63401
3.16546 3.54116
3.0843 3.46769
2.93159 3.30063
3.25872 3.63151
3.25691 3.62991
2.97652 3.36893
3.25816 3.63102
3.25796 3.63084
2.92636 3.28183
3.25826 3.63111
2.98833 3.38021
2.95716 3.32779
3.2571 3.63008
2.99086 3.38252
3.25896 3.63174
3.25829 3.63114
3.25834 3.63118
2.97584 3.3683
2.92556 3.28106
2.98417 3.3764
3.25842 3.63126
3.07947 3.46331
2.92823 3.29681
3.26387 3.63647
3.25906 3.63182
2.98615 3.37822
2.93038 3.28514
2.98539 3.34837
3.25994 3.63295
3.26109 3.63397
2.97491 3.36723
2.92835 3.29685
3.26092 3.63382
3.26405 3.63663
3.28059 3.65148
2.93063 3.28532
3.25702 3.63032
2.93286 3.30451
3.25179 3.62562
3.28032 3.65124
2.92449 3.28055
2.97666 3.36912
3.26523 3.63769
2.9329 3.30449
2.92642 3.28193
2.92615 3.28172
3.2612 3.63407
2.97599 3.36852
2.93324 3.30483
3.28111 3.65195
3.08313 3.46664
2.95478 3.30277
3.26125 3.63412
2.9294 3.28442
2.93194 3.30346
2.9329 3.30455
3.2617 3.63452
3.06167 3.44716
2.9262 3.28171
2.96376 3.33471
3.28129 3.65211
3.26911 3.64118
2.93083 3.28546
3.26832 3.64047
2.93198 3.3035
2.93861 3.30968
3.2696 3.64162
2.93284 3.30449
3.26142 3.63427
3.2749 3.64638
2.97523 3.36752
3.26127 3.63414
2.99563 3.38689
2.92648 3.28196
3.25945 3.6325
2.99258 3.3841
3.26165 3.63448
3.26144 3.63429
3.27224 3.64399
3.27666 3.64795
3.01934 3.40852
2.92611 3.28164
3.25479 3.62831
2.9306 3.28529
2.97569 3.36817
3.26312 3.6358
2.96195 3.30787
3.27488 3.64635
2.93812 3.30762
2.94163 3.31218
3.26365 3.63628
2.97711 3.36953
3.27933 3.65035
2.92585 3.28126
3.27866 3.64975
2.93561 3.30678
2.93117 3.30018
3.27874 3.64983
3.26134 3.6342
3.26019 3.63317
2.98407 3.34729
2.92855 3.29717
3.26222 3.63499
3.26112 3.634
3.25878 3.6319
2.98819 3.38007
2.99106 3.3827
2.92632 3.2818
2.95903 3.3058
3.25508 3.62857
2.92613 3.28165
3.26145 3.63429
2.99286 3.38387
3.26157 3.63441
3.26146 3.6343
2.9913 3.38291
2.93113 3.303
3.08209 3.46569
3.26214 3.63492
2.99542 3.38669
3.26313 3.63581
2.93114 3.30015
2.98579 3.37788
2.92612 3.28165
3.26141 3.63426
3.08436 3.46775
3.26348 3.63612
2.9301 3.29869
2.99332 3.38478
2.92968 3.30192
3.26408 3.63666
2.93245 3.30388
3.25814 3.63132
2.98665 3.37867
3.25636 3.62972
3.26132 3.63417
2.97701 3.36944
3.26153 3.63437
3.26102 3.63391
2.94905 3.31926
3.25953 3.63257
3.25972 3.63274
2.9749 3.36721
3.26158 3.63441
2.97472 3.36706
3.25874 3.63186
2.94722 3.31732
3.0232 3.41204
2.92993 3.2848
2.94031 3.31108
3.26137 3.63422
2.97295 3.36546
3.26139 3.63424
3.26052 3.63345
2.99061 3.38229
2.97018 3.34139
2.93097 3.29997
3.26167 3.63449
2.93411 3.30554
3.26154 3.63437
2.97708 3.36951
2.94011 3.31091
3.25933 3.63239
3.26159 3.63442
3.26138 3.63423
3.2613 3.63416
3.25946 3.6325
2.99066 3.38233
2.92568 3.28114
3.2612 3.63407
2.98217 3.34574
3.08609 3.46932
3.25866 3.63179
2.93573 3.30687
3.26016 3.63313
3.26082 3.63373
2.92837 3.29718
2.99133 3.38294
2.93281 3.30447
3.26144 3.63428
3.2614 3.63425
3.26137 3.63422
3.085 3.46832
2.93182 3.30337
3.25958 3.63261
2.93255 3.30396
3.26167 3.63449
2.95596 3.32402
3.26172 3.63454
3.09802 3.48014
2.95723 3.30451
3.26146 3.63431
2.97605 3.36827
3.26111 3.63399
3.26167 3.63449
3.26117 3.63405
3.26111 3.63399
2.97898 3.3431
3.26142 3.63427
2.95882 3.30565
3.01974 3.40888
2.9331 3.30471
2.97465 3.367
3.26159 3.63442
2.97685 3.36929
3.2617 3.63452
2.93932 3.31026
3.07872 3.46263
2.9264 3.28191
2.93253 3.30424
3.2617 3.63452
2.92572 3.28117
2.95872 3.30557
2.97608 3.36853
2.97524 3.36753
2.98477 3.37616
2.95898 3.30576
3.07749 3.46153
3.02409 3.41285
2.92833 3.29683
2.98213 3.37411
2.92912 3.2978
3.18071 3.55492
2.97572 3.36826
2.97051 3.36353
2.92837 3.29687
3.181 3.55518
2.98417 3.37562
2.98259 3.37454
3.15228 3.52925
3.07676 3.46085
2.97725 3.36966
2.933 3.30463
2.97489 3.36721
2.97434 3.36672
2.97662 3.36903
2.93105 3.30005
2.9504 3.32068
3.08572 3.46898
2.98393 3.34719
3.08055 3.46429
2.99067 3.38235
3.02406 3.41296
3.16915 3.54448
2.99167 3.38326
2.97691 3.3693
2.93035 3.29896
3.07611 3.46027
2.93113 3.29995
3.16106 3.53718
2.94952 3.31975
2.93386 3.30533
3.18022 3.55448
3.18425 3.55811
2.9712 3.36387
2.93209 3.30359
2.97437 3.36674
2.93201 3.30351
2.95582 3.3239
3.08358 3.46704
2.93246 3.30412
2.94578 3.31561
3.08394 3.46737
2.97182 3.36472
2.97581 3.36828
3.12723 3.5066
3.0986 3.48067
3.07858 3.4625
2.9579 3.30499
2.97712 3.36954
3.13694 3.51538
2.9913 3.38292
2.99059 3.38227
2.98321 3.37475
2.9737 3.36613
3.01812 3.4074
2.97607 3.36852
3.06361 3.44892
3.0863 3.4695
2.97684 3.36924
2.97763 3.37044
2.93136 3.303
2.97798 3.37075
2.9299 3.29863
2.95897 3.30576
3.02482 3.41366
2.9753 3.36759
2.98942 3.3812
2.94193 3.31243
3.09583 3.47816
2.989 3.38036
2.99102 3.38266
3.07652 3.46063
2.9551 3.3233
2.97324 3.36601
3.15621 3.5328
3.07545 3.45967
2.92839 3.29689
3.17938 3.55372
2.99026 3.38196
2.95281 3.32322
2.93086 3.28548
2.94011 3.31091
3.04928 3.4359
2.94842 3.31859
2.92607 3.28167
2.97664 3.36905
2.97549 3.36798
2.92846 3.29707
2.9912 3.38283
2.97417 3.36656
3.08404 3.46747
2.97598 3.36843
2.93213 3.30384
3.10391 3.48548
2.93902 3.31001
2.9285 3.29711
3.08603 3.46927
2.93158 3.30062
2.99476 3.38609
2.97574 3.36821
2.97599 3.36844
3.04531 3.4323
2.97524 3.36753
3.04836 3.43507
3.13899 3.51724
3.12578 3.50529
3.08147 3.46513
2.97361 3.36606
2.97693 3.36936
2.98997 3.3817
2.93218 3.30388
2.99109 3.38272
2.93162 3.30066
2.9325 3.30415
3.04401 3.43112
2.98998 3.35217
3.08422 3.46762
2.92595 3.28152
2.97608 3.36853
3.13912 3.51736
3.08203 3.46564
3.06505 3.45023
3.09106 3.47384
2.99153 3.38313
3.16215 3.53817
2.92842 3.29702
2.92569 3.28141
3.1847 3.55852
2.97697 3.36941
2.99125 3.38288
2.99116 3.38279
2.93298 3.30461
2.99121 3.38284
2.9759 3.36836
3.06287 3.44825
3.08277 3.4663
2.92643 3.28192
2.93193 3.3008
3.11913 3.49927
2.99039 3.38209
2.97472 3.36706
2.98494 3.34801
2.97557 3.36813
2.94985 3.3201
2.93228 3.30397
2.9758 3.36833
3.12335 3.50309
2.9325 3.30415
2.93399 3.30586
3.14575 3.52334
2.97594 3.3684
2.98847 3.38033
3.08414 3.46755
3.07287 3.45733
2.9767 3.36915
2.93843 3.29096
3.16433 3.54014
2.93943 3.30989
3.08567 3.46894
2.98676 3.34951
2.99141 3.38302
3.15216 3.52914
2.93127 3.28538
2.9752 3.36749
2.92831 3.29693
2.96136 3.30746
3.16209 3.53811
2.93172 3.30358
3.08481 3.46816
2.93225 3.30394
3.08341 3.4669
2.97098 3.36435
2.93123 3.30289
2.97533 3.36783
2.97591 3.36837
2.98994 3.38168
2.9773 3.3697
2.92578 3.28121
3.17503 3.54979
3.17441 3.54924
2.98725 3.37922
2.93236 3.30404
3.17107 3.54622
2.94989 3.32014
2.97611 3.36855
2.99097 3.38263
2.93242 3.30408
2.93221 3.30391
3.17034 3.54556
2.95297 3.32338
2.92868 3.29731
2.97613 3.36857
2.97732 3.36972
2.97964 3.37181
3.05969 3.44536
2.95729 3.30456
3.1715 3.54661
2.9419 3.3124
2.9325 3.30415
3.07503 3.45928
2.97697 3.36941
2.92664 3.28209
3.18294 3.55693
3.09727 3.47947
2.97453 3.36719
2.92839 3.29689
2.9802 3.37278
3.08886 3.47184
2.93227 3.30136
2.92744 3.29601
3.07034 3.45502
2.92872 3.29737
3.07945 3.4633
3.08337 3.46686
2.9329 3.30454
2.97562 3.3681
3.09711 3.47932
2.97831 3.37059
2.98921 3.38101
3.05316 3.43943
2.94015 3.31095
2.97437 3.36674
2.93944 3.3099
2.99145 3.38305
2.97158 3.3645
2.92492 3.28076
2.9753 3.36758
3.08444 3.46782
3.08422 3.46763
3.09339 3.47595
2.93036 3.29897
2.93195 3.30347
3.081 3.4647
2.9715 3.36415
2.98078 3.37287
2.92617 3.28175
2.99141 3.38302
3.07815 3.46213
2.93868 3.30973
2.99175 3.38333
2.9814 3.37344
3.07683 3.46093
2.97503 3.36734
2.97283 3.36535
3.08373 3.46718
2.92609 3.28162
2.97735 3.36974
2.98615 3.37777
2.93299 3.30462
2.99052 3.38222
2.92598 3.28154
3.08093 3.46464
2.93045 3.28518
2.9315 3.30053
2.975 3.36731
3.07896 3.46286
2.93215 3.30386
2.98036 3.37217
2.97527 3.36756
2.93751 3.30832
2.94032 3.31109
3.09845 3.48054
2.9907 3.38237
2.97515 3.36767
2.99128 3.3829
2.97516 3.36745
2.99102 3.38266
2.9257 3.28134
2.92833 3.29683
2.93265 3.30428
2.9751 3.3674
2.97523 3.36774
2.99126 3.38288
2.93033 3.28471
2.97721 3.36962
2.94005 3.31086
2.97698 3.36941
3.08846 3.47148
3.09219 3.47486
2.93178 3.30083
3.09181 3.47452
2.94004 3.31085
2.97492 3.36724
2.97472 3.36706
2.93987 3.31071
2.97503 3.36735
2.9881 3.38
2.93675 3.30734
2.98282 3.37474
2.94207 3.31254
3.09517 3.47757
2.98982 3.38157
2.92836 3.29685
3.09406 3.47655
3.09382 3.47633
2.92837 3.29686
2.99145 3.38306
2.92636 3.28188
2.97699 3.36942
2.97501 3.36754
2.98857 3.38044
2.97612 3.36856
2.98811 3.38001
2.97448 3.36685
3.0942 3.47668
2.97706 3.36948
2.97358 3.36602
2.92848 3.29709
2.97587 3.36834
2.97521 3.3675
2.92854 3.29715
2.98738 3.35002
2.97635 3.36854
2.92857 3.29721
3.07924 3.4631
2.93181 3.30335
2.92522 3.28082
3.07965 3.46347
3.09685 3.47908
2.93137 3.28545
2.97102 3.33657
3.01372 3.4034
3.09815 3.48027
3.06847 3.45333
2.97682 3.36926
2.93287 3.30446
2.92876 3.29741
2.97648 3.36866
3.05956 3.44524
2.92617 3.28168
3.08627 3.46948
2.92606 3.28167
2.97693 3.36932
3.08437 3.46775
3.08159 3.46524
2.99352 3.38447
2.95604 3.30367
2.99287 3.38388
2.95025 3.32052
2.98496 3.37634
3.06949 3.45426
2.92606 3.28166
2.92614 3.28166
2.92837 3.29687
2.9786 3.37089
2.93151 3.30054
2.97727 3.36968
2.99568 3.38693
3.08603 3.46926
3.08056 3.4643
2.98514 3.37649
2.98996 3.3817
2.96287 3.30853
3.07541 3.45963
2.93133 3.30016
2.9347 3.30601
2.92855 3.29719
2.932 3.30107
2.99084 3.3825
3.0786 3.46252
2.92883 3.28334
2.92915 3.29784
3.06289 3.44826
2.9746 3.36695
2.97554 3.36803
2.97481 3.36743
2.93246 3.30412
3.0715 3.45608
2.99287 3.35454
2.97714 3.36956
2.95184 3.32061
2.93134 3.30036
3.0773 3.46134
2.93171 3.30327
3.08258 3.46614
2.95905 3.30581
3.01368 3.40336
2.93096 3.30267
3.0823 3.46588
2.92647 3.28195
2.97699 3.36942
2.9285 3.29711
2.93267 3.30429
2.93309 3.3047
3.08626 3.46948
2.92863 3.29727
2.97683 3.36922
2.932 3.30107
2.9703 3.36334
2.93197 3.30348
2.99048 3.38217
3.01932 3.4085
2.93909 3.31008
3.0824 3.46597
3.08375 3.46719
2.93266 3.30429
2.97547 3.36804
2.92751 3.28242
2.98118 3.37324
2.932 3.30351
2.98028 3.37243
2.95878 3.30562
2.93876 3.3098
3.085 3.46833
2.97853 3.37083
2.95018 3.32044
2.99119 3.38282
2.99375 3.38468
2.99164 3.38323
2.93202 3.30353
3.0831 3.4666
2.92615 3.28167
2.97609 3.3686
2.95855 3.30546
2.94028 3.31106
3.08543 3.46872
2.97665 3.36906
2.976 3.36823
2.95035 3.32062
2.93587 3.30699
2.92849 3.2971
2.94087 3.31107
3.08221 3.4658
3.08574 3.469
2.93204 3.30091
2.95596 3.30361
2.97607 3.36851
3.06907 3.45387
3.07939 3.46323
2.93133 3.30297
2.93003 3.30221
3.08417 3.46757
2.92646 3.28196
2.93268 3.30407
2.97603 3.36854
2.98867 3.38007
3.08514 3.46845
2.98725 3.37877
2.93159 3.30063
2.92535 3.28107
3.079 3.46288
2.97552 3.36801
2.93549 3.30481
2.99308 3.38407
2.9753 3.36758
2.932 3.3035
3.07924 3.4631
2.93232 3.30408
3.08474 3.46809
3.08124 3.46491
2.96215 3.30802
3.02277 3.41165
2.92645 3.28194
2.98975 3.3815
2.93749 3.30876
2.99436 3.38573
3.0211 3.41012
3.02013 3.40924
2.99524 3.38653
2.93201 3.30352
2.94069 3.29259
3.08411 3.46751
2.9744 3.36676
3.08382 3.46725
2.97664 3.3691
3.08417 3.46757
2.98427 3.34746
2.97713 3.36954
2.9493 3.31952
2.97362 3.36606
3.07568 3.45987
2.97461 3.36696
2.93307 3.30468
2.98699 3.34969
3.08449 3.46786
2.98101 3.37277
3.07573 3.45991
2.98938 3.38116
2.9903 3.38201
2.97102 3.364
2.95451 3.32282
2.92651 3.28198
2.97525 3.36754
2.93276 3.30438
2.93333 3.3049
2.97579 3.36826
2.97595 3.36841
2.94944 3.31967
2.97691 3.3693
2.98601 3.37809
2.97609 3.3683
2.93244 3.3041
3.08335 3.46683
3.08246 3.46602
2.97638 3.31805
3.08612 3.46934
2.93854 3.30961
2.93027 3.29887
2.97685 3.36924
2.92868 3.29731
2.93623 3.30693
2.93247 3.30413
2.98633 3.34915
3.08364 3.46709
2.93431 3.30355
2.94055 3.29261
2.98509 3.37645
2.92883 3.28334
3.08334 3.46682
3.02898 3.3842
2.97597 3.36843
2.98392 3.37618
3.0863 3.46951
2.98879 3.38064
2.95184 3.30068
2.9893 3.38109
3.01479 3.40437
2.92853 3.29717
2.99167 3.38326
2.99578 3.38702
2.92713 3.28243
2.92541 3.28096
2.93564 3.3068
2.97609 3.36854
2.97 3.34121
2.93209 3.30358
2.98832 3.37975
2.99164 3.38324
3.00537 3.39578
2.93202 3.30353
2.9752 3.36822
3.02408 3.41284
2.93085 3.28547
3.01291 3.37102
2.99005 3.38178
2.97723 3.36964
2.99568 3.38693
2.97908 3.37176
2.99266 3.38417
2.93019 3.28499
2.99159 3.38318
2.97686 3.36931
2.9331 3.3047
3.02175 3.41072
2.99084 3.38251
2.92586 3.28127
3.01701 3.4064
2.99117 3.3828
2.97596 3.36841
3.00267 3.39332
3.00408 3.3946
2.93226 3.30395
2.93361 3.30513
2.93653 3.30796
2.99176 3.38334
3.01154 3.40141
2.99101 3.38265
2.97939 3.37204
2.99059 3.38226
2.97521 3.3675
2.93971 3.31012
2.99167 3.38326
2.92833 3.29693
2.97487 3.36719
2.97545 3.36772
2.93157 3.30061
2.99108 3.38272
2.97606 3.36851
3.0213 3.41031
2.99168 3.38326
2.95763 3.3048
3.01998 3.40911
2.98286 3.37521
2.97435 3.36693
3.02132 3.41032
2.97622 3.36866
2.99075 3.38243
2.92797 3.29645
2.97289 3.36569
2.97654 3.36901
2.92856 3.29717
2.97518 3.36747
2.93403 3.30548
2.93302 3.30464
2.97708 3.36951
2.99111 3.38274
2.99423 3.38561
2.92584 3.28125
2.97506 3.36758
2.93248 3.30413
2.93873 3.30978
2.99104 3.38268
2.9846 3.37681
2.95647 3.32459
2.99409 3.38548
2.98901 3.38084
2.99026 3.38197
2.92587 3.28127
2.96697 3.36031
2.93208 3.28637
2.97521 3.3675
2.99154 3.38314
2.98646 3.34928
2.97509 3.36739
2.9776 3.36998
2.92581 3.28142
2.9298 3.29853
2.99539 3.38666
2.92852 3.29714
2.99223 3.38378
2.93204 3.30354
2.94027 3.31105
2.99245 3.38398
2.97692 3.36936
2.98579 3.37744
2.9325 3.30415
2.97618 3.36839
2.99332 3.38477
2.92835 3.29685
2.99469 3.38602
2.99431 3.38568
2.93155 3.30059
2.92792 3.2964
2.97674 3.3692
2.99476 3.38608
2.92647 3.28195
2.95864 3.30552
2.92961 3.29833
2.98855 3.38041
2.98688 3.37888
2.92706 3.28273
2.95254 3.32294
2.97428 3.36666
2.99164 3.38323
2.98352 3.37581
2.97592 3.36837
2.95658 3.30407
2.94945 3.31967
2.9287 3.29733
2.98842 3.38029
2.97575 3.3683
2.98233 3.3743
2.975 3.36753
2.95829 3.30527
2.98909 3.3809
2.98958 3.38135
2.9762 3.36841
2.97686 3.36925
2.99049 3.38218
2.9913 3.38291
2.98599 3.37806
2.99039 3.38209
2.98257 3.37452
2.97595 3.36841
2.98799 3.37989
2.93399 3.30545
2.99353 3.38448
2.96915 3.31297
2.99166 3.38325
2.99134 3.38295
2.93092 3.30265
2.97437 3.36704
2.98938 3.38116
2.92862 3.29727
2.92613 3.28172
2.98731 3.34996
2.99045 3.38214
2.93155 3.30059
2.9907 3.38237
2.92896 3.29763
2.97555 3.36782
2.93031 3.28509
2.99133 3.38295
2.97584 3.3683
2.93565 3.30681
2.95043 3.32071
2.92863 3.29715
2.98189 3.37356
2.93162 3.30341
2.9837 3.3752
2.99173 3.38331
2.97639 3.36887
2.97588 3.36842
2.93404 3.30548
2.9793 3.37153
2.97646 3.36894
2.97491 3.36723
2.92763 3.2961
2.97915 3.3714
2.98656 3.34934
2.98373 3.34701
2.97197 3.36474
2.9765 3.36897
2.993 3.384
2.97893 3.3712
2.97544 3.36794
2.92921 3.29808
2.97479 3.36712
2.92739 3.28297
2.9743 3.36668
2.98417 3.37562
2.98474 3.37613
2.99236 3.38342
2.97964 3.37182
2.97528 3.36756
2.93248 3.3039
2.92902 3.30111
2.97617 3.36867
2.97547 3.36796
2.93248 3.30413
2.9738 3.36653
2.97608 3.3686
2.98352 3.37538
2.98165 3.37367
2.93282 3.30448
2.98393 3.37575
2.97711 3.36953
2.92548 3.28117
2.97734 3.36974
2.97734 3.36974
2.92625 3.28154
2.97118 3.36413
2.99115 3.38232
3.0348 3.38897
2.98613 3.37775
2.95906 3.30581
2.92839 3.29689
2.99054 3.38176
2.95921 3.30593
2.98981 3.3811
2.97833 3.37065
2.97624 3.36874
2.93243 3.3041
2.98998 3.38125
2.92583 3.28125
2.93173 3.3035
2.97897 3.37123
2.92853 3.29714
2.99213 3.38321
2.99147 3.38261
2.92872 3.29737
2.93514 3.30638
2.97715 3.36956
2.92619 3.2815
2.99345 3.38441
2.97591 3.36837
2.9584 3.30535
2.92966 3.29838
2.97492 3.36724
2.97417 3.36656
2.97469 3.36732
2.92865 3.29728
2.97047 3.36349
2.9773 3.3697
2.97508 3.36738
2.9762 3.36871
2.97491 3.36753
2.94974 3.31998
2.93903 3.31002
2.97513 3.36743
2.9794 3.37162
2.97707 3.36949
2.977 3.36943
2.92913 3.28423
2.9535 3.32199
2.97663 3.36909
2.97378 3.36651
2.94007 3.31089
2.92653 3.282
2.97814 3.37048
2.97612 3.36864
2.97917 3.37142
2.97723 3.36965
2.97937 3.3716
2.98762 3.35022
2.9257 3.28115
2.97527 3.36755
2.9323 3.30406
2.97808 3.37042
2.97826 3.37059
2.95031 3.32058
2.92872 3.29737
2.97882 3.3711
2.97885 3.37109
2.97866 3.37095
2.97886 3.37113
2.94921 3.31942
2.92876 3.28329
2.93236 3.30403
2.97624 3.36873
2.97565 3.36813
2.97932 3.37155
2.97702 3.36945
2.9282 3.29678
2.92662 3.28242
2.92856 3.29717
2.97656 3.36903
2.96278 3.30847
2.92615 3.28147
2.97511 3.36771
2.97456 3.36721
2.93067 3.28534
2.97344 3.36619
2.97596 3.36841
2.97554 3.3681
2.97724 3.36965
2.95695 3.30432
2.97621 3.36871
2.95018 3.32044
2.97627 3.36877
2.92851 3.28378
2.97488 3.3675
2.92819 3.29668
2.97559 3.36808
2.97651 3.36898
2.97645 3.36893
2.94791 3.31805
2.93089 3.3029
2.97692 3.36936
2.975 3.36732
2.93257 3.30397
2.9773 3.36971
2.97337 3.36603
2.93205 3.30355
2.97601 3.36846
2.97924 3.37116
2.97636 3.36884
2.92857 3.29721
2.97619 3.36869
2.93158 3.30063
2.95847 3.3054
2.97708 3.3695
2.92736 3.28258
2.92841 3.29701
2.93234 3.30402
2.9758 3.36834
2.92818 3.29666
2.97558 3.36807
2.9795 3.37169
2.92463 3.28097
2.97317 3.36566
2.93191 3.30366
2.94958 3.31981
2.97678 3.36922
2.96907 3.36195
2.97613 3.36863
2.97617 3.36867
2.93202 3.30352
2.93239 3.30406
2.97708 3.3695
2.97683 3.36927
2.93926 3.29155
2.97681 3.36925
2.93208 3.30357
2.94975 3.31999
2.97668 3.36914
2.92757 3.29615
2.93495 3.3059
2.97691 3.36935
2.92442 3.2805
2.93049 3.29945
2.97471 3.36726
2.9772 3.36961
2.97699 3.36942
2.92564 3.28112
2.97709 3.36951
2.92615 3.28167
2.9752 3.36749
2.97672 3.36918
2.97704 3.36947
2.92823 3.29672
2.97639 3.36887
2.97517 3.36747
2.97646 3.36894
2.98073 3.37283
2.95671 3.32463
2.97476 3.36709
2.97558 3.36814
2.97727 3.36967
2.97736 3.36976
2.97683 3.36927
2.95777 3.30491
2.97685 3.3693
2.92603 3.28158
2.92868 3.29733
2.93633 3.30701
2.97663 3.3691
2.9291 3.29777
2.97411 3.3665
2.97671 3.36916
2.93877 3.2912
2.9769 3.36934
2.97735 3.36975
2.98473 3.34783
2.977 3.36943
2.93268 3.30436
2.97528 3.36756
2.93017 3.28499
2.9751 3.36739
2.93387 3.30307
2.97734 3.36974
2.92871 3.29736
2.92958 3.29815
2.98221 3.37385
2.97638 3.36857
2.97432 3.36669
2.98469 3.37609
2.97939 3.37129
2.97522 3.36752
2.97586 3.36832
2.95566 3.3034
2.98437 3.34754
2.97034 3.3631
2.92649 3.28197
2.98229 3.37392
2.9846 3.37601
2.97706 3.36918
2.93156 3.30316
2.97522 3.36751
2.95642 3.32439
2.985 3.37637
2.97577 3.36824
3.02498 3.38091
2.97511 3.36741
2.9843 3.37574
2.97579 3.36825
2.95987 3.3064
2.93249 3.30414
2.97485 3.36718
2.931 3.2998
2.97511 3.36741
2.92868 3.29731
2.98874 3.32669
2.97516 3.36746
2.98357 3.37508
2.93301 3.30463
2.97574 3.36799
2.97454 3.36689
2.9754 3.3679
2.97858 3.37056
2.9327 3.30408
2.979 3.37094
2.98058 3.37237
2.95845 3.30539
2.93114 3.30301
2.96645 3.33281
2.97515 3.36746
2.9259 3.28129
2.97159 3.36423
2.92531 3.28113
2.97295 3.36546
2.97517 3.36746
2.92629 3.28178
2.93208 3.30358
2.97184 3.36445
2.93291 3.30455
2.98209 3.37374
2.94864 3.31882
2.9831 3.37465
2.98188 3.37355
2.97463 3.36698
2.92935 3.29804
2.98287 3.37445
2.97604 3.36848
2.97627 3.36847
2.9715 3.31463
2.98377 3.37526
2.94214 3.3126
2.98437 3.3758
2.98382 3.3753
2.98032 3.34421
2.97495 3.36727
2.97459 3.36694
2.93041 3.28515
2.97635 3.36854
2.97528 3.34007
2.97383 3.36626
2.97651 3.36869
2.92895 3.29779
2.92932 3.29801
2.97653 3.3687
2.92851 3.29712
2.97599 3.36845
2.932 3.30373
2.97316 3.36565
2.93192 3.30344
2.97915 3.34326
2.97495 3.36727
2.93097 3.28517
2.92708 3.28239
2.97517 3.36746
2.94928 3.29886
2.97493 3.36726
2.93905 3.31004
2.97587 3.36834
2.93305 3.30467
2.97577 3.36802
2.97501 3.36732
2.97435 3.36673
2.97456 3.36692
2.92701 3.28235
2.92849 3.297
2.92603 3.28159
2.97523 3.36752
2.98746 3.35008
2.97498 3.36729
2.93297 3.3046
2.97551 3.36778
2.97585 3.36808
2.97601 3.36823
2.97577 3.36802
2.97607 3.36829
2.92722 3.28248
2.97694 3.36933
2.93176 3.30331
2.9762 3.36841
2.97511 3.36763
2.9751 3.3674
2.9506 3.32089
2.97487 3.36719
2.95416 3.30234
2.97384 3.36626
2.97514 3.36765
2.98238 3.37435
2.97502 3.36733
2.93744 3.3087
2.97528 3.36756
2.97362 3.36606
2.92851 3.28342
2.97454 3.3669
2.9322 3.30389
2.97421 3.3666
2.97515 3.36767
2.933 3.30462
2.97432 3.36669
2.92606 3.28161
2.97479 3.36712
2.97492 3.36724
2.97514 3.36744
2.97517 3.36747
2.97521 3.3675
2.97489 3.36721
2.97508 3.36738
2.97457 3.36691
2.95886 3.30568
2.9329 3.30449
2.92838 3.29688
2.97593 3.36839
2.92522 3.28082
2.97513 3.36742
2.97453 3.36688
2.93414 3.30524
2.97514 3.36743
2.97494 3.36726
2.97487 3.36719
2.92996 3.30215
2.97586 3.36833
2.97508 3.36738
2.95051 3.32079
2.93227 3.30403
2.97498 3.36729
2.97587 3.36833
2.97514 3.36744
2.97459 3.36694
2.97424 3.36662
2.97499 3.3673
2.9282 3.29669
2.97676 3.36916
2.975 3.36731
2.93207 3.30357
2.97515 3.36745
2.97524 3.36752
2.93358 3.30511
2.93209 3.30358
2.94918 3.31939
2.9769 3.36929
2.98244 3.3744
2.95111 3.32143
2.98605 3.34892
2.97282 3.36552
2.92835 3.29685
2.97461 3.36717
2.93844 3.29096
2.93165 3.30069
2.92945 3.29801
2.94098 3.31116
2.98233 3.3743
2.98715 3.32558
2.97602 3.36847
2.95543 3.32358
2.97577 3.36824
2.97359 3.36623
2.97631 3.36874
2.94067 3.31138
2.97583 3.36829
2.97597 3.36843
2.97612 3.36857
2.98653 3.34931
2.93142 3.30045
2.98265 3.3746
2.92604 3.28158
2.93574 3.30689
2.93193 3.30346
2.97859 3.37085
2.97833 3.37061
2.97875 3.371
2.93916 3.31012
2.98052 3.37263
2.92982 3.29855
2.93566 3.30682
2.97537 3.36787
2.97365 3.36629
2.97456 3.36713
2.97382 3.36644
2.98051 3.37262
2.92879 3.29745
2.98118 3.37323
2.982 3.37399
2.98173 3.37374
2.958 3.30506
2.9818 3.37381
2.92837 3.29687
2.98508 3.34813
2.93994 3.31077
2.97567 3.36815
2.93201 3.30352
2.98204 3.37403
2.93506 3.30599
2.95636 3.3039
2.976 3.36845
2.97562 3.3681
2.97629 3.36873
2.9257 3.2814
2.97597 3.36842
2.93044 3.28479
2.92866 3.29729
2.92607 3.28161
2.97593 3.36839
2.97682 3.36922
2.97034 3.31381
2.97684 3.36923
2.97391 3.36653
2.976 3.36845
2.93999 3.31081
2.9766 3.36901
2.92639 3.2819
2.97644 3.36886
2.95999 3.30649
2.94024 3.31102
2.97563 3.36812
2.93416 3.28788
2.9588 3.30563
2.93199 3.3035
2.97608 3.36853
2.9283 3.29679
2.97604 3.36849
2.97627 3.3687
2.97644 3.36886
2.97671 3.36912
2.96066 3.30696
2.98632 3.34915
2.97673 3.36913
2.97568 3.36816
2.97673 3.36913
2.99054 3.35263
2.97434 3.36692
2.95691 3.30428
2.93242 3.30408
2.97611 3.36855
2.97589 3.36835
2.96239 3.30819
2.95444 3.32276
2.97448 3.36705
2.97546 3.36795
2.92846 3.28308
2.93046 3.30243
2.97576 3.36823
2.98626 3.3491
2.97604 3.36848
2.97601 3.36846
2.97604 3.36849
2.93086 3.28548
2.97573 3.3682
2.95432 3.32266
2.97611 3.36855
2.93987 3.31072
2.97607 3.36851
2.97585 3.36831
2.97566 3.36814
2.97551 3.368
2.97498 3.36751
2.92691 3.28224
2.93239 3.30406
2.97595 3.36841
2.97605 3.36849
2.93975 3.31062
2.97574 3.36821
2.92864 3.29715
2.97561 3.36809
2.97565 3.36813
2.92856 3.29717
2.97602 3.36847
2.95864 3.30552
2.97592 3.36837
2.93241 3.30407
2.935 3.30626
2.97594 3.3684
2.97598 3.36843
2.97603 3.36848
2.93054 3.28525
2.93352 3.30506
2.93923 3.31019
2.97602 3.36847
2.93162 3.3032
2.97601 3.36846
2.97611 3.36856
2.93777 3.30898
2.93215 3.30124
2.97542 3.36791
2.95055 3.32084
2.98282 3.34627
2.97606 3.36851
2.93032 3.28509
2.97613 3.36857
2.97593 3.36838
2.94022 3.31053
2.97584 3.3683
2.97587 3.36833
2.97611 3.36855
2.97593 3.36838
2.93244 3.3041
2.97598 3.36844
2.93217 3.30387
2.97603 3.36848
2.9316 3.30319
2.93974 3.3106
2.97608 3.36853
2.97612 3.36856
2.9261 3.28163
2.97612 3.36857
2.93249 3.30414
2.989 3.35136
2.99155 3.35346
2.98692 3.34964
2.93265 3.30404
2.99345 3.35502
2.94214 3.31194
2.93048 3.28521
2.93376 3.30526
3.02219 3.37862
2.93244 3.30417
3.03494 3.38908
3.02059 3.37731
2.98472 3.34783
2.93216 3.30365
2.99301 3.35466
2.92639 3.2819
3.02902 3.38423
2.93189 3.30342
2.9825 3.34601
2.92898 3.30108
2.92713 3.28243
2.93044 3.30225
3.03613 3.39006
2.98712 3.3498
2.93196 3.30348
3.03657 3.39042
2.93163 3.30321
2.9318 3.30335
2.9872 3.34987
2.92592 3.28131
2.98642 3.34923
2.93235 3.30403
2.93178 3.30083
2.94055 3.31129
2.95412 3.32249
2.99375 3.35527
2.92613 3.28146
2.93244 3.3041
2.94023 3.31101
2.92794 3.28301
2.9262 3.28171
2.9331 3.30471
3.01619 3.3737
2.9288 3.29746
2.93966 3.31054
2.94945 3.31967
2.93511 3.30635
2.96281 3.32981
2.97625 3.34087
2.98759 3.35019
2.92832 3.29681
2.93326 3.30526
2.9314 3.30042
2.93149 3.30052
2.98545 3.34843
2.93107 3.30305
2.98764 3.35023
2.9321 3.30359
2.99236 3.35412
2.98309 3.34649
2.93894 3.30949
2.98271 3.34617
2.98495 3.34802
2.94984 3.31896
3.02255 3.37892
2.93059 3.28529
2.93242 3.30409
2.93221 3.30398
3.03413 3.38842
2.93957 3.31047
2.97902 3.3199
2.92866 3.29731
2.94005 3.31086
2.93969 3.31057
2.93135 3.30328
2.98634 3.34916
2.92587 3.28146
2.93243 3.3041
2.98681 3.34955
2.9964 3.35745
3.03612 3.39005
2.92579 3.28121
2.93161 3.30341
2.93699 3.30754
2.94182 3.31234
2.92641 3.28187
2.92774 3.29628
2.93231 3.30399
2.9313 3.30031
2.9671 3.33334
2.9838 3.34708
2.93292 3.30451
2.9392 3.31016
2.96862 3.3346
3.03263 3.38719
2.93298 3.3046
2.94 3.31082
2.98518 3.34821
2.93914 3.29147
2.93941 3.31034
2.92604 3.28159
2.93291 3.30455
2.96907 3.31291
2.94016 3.31096
2.93204 3.28634
3.01401 3.37191
2.92876 3.29742
2.94123 3.31185
2.93268 3.30406
2.93193 3.30367
2.92995 3.28482
2.92617 3.28168
2.93301 3.30463
2.94021 3.311
2.93206 3.30356
2.92836 3.29686
2.93153 3.30313
2.92605 3.28165
2.93843 3.30952
2.94913 3.31934
3.0368 3.3906
2.93734 3.30862
2.94003 3.31084
2.94005 3.31086
2.92852 3.29713
3.03416 3.38844
2.97588 3.34057
2.93025 3.2992
2.98583 3.34874
3.00401 3.3637
2.93003 3.2845
2.93348 3.30544
2.93004 3.30194
2.93234 3.30409
3.01732 3.37463
2.93208 3.30358
2.93311 3.30472
3.01394 3.37186
3.02158 3.37812
2.98088 3.34467
2.93135 3.30299
2.93279 3.30446
2.9287 3.29736
2.94215 3.31261
3.02661 3.38225
2.92699 3.28233
2.98559 3.34854
2.95054 3.32083
2.98728 3.34994
2.9501 3.32036
3.02052 3.37726
2.98749 3.35011
2.9265 3.28198
2.98428 3.34747
2.95617 3.30376
2.93251 3.30416
2.93204 3.30355
2.94022 3.311
2.92896 3.29763
3.02549 3.38133
2.92611 3.28164
2.92587 3.28146
2.93174 3.3033
3.03297 3.38747
2.98662 3.34939
2.98615 3.34902
2.93147 3.3005
2.93941 3.31034
3.03196 3.38664
2.93299 3.30461
3.03165 3.38639
2.93982 3.31067
2.93201 3.30352
3.02961 3.38471
2.92846 3.29706
3.0302 3.38519
2.98716 3.34984
2.95609 3.32412
2.93267 3.30436
3.03198 3.38665
2.93199 3.3035
3.03592 3.38988
2.9331 3.30471
2.93171 3.30358
2.92612 3.28165
2.93807 3.30923
2.93454 3.30632
2.93076 3.30251
2.98888 3.35126
2.96697 3.33323
2.93183 3.30337
2.93228 3.30397
2.93141 3.30044
2.98675 3.34949
2.98417 3.34739
2.93189 3.30342
2.98613 3.349
2.993 3.35465
2.99214 3.35395
2.93905 3.31004
2.98028 3.34419
2.9282 3.2829
2.93247 3.30413
2.98666 3.34943
2.92608 3.28162
2.95196 3.32071
2.99114 3.35312
2.98623 3.34907
2.95294 3.32152
2.92795 3.28302
2.93994 3.31077
2.98999 3.35218
2.94062 3.31087
2.98832 3.35081
2.94835 3.31851
2.93086 3.30259
2.98282 3.34628
2.92893 3.29778
2.93544 3.30664
2.98631 3.34914
2.93312 3.30472
2.99308 3.35472
2.98688 3.34962
2.93208 3.30357
2.98834 3.35082
2.96755 3.33865
2.92836 3.29696
2.99367 3.3552
2.96195 3.30788
2.93203 3.30353
2.96148 3.30754
2.98601 3.34889
2.92564 3.28111
2.92848 3.29709
2.95164 3.32045
2.92646 3.28194
2.93962 3.31005
2.98405 3.32342
2.98867 3.35109
2.92867 3.29732
2.93473 3.30572
2.95663 3.32457
2.98592 3.34882
2.93196 3.30349
2.94226 3.3127
2.93849 3.30958
2.99313 3.35476
2.94236 3.31278
2.98717 3.34985
2.99147 3.3534
2.9395 3.31041
2.92848 3.29711
2.98648 3.34928
2.94017 3.31097
2.93213 3.30384
2.93294 3.30457
2.92638 3.28189
2.93989 3.31073
2.92615 3.28148
2.93289 3.30453
2.98681 3.34955
2.96135 3.30745
2.93205 3.30355
2.93262 3.30402
2.99353 3.35508
2.93228 3.30397
2.99352 3.35508
2.93264 3.30433
2.97868 3.34286
2.95281 3.30138
2.93269 3.30407
2.94582 3.31565
2.98758 3.35018
2.95874 3.30558
2.93745 3.30871
2.93175 3.30331
2.93185 3.30339
2.94229 3.31272
2.93064 3.28532
2.93701 3.30755
2.98692 3.34964
2.97922 3.34331
2.98215 3.34572
2.92811 3.28314
2.98263 3.34611
2.97589 3.34057
2.93197 3.30349
2.98363 3.34694
2.98573 3.34867
2.98418 3.34739
2.95128 3.32016
2.93152 3.30056
2.98559 3.34855
2.92961 3.30159
2.98491 3.34799
2.93294 3.30458
2.92547 3.28125
2.98758 3.35018
2.92625 3.28154
2.93286 3.30446
2.93191 3.30343
2.92579 3.28122
2.94211 3.31258
2.93164 3.30068
2.93968 3.31056
2.93153 3.30057
2.93208 3.30358
2.9849 3.34798
2.98573 3.34866
2.93218 3.30395
2.93123 3.30318
2.93262 3.30401
2.93458 3.30593
2.93371 3.30521
2.98698 3.34969
2.92548 3.281
2.98599 3.34887
2.95022 3.31927
2.93226 3.30395
2.98747 3.35009
2.93249 3.30421
2.92871 3.29736
2.98462 3.34775
2.93277 3.30438
2.92809 3.2967
2.97902 3.34314
2.98555 3.34851
2.98732 3.34996
2.94005 3.31086
2.93289 3.30453
2.93196 3.30348
2.92634 3.28186
2.92841 3.28304
2.98679 3.34953
2.98297 3.34639
2.93218 3.30127
2.98588 3.34878
2.93878 3.30936
2.93546 3.30665
2.93807 3.30878
2.93171 3.30328
2.98394 3.34719
2.93788 3.30863
2.93248 3.30414
2.93221 3.3039
2.98473 3.34784
2.9327 3.30433
2.98681 3.34955
2.98506 3.34811
2.9402 3.31099
2.93972 3.31059
2.93199 3.30349
2.95583 3.32391
2.98539 3.34838
2.93961 3.3105
2.928 3.28276
2.98549 3.34846
2.98605 3.34892
2.93163 3.30351
2.95499 3.32322
2.93168 3.30355
2.98623 3.34907
2.94018 3.31097
2.93135 3.30319
2.98406 3.34729
2.93301 3.30463
2.98228 3.34582
2.9259 3.28129
2.93239 3.30406
2.93862 3.30923
2.98572 3.34865
2.93175 3.30331
2.98669 3.34945
2.98231 3.34584
2.93913 3.3101
2.98295 3.34637
2.93006 3.2849
2.93641 3.30742
2.93947 3.31038
2.93207 3.30356
2.93234 3.30402
2.93249 3.30391
2.94206 3.31254
2.9284 3.297
2.9311 3.30297
2.92827 3.29686
2.93287 3.30447
2.98611 3.34898
2.93307 3.30468
2.98655 3.34934
2.98688 3.34961
2.93056 3.28526
2.98729 3.34995
2.94693 3.29718
2.93233 3.30401
2.98732 3.34997
2.93784 3.30904
2.93297 3.3043
2.94101 3.31118
2.95405 3.30226
2.93052 3.28523
2.98759 3.35019
2.93909 3.31007
2.93296 3.30459
2.94021 3.311
2.9541 3.32248
2.93171 3.30327
2.93964 3.31052
2.92994 3.30251
2.94015 3.31095
2.93861 3.30922
2.94027 3.31104
2.95917 3.30589
2.9258 3.28122
2.94713 3.31673
2.9306 3.28529
2.94875 3.31806
2.93205 3.30426
2.92615 3.28173
2.94911 3.31836
2.9403 3.31107
2.94324 3.31351
2.95761 3.30479
2.93989 3.31073
2.93006 3.30262
2.92905 3.29759
2.93947 3.31039
2.94078 3.31147
2.95532 3.32349
2.93677 3.30816
2.93181 3.30335
2.95295 3.32153
2.94648 3.31619
2.94032 3.31109
2.94689 3.31653
2.93477 3.30607
2.96715 3.33823
2.93304 3.30466
2.93995 3.31078
2.92617 3.28168
2.93414 3.30599
2.93141 3.30044
2.93833 3.30944
2.92628 3.28156
2.94367 3.31357
2.9364 3.30786
2.94009 3.3109
2.93971 3.31059
2.98716 3.32559
2.92578 3.28121
2.94909 3.31834
2.93205 3.30355
2.93071 3.28537
2.92832 3.29682
2.93877 3.3098
2.95331 3.32183
2.92673 3.29525
2.9287 3.29733
2.94028 3.31105
2.9392 3.31017
2.93217 3.30365
2.92844 3.29708
2.93999 3.31081
2.93986 3.3107
2.92584 3.28125
2.92806 3.29663
2.93587 3.30742
2.9551 3.32331
2.93653 3.30717
2.93296 3.30459
2.93262 3.30431
2.93765 3.30888
2.94006 3.31087
2.92588 3.28128
2.96451 3.30969
2.93256 3.3042
2.93165 3.30324
2.92583 3.28143
2.92839 3.29689
2.92959 3.30185
2.93305 3.30467
2.93238 3.30405
2.94211 3.31258
2.92926 3.29794
2.93787 3.30907
2.93478 3.30652
2.92852 3.29714
2.92602 3.28157
2.92666 3.2821
2.93197 3.30371
2.95035 3.32062
2.93287 3.30452
2.93996 3.31079
2.93197 3.30348
2.93674 3.30814
2.93076 3.28541
2.94149 3.31206
2.96443 3.3354
2.93179 3.30356
2.93132 3.30034
2.93255 3.3042
2.93162 3.30066
2.93157 3.3006
2.94009 3.3109
2.94111 3.31175
2.93744 3.29024
2.93957 3.31047
2.93983 3.31069
2.93872 3.30977
2.92633 3.28185
2.97107 3.31432
2.93229 3.30404
2.93324 3.30483
2.92829 3.29678
2.93232 3.30407
2.93246 3.30412
2.93053 3.28525
2.9331 3.30471
2.93208 3.30357
2.94129 3.3119
2.93291 3.30455
2.92864 3.29729
2.93734 3.30818
2.9315 3.3031
2.93106 3.30006
2.93307 3.30468
2.9415 3.31207
2.9319 3.30343
2.93254 3.30395
2.93277 3.30443
2.92597 3.28134
2.9411 3.31174
2.93663 3.30725
2.94179 3.31231
2.93679 3.30737
2.9259 3.28129
2.9416 3.31216
2.93777 3.29048
2.93282 3.30448
2.93585 3.3074
2.94008 3.31089
2.93298 3.30461
2.93264 3.30433
2.93952 3.31043
2.96834 3.33947
2.93788 3.30908
2.93192 3.30344
2.92834 3.29684
2.9362 3.30769
2.9324 3.30407
2.93752 3.30878
2.93136 3.303
2.93009 3.28493
2.93866 3.30971
2.93285 3.30451
2.93751 3.30877
2.9571 3.30443
2.93195 3.30369
2.93142 3.30304
2.93881 3.30984
2.93917 3.31014
2.94017 3.31096
2.94784 3.29784
2.9396 3.31049
2.93287 3.30447
2.93157 3.30061
2.93935 3.31029
2.93963 3.31051
2.93998 3.3108
2.92879 3.29744
2.93844 3.30953
2.92824 3.29673
2.94121 3.31134
2.94011 3.31091
2.93913 3.3101
2.93979 3.31065
2.94009 3.31089
2.93043 3.30241
2.93612 3.28929
2.9318 3.30334
2.93222 3.30369
2.931 3.29981
2.94003 3.31084
2.93269 3.30432
2.93079 3.28543
2.92899 3.30136
2.95916 3.30589
2.9336 3.30508
2.95751 3.30471
2.93196 3.30347
2.93237 3.30404
2.93979 3.31065
2.93201 3.30352
2.93224 3.304
2.93539 3.30625
2.92604 3.28159
2.93982 3.31067
2.94007 3.31088
2.92828 3.29677
2.93629 3.30698
2.9319 3.30343
2.93888 3.30944
2.95002 3.32028
2.98584 3.32467
2.93402 3.30547
2.93653 3.30752
2.93391 3.30538
2.92574 3.28137
2.93218 3.30395
2.93219 3.30389
2.93184 3.30338
2.9316 3.30318
2.93681 3.30739
2.93036 3.3022
2.93308 3.30469
2.95866 3.30554
2.93752 3.30833
2.93275 3.30442
2.93253 3.30424
2.94132 3.31143
2.94001 3.31037
2.94088 3.31107
2.93249 3.30421
2.93287 3.30453
2.94128 3.3114
2.9362 3.30726
2.93527 3.30649
2.93312 3.30472
2.93116 3.30313
2.94002 3.31037
2.92676 3.28217
2.93247 3.30389
2.93129 3.2858
2.93935 3.30982
2.93257 3.30427
2.92605 3.2816
2.93201 3.30374
2.93535 3.30655
2.93393 3.30539
2.94051 3.31077
2.93209 3.30358
2.9579 3.30499
2.94046 3.31073
2.93302 3.30464
2.94012 3.31045
2.94068 3.31091
2.9309 3.30291
2.94767 3.3178
2.92739 3.29596
2.94051 3.31078
2.93251 3.30423
2.93292 3.30456
2.93179 3.30363
2.9319 3.30373
2.93414 3.30557
2.92627 3.28176
2.92612 3.28164
2.93134 3.30327
2.92832 3.29681
2.93247 3.30419
2.933 3.30463
2.93306 3.30468
2.93413 3.30556
2.93208 3.30357
2.92992 3.2848
2.93213 3.30391
2.92841 3.29704
2.9333 3.30488
2.93371 3.30521
2.93293 3.30457
2.93351 3.30505
2.93387 3.30531
2.93281 3.30442
2.93378 3.30527
2.93151 3.30054
2.93387 3.30535
2.93209 3.30358
2.92585 3.28126
2.93227 3.30396
2.93176 3.28614
2.934 3.30545
2.9341 3.30554
2.92872 3.29738
2.93264 3.30403
2.932 3.30381
2.93258 3.30422
2.92574 3.28137
2.933 3.30463
2.93172 3.30358
2.98822 3.32632
2.93117 3.30313
2.93312 3.30473
2.93242 3.30409
2.93306 3.30468
2.93255 3.30426
2.9327 3.30438
2.93267 3.30436
2.92806 3.2831
2.931 3.28559
2.93281 3.30447
2.9331 3.30471
2.93407 3.30518
2.92857 3.29709
2.93254 3.30425
2.93223 3.30393
2.93419 3.30558
2.93103 3.30273
2.93169 3.30355
2.93728 3.30672
2.93168 3.30073
2.92615 3.28167
2.93295 3.30458
2.93621 3.30558
2.92861 3.29726
2.98465 3.32384
2.93283 3.30449
2.93251 3.30422
2.9327 3.30437
2.93293 3.30457
2.9287 3.29733
2.93278 3.30445
2.9318 3.30356
2.93294 3.30457
2.93301 3.30463
2.92548 3.28101
2.93298 3.3046
2.93264 3.30433
2.93203 3.30353
2.93268 3.30436
2.93449 3.30583
2.93308 3.30469
2.93244 3.3041
2.93695 3.3075
2.93276 3.30443
2.92585 3.28125
2.93276 3.30443
2.9328 3.30446
2.93312 3.30473
2.93294 3.30458
2.93156 3.30315
2.93199 3.3035
2.92805 3.28309
2.92852 3.29713
2.93153 3.30313
2.93311 3.30472
2.93248 3.30413
2.9331 3.30471
2.93123 3.30289
2.9316 3.30319
2.93231 3.30377
2.93206 3.30356
2.93462 3.30563
2.93559 3.30641
2.95858 3.30547
2.93675 3.30734
2.92997 3.28485
2.92798 3.28305
2.93183 3.30337
2.95048 3.32076
2.93189 3.30342
2.9366 3.30722
2.93234 3.30401
2.93187 3.3034
2.96116 3.33198
2.932 3.30351
2.92839 3.29689
2.93192 3.30345
2.92998 3.30189
2.92638 3.28185
2.93143 3.30046
2.93214 3.30385
2.93394 3.30509
2.93473 3.30572
2.93574 3.30689
2.93202 3.30353
2.93024 3.3021
2.93599 3.30674
2.93539 3.30625
2.93176 3.30332
2.93258 3.30398
2.93692 3.30748
2.93192 3.30344
2.93203 3.30353
2.93271 3.30409
2.93102 3.30273
2.93203 3.30353
2.93191 3.30344
2.93195 3.30347
2.93259 3.30423
2.9322 3.30368
2.93239 3.30383
2.93237 3.30381
2.93233 3.30378
2.94685 3.29712
2.93198 3.30349
2.93526 3.30649
2.92607 3.28161
2.932 3.3035
2.9575 3.30471
2.9312 3.30287
2.9308 3.28543
2.93188 3.30341
2.93186 3.30339
2.93155 3.30315
2.92838 3.29688
2.93196 3.30348
2.92646 3.28195
2.9317 3.30327
2.93191 3.30343
2.93202 3.30375
2.93184 3.30338
2.92862 3.29724
2.93203 3.30353
2.93069 3.29967
2.93205 3.30355
2.93173 3.30329
2.93241 3.30408
2.93238 3.30405
2.93194 3.30346
2.93249 3.30414
2.93194 3.30346
2.93282 3.30443
2.92581 3.28123
2.9321 3.30359
2.93225 3.30394
2.93085 3.30277
2.93175 3.30352
2.93242 3.30409
2.93233 3.30401
2.95007 3.32033
2.93124 3.3031
2.92855 3.29706
2.98625 3.32495
2.9326 3.30424
2.93249 3.30414
2.93151 3.30055
2.93441 3.30577
2.93231 3.30399
2.93503 3.30629
2.93243 3.3041
2.93579 3.30692
2.95862 3.3055
2.93577 3.30691
2.93374 3.3052
2.93471 3.30601
2.92849 3.297
2.93172 3.3035
2.93283 3.30443
2.93533 3.30654
2.92805 3.29654
2.93237 3.30404
2.93531 3.30652
2.92809 3.29671
2.93553 3.30671
2.93546 3.30665
2.93245 3.30411
2.92605 3.28165
2.93243 3.30409
2.93241 3.30408
2.92861 3.29712
2.9314 3.30323
2.93244 3.3041
2.93246 3.30412
2.93248 3.30414
2.93228 3.30397
2.93281 3.30442
2.93219 3.30389
2.93168 3.30347
2.93195 3.30369
2.93214 3.30385
2.93218 3.30388
2.93251 3.30416
2.93248 3.30414
2.93229 3.30398
2.95486 3.30283
2.93246 3.30412
2.93245 3.30411
2.9505 3.32078
2.93245 3.30411
2.92569 3.28115
2.93231 3.30399
2.93248 3.30413
2.92862 3.29727
2.92866 3.29729
2.93211 3.30382
2.93049 3.29926
2.93228 3.30396
2.93245 3.30411
2.9322 3.3039
2.92866 3.2973
2.93193 3.30367
2.93078 3.29958
2.93244 3.3041
2.93242 3.30408
2.93247 3.30412
2.93225 3.30394
2.93227 3.30396
2.93245 3.30411
2.93242 3.30408
2.93248 3.30413
2.93251 3.30416
2.93247 3.30412
2.9325 3.30415
2.93241 3.30407
2.9325 3.30416
2.93251 3.30416
2.92616 3.28168
2.94056 3.29249
2.93164 3.30049
2.93121 3.30022
2.95882 3.30564
2.92625 3.28155
2.96274 3.30844
2.97998 3.32057
2.98763 3.32591
2.98297 3.32267
2.96247 3.30825
2.93063 3.28531
2.93261 3.28676
2.98165 3.32174
2.92872 3.28326
2.95761 3.30479
2.9874 3.32575
2.95894 3.30573
2.98861 3.32659
2.92783 3.28293
2.93166 3.30071
2.95852 3.30543
2.92488 3.28083
2.95901 3.30578
2.96291 3.30856
2.92603 3.28164
2.92849 3.2971
2.95883 3.30565
2.97442 3.31667
2.9316 3.30064
2.92653 3.282
2.92773 3.28286
2.94987 3.32012
2.93051 3.28522
2.95922 3.30593
2.94078 3.29278
2.92966 3.28461
2.95925 3.30595
2.9299 3.2848
2.92592 3.28131
2.93144 3.28591
2.9313 3.30031
2.96208 3.30797
2.98019 3.32073
2.95597 3.30362
2.94812 3.29803
2.95854 3.30547
2.92613 3.28165
2.92597 3.28154
2.93056 3.28527
2.92856 3.29717
2.95914 3.30588
2.98834 3.3264
2.9591 3.30584
2.92757 3.28273
2.93085 3.28547
2.95886 3.30567
2.94654 3.2969
2.93076 3.28541
2.97507 3.31713
2.95794 3.30502
2.9506 3.32089
2.9314 3.28588
2.92599 3.28162
2.95285 3.30141
2.93164 3.30068
2.92647 3.28196
2.93079 3.28543
2.92818 3.28318
2.92558 3.28107
2.92972 3.28466
2.95871 3.30557
2.95629 3.30385
2.92632 3.2818
2.93191 3.28625
2.94885 3.29855
2.92617 3.28174
2.95155 3.32189
2.92907 3.28419
2.93071 3.28538
2.93068 3.28535
2.92832 3.29682
2.93069 3.28536
2.9588 3.30563
2.96238 3.30818
2.92675 3.28251
2.92575 3.28119
2.95771 3.30486
2.92987 3.28477
2.97503 3.31711
2.92634 3.28186
2.92592 3.28131
2.92635 3.28187
2.98263 3.32243
2.92543 3.28113
2.95802 3.30507
2.95836 3.30533
2.93056 3.28526
2.95124 3.30025
2.92835 3.29685
2.98478 3.32393
2.93073 3.28538
2.94032 3.29232
2.93062 3.28531
2.98585 3.32468
2.92951 3.2845
2.92512 3.28075
2.92608 3.28162
2.95443 3.30253
2.9582 3.3052
2.92802 3.28277
2.95717 3.30448
2.96247 3.30824
2.92868 3.29734
2.9301 3.28493
2.95483 3.30282
2.93077 3.28541
2.95465 3.30268
2.93784 3.29053
2.92478 3.28052
2.93063 3.28531
2.95678 3.30421
2.95966 3.30625
2.92608 3.28162
2.95636 3.30391
2.92585 3.28125
2.96251 3.30828
2.95902 3.3058
2.92588 3.28128
2.92576 3.2812
2.96055 3.30688
2.92586 3.28127
2.9261 3.28163
2.93025 3.29886
2.92649 3.28197
2.96189 3.30783
2.96099 3.3072
2.92575 3.28119
2.92976 3.28469
2.96155 3.30759
2.93037 3.28513
2.92885 3.29752
2.92836 3.29696
2.93077 3.28542
2.92977 3.28469
2.9264 3.2819
2.92574 3.28143
2.92541 3.28095
2.92773 3.29626
2.95875 3.3056
2.95046 3.32074
2.9288 3.29746
2.92624 3.28153
2.93083 3.28546
2.96278 3.30846
2.95921 3.30593
2.94984 3.32009
2.92641 3.28187
2.95418 3.30235
2.92596 3.28153
2.92849 3.29713
2.95898 3.30576
2.92616 3.28168
2.95894 3.30573
2.93202 3.28633
2.9542 3.30236
2.92612 3.28165
2.95917 3.3059
2.93059 3.28528
2.9522 3.30094
2.92577 3.28146
2.95923 3.30594
2.93833 3.29088
2.95685 3.30425
2.95652 3.30401
2.95802 3.30508
2.92638 3.28185
2.93048 3.2852
2.95805 3.3051
2.95846 3.30539
2.9581 3.30514
2.92597 3.2816
2.9254 3.2812
2.95872 3.30558
2.92689 3.28226
2.95885 3.30567
2.93069 3.28536
2.92836 3.29686
2.92602 3.28157
2.92839 3.29689
2.95915 3.30588
2.92616 3.28173
2.95711 3.30443
2.95744 3.30466
2.95917 3.3059
2.92633 3.28181
2.9307 3.28536
2.92596 3.28153
2.9264 3.2819
2.95715 3.30446
2.95645 3.30396
2.92614 3.28172
2.95408 3.30227
2.92592 3.2813
2.92581 3.28148
2.95585 3.30354
2.9582 3.3052
2.93084 3.28546
2.92993 3.28443
2.95846 3.30539
2.95887 3.30568
2.92951 3.28413
2.95703 3.30437
2.92842 3.29693
2.9294 3.28405
2.92616 3.28167
2.92599 3.28155
2.92919 3.29788
2.93126 3.28537
2.92587 3.28127
2.95691 3.30429
2.92646 3.28195
2.9257 3.28134
2.92637 3.28188
2.95875 3.3056
2.93078 3.28543
2.9305 3.28522
2.94016 3.29221
2.92824 3.29673
2.92987 3.28477
2.93043 3.28517
2.93026 3.28504
2.95841 3.30535
2.93815 3.30765
2.95856 3.30546
2.92616 3.28168
2.92565 3.28112
2.92612 3.28164
2.95848 3.3054
2.95876 3.3056
2.92647 3.28195
2.92591 3.2813
2.93167 3.30071
2.9261 3.28163
2.92984 3.28436
2.92612 3.28166
2.9581 3.30513
2.92572 3.28117
2.92764 3.28251
2.93008 3.28491
2.95908 3.30583
2.93015 3.28496
2.95896 3.30575
2.93111 3.28567
2.92876 3.29742
2.93035 3.28511
2.92612 3.28165
2.92647 3.28196
2.95834 3.3053
2.95807 3.30511
2.9319 3.28624
2.92639 3.28185
2.95842 3.30537
2.9299 3.29864
2.92886 3.28336
2.95833 3.3053
2.95924 3.30594
2.92651 3.28198
2.93064 3.28532
2.95906 3.30581
2.92937 3.2844
2.95922 3.30593
2.93012 3.28494
2.92644 3.28193
2.94029 3.2923
2.93207 3.28636
2.93913 3.29146
2.92969 3.29841
2.92569 3.28115
2.92616 3.28168
2.93076 3.28541
2.92983 3.28435
2.93083 3.28546
2.93494 3.28844
2.93078 3.28542
2.92592 3.28131
2.93592 3.28915
2.92589 3.28189
2.93613 3.2893
2.93085 3.28547
2.92858 3.28383
2.9318 3.28617
2.94016 3.2922
2.93059 3.28528
2.9264 3.28192
2.94056 3.29249
2.92601 3.28137
2.9247 3.28102
2.92609 3.28163
2.93035 3.28511
2.95061 3.3209
2.9259 3.2813
2.93113 3.28568
2.93081 3.28544
2.93986 3.29199
2.92873 3.28394
2.93456 3.28816
2.9348 3.28834
2.94634 3.3164
2.9368 3.28978
2.92753 3.28271
2.93064 3.28532
2.92587 3.28152
2.92715 3.2828
2.92644 3.28193
2.92851 3.28378
2.92668 3.28211
2.93072 3.28538
2.93049 3.28522
2.9259 3.28129
2.93865 3.29112
2.93019 3.28499
2.92968 3.2984
2.92597 3.28135
2.93097 3.29996
2.93183 3.28619
2.92589 3.28128
2.92615 3.28167
2.92878 3.29744
2.93972 3.29189
2.93933 3.29161
2.9261 3.28164
2.93993 3.29204
2.92755 3.296
2.92591 3.2813
2.93937 3.29164
2.92564 3.28129
2.93973 3.29189
2.92858 3.28317
2.92926 3.28432
2.92601 3.28162
2.93051 3.28522
2.93056 3.28527
2.9252 3.28105
2.92874 3.29739
2.92589 3.28128
2.92754 3.28308
2.93067 3.28534
2.92585 3.28145
2.92871 3.28393
2.93156 3.286
2.93058 3.28527
2.9474 3.31751
2.93041 3.28515
2.92342 3.27979
2.9299 3.28479
2.92616 3.28168
2.93012 3.28495
2.92586 3.28126
2.92661 3.28206
2.93195 3.28628
2.92614 3.28167
2.92863 3.29714
2.92653 3.28199
2.93107 3.28564
2.92641 3.28191
2.92907 3.28381
2.92617 3.28168
2.93162 3.30067
2.93156 3.286
2.93196 3.28628
2.9307 3.28536
2.92633 3.28185
2.93133 3.28583
2.92468 3.28045
2.95054 3.32083
2.92818 3.28354
2.93072 3.28538
2.93164 3.28605
2.93204 3.28634
2.93083 3.28546
2.92983 3.28474
2.92562 3.2811
2.93082 3.28546
2.92839 3.28369
2.92611 3.28164
2.92918 3.28426
2.92986 3.28475
2.929 3.29767
2.92638 3.28189
2.92917 3.28426
2.92566 3.28113
2.92606 3.28167
2.92583 3.28143
2.9282 3.2829
2.93017 3.28498
2.93077 3.28542
2.93042 3.28517
2.93021 3.28501
2.92587 3.28128
2.9306 3.28529
2.92639 3.28185
2.93048 3.28521
2.93028 3.28506
2.93072 3.28538
2.92731 3.28254
2.93068 3.28535
2.93073 3.28539
2.92617 3.28169
2.93044 3.28518
2.93064 3.28532
2.93133 3.30016
2.93065 3.28533
2.92973 3.28466
2.93139 3.28546
2.92933 3.28437
2.93083 3.28546
2.92583 3.28143
2.92601 3.28162
2.93047 3.2852
2.93054 3.28525
2.92839 3.29689
2.92836 3.29686
2.92816 3.28288
2.93072 3.28537
2.92574 3.28118
2.926 3.28137
2.93068 3.28535
2.92628 3.28177
2.92856 3.28315
2.92406 3.28024
2.92584 3.28125
2.93028 3.28506
2.93032 3.28509
2.93073 3.28539
2.92544 3.28097
2.92587 3.28127
2.9279 3.28269
2.93042 3.28516
2.9259 3.2813
2.92494 3.28077
2.93071 3.28537
2.92844 3.28307
2.92805 3.29653
2.93085 3.28547
2.9261 3.2817
2.92712 3.28243
2.92581 3.28123
2.96379 3.33473
2.93 3.28447
2.92708 3.2824
2.92843 3.29704
2.92692 3.28228
2.92858 3.28347
2.93119 3.28532
2.92852 3.29713
2.92597 3.2816
2.93139 3.28546
2.92598 3.28155
2.92793 3.28301
2.92845 3.29708
2.92597 3.28153
2.92627 3.28181
2.92577 3.2812
2.92562 3.2811
2.92875 3.28328
2.92709 3.2824
2.92918 3.28389
2.93005 3.29864
2.93104 3.28521
2.92584 3.28126
2.92632 3.28184
2.92592 3.28131
2.92618 3.28175
2.92597 3.28154
2.92641 3.28191
2.93119 3.28532
2.92629 3.28183
2.92839 3.28333
2.9283 3.28297
2.92819 3.28319
2.92783 3.28293
2.92653 3.282
2.92654 3.282
2.92469 3.28069
2.92805 3.29662
2.92536 3.28117
2.92647 3.28195
2.93068 3.28496
2.93049 3.28483
2.92481 3.28077
2.92599 3.28156
2.95155 3.32189
2.92858 3.28317
2.92683 3.28222
2.92592 3.28131
2.92702 3.28236
2.92648 3.28196
2.93074 3.285
2.94864 3.31882
2.93107 3.28524
2.92521 3.28106
2.92753 3.29627
2.93097 3.28517
2.92611 3.28164
2.92642 3.28192
2.92447 3.28054
2.95088 3.32119
2.92637 3.28188
2.92586 3.28126
2.92641 3.28191
2.92706 3.28238
2.92581 3.28149
2.92587 3.28127
2.92621 3.28152
2.92643 3.28193
2.92547 3.28125
2.92678 3.28218
2.92639 3.28191
2.92617 3.28168
2.92488 3.28059
2.92709 3.2824
2.92591 3.2813
2.92594 3.28158
2.92661 3.28206
2.92689 3.28226
2.92677 3.28218
2.92699 3.2823
2.92693 3.28229
2.92699 3.28233
2.92706 3.28238
2.92874 3.29739
2.92647 3.28195
2.9257 3.28141
2.92604 3.28165
2.92537 3.28117
2.92654 3.282
2.92612 3.28165
2.92609 3.28168
2.92599 3.28162
2.92855 3.29719
2.92651 3.28198
2.92619 3.28176
2.95035 3.32063
2.92628 3.28182
2.92627 3.28181
2.92583 3.28125
2.92635 3.28187
2.92645 3.28194
2.9258 3.28123
2.92534 3.28107
2.92619 3.28175
2.92646 3.28194
2.92607 3.28167
2.92601 3.28157
2.92718 3.28245
2.92528 3.28087
2.92568 3.28139
2.92875 3.29741
2.92644 3.28193
2.92637 3.28188
2.92405 3.28001
2.92576 3.2812
2.92646 3.28194
2.9265 3.28197
2.92813 3.28315
2.93153 3.30057
2.92632 3.28184
2.92638 3.28188
2.92634 3.28186
2.92641 3.28191
2.92649 3.28197
2.92643 3.28192
2.92573 3.28117
2.92645 3.28194
2.92589 3.28129
2.92635 3.28187
2.92645 3.28194
2.92625 3.2818
2.92653 3.28199
2.92589 3.28128
2.92627 3.28181
2.9315 3.30054
2.92638 3.28189
2.92617 3.28169
2.92613 3.28165
2.92639 3.2819
2.92807 3.29655
2.92634 3.28186
2.92643 3.28193
2.95048 3.32076
2.92592 3.2813
2.9256 3.28108
2.92586 3.28126
2.93159 3.30063
2.92615 3.28167
2.92653 3.282
2.92563 3.2811
2.92744 3.28237
2.92609 3.28162
2.92443 3.28028
2.92621 3.28151
2.92871 3.28326
2.92645 3.28168
2.92576 3.2812
2.9258 3.28122
2.92591 3.2813
2.92408 3.28003
2.92862 3.28319
2.92607 3.28161
2.92579 3.28121
2.92587 3.28127
2.94842 3.31858
2.92582 3.28124
2.92465 3.28043
2.9284 3.28304
2.92605 3.28141
2.92569 3.28115
2.92691 3.282
2.92811 3.28314
2.94396 3.31388
2.95 3.32026
2.92691 3.28201
2.9277 3.28256
2.92481 3.28054
2.92588 3.28128
2.9275 3.28242
2.92796 3.28273
2.92826 3.28294
2.9279 3.28269
2.92512 3.28075
2.92546 3.28099
2.92582 3.28123
2.92571 3.28116
2.92624 3.28153
2.92625 3.28154
2.92957 3.29828
2.92629 3.28157
2.93247 3.30158
2.92528 3.28087
2.92844 3.29695
2.92582 3.28123
2.92588 3.28128
2.93066 3.29963
2.92607 3.28141
2.92568 3.28114
2.92576 3.2812
2.9257 3.28116
2.9259 3.2813
2.92583 3.28124
2.9261 3.28144
2.92609 3.28143
2.92614 3.28146
2.92606 3.28141
2.92585 3.28126
2.95148 3.32182
2.92619 3.2815
2.92572 3.28117
2.92619 3.2815
2.92542 3.28096
2.92539 3.28094
2.92548 3.28101
2.92592 3.28131
2.92559 3.28108
2.92542 3.28096
2.92581 3.28123
2.9256 3.28108
2.92588 3.28127
2.92588 3.28147
2.92563 3.28111
2.92577 3.2812
2.92837 3.29687
2.92586 3.28126
2.92581 3.28123
2.92588 3.28128
2.92587 3.28128
2.92588 3.28128
2.9259 3.28129
2.9254 3.28095
2.9258 3.28122
2.92586 3.28126
2.92558 3.28107
2.92611 3.28164
2.92587 3.28127
2.92569 3.28115
2.92582 3.28123
2.9258 3.28122
2.92583 3.28124
2.9277 3.29629
2.92583 3.28124
2.92609 3.28163
2.92586 3.28126
2.92571 3.28116
2.9256 3.28109
2.9259 3.28129
2.92583 3.28124
2.92834 3.29684
2.92583 3.28125
2.92583 3.28125
2.92592 3.28131
2.92588 3.28128
2.9259 3.2813
2.92551 3.28119
2.92602 3.28157
2.9264 3.28186
2.92806 3.2831
2.92518 3.28095
2.92572 3.28135
2.92803 3.28308
2.92652 3.28195
2.92606 3.2816
2.92623 3.28173
2.92616 3.28168
2.92608 3.28162
2.92814 3.28316
2.92803 3.28308
2.92769 3.28282
2.92723 3.28248
2.92683 3.28218
2.96457 3.33555
2.92696 3.28228
2.92614 3.28166
2.92594 3.28152
2.92616 3.28168
2.92775 3.28287
2.92766 3.28281
2.92749 3.28267
2.92786 3.28296
2.92609 3.28162
2.9287 3.29735
2.92785 3.28295
2.92787 3.28296
2.92603 3.28158
2.92613 3.28166
2.9281 3.28313
2.92602 3.28157
2.92622 3.28173
2.92612 3.28165
2.92639 3.28185
2.92588 3.28147
2.92613 3.28166
2.92854 3.29716
2.92631 3.28179
2.95025 3.32052
2.92614 3.28167
2.92626 3.28175
2.92621 3.28172
2.92631 3.28179
2.92837 3.29687
2.92614 3.28166
2.92626 3.28176
2.92635 3.28182
2.93145 3.30048
2.92563 3.28129
2.92613 3.28165
2.92615 3.28167
2.9261 3.28163
2.92851 3.29712
2.92568 3.28132
2.9259 3.28148
2.92595 3.28152
2.92597 3.28154
2.92601 3.28157
2.92616 3.28168
2.92606 3.28161
2.92606 3.2816
2.92614 3.28166
2.92614 3.28166
2.92605 3.28159
2.92615 3.28167
2.92593 3.28151
2.92616 3.28168
2.92598 3.28155
2.92613 3.28165
2.92802 3.29663
2.92612 3.28165
2.92615 3.28167
2.92606 3.2816
2.92614 3.28166
2.92611 3.28164
2.92613 3.28165
2.92612 3.28164
2.92613 3.28165
2.92614 3.28166
2.92614 3.28166
2.92605 3.2816
2.92617 3.28168
2.92598 3.28155
2.92868 3.29733
2.92615 3.28167
2.92617 3.28169
2.92615 3.28167
2.92611 3.28164
2.92608 3.28162
2.92609 3.28163
2.92611 3.28164
2.94723 3.31733
2.92613 3.28165
2.92854 3.29715
2.92614 3.28166
2.92616 3.28168
2.92616 3.28168
2.92617 3.28168
2.92617 3.28168
2.92855 3.29716
2.93029 3.29889
2.93815 3.30765
2.96948 3.34066
2.95033 3.3206
2.92861 3.29713
2.95294 3.32335
2.96953 3.34072
2.9282 3.29669
2.93147 3.3005
2.92854 3.29716
2.93814 3.3077
2.96643 3.33748
2.94979 3.32003
2.93146 3.30049
2.93167 3.30071
2.97001 3.34121
2.93153 3.30057
2.96555 3.33656
2.96938 3.34056
2.9504 3.32068
2.95012 3.32039
2.92743 3.296
2.95878 3.32949
2.95305 3.32348
2.94905 3.31925
2.92846 3.2971
2.95033 3.32061
2.9288 3.29745
2.95721 3.32785
2.96203 3.33289
2.9296 3.29831
2.94068 3.31039
2.95059 3.32088
2.92886 3.2977
2.9383 3.30786
2.92839 3.29689
2.9525 3.32289
2.92798 3.29659
2.94954 3.31976
2.93696 3.30637
2.94319 3.31306
2.92843 3.29703
2.94908 3.31929
2.95009 3.32035
2.92853 3.29714
2.95028 3.32055
2.95411 3.3246
2.93228 3.30138
2.92848 3.29709
2.9424 3.31222
2.94908 3.31928
2.94301 3.31286
2.93168 3.30072
2.95849 3.32919
2.96861 3.33976
2.92875 3.2974
2.94971 3.31995
2.92991 3.29849
2.93155 3.30059
2.94974 3.31998
2.92844 3.29707
2.92833 3.29692
2.92876 3.29742
2.93164 3.30068
2.92817 3.29665
2.96576 3.33679
2.97027 3.34149
2.93157 3.3006
2.93157 3.30061
2.92834 3.29684
2.94591 3.31594
2.9527 3.3231
2.958 3.32868
2.96248 3.33337
2.92872 3.29735
2.94959 3.31982
2.93103 3.30003
2.95016 3.32043
2.96113 3.33195
2.96419 3.33515
2.92867 3.29732
2.92868 3.29733
2.9662 3.33725
2.95043 3.3207
2.94927 3.31948
2.93164 3.30068
2.92832 3.29694
2.96575 3.33678
2.9503 3.32057
2.94527 3.31526
2.93147 3.30049
2.9316 3.30064
2.93799 3.30748
2.96835 3.33948
2.96992 3.34112
2.93055 3.29952
2.92842 3.29693
2.92786 3.29633
2.94234 3.31216
2.92847 3.29707
2.94991 3.32016
2.94922 3.31944
2.9372 3.30664
2.93117 3.30019
2.95022 3.32049
2.94755 3.31766
2.93634 3.30571
2.94632 3.31637
2.95201 3.32238
2.93673 3.30613
2.93162 3.30066
2.94953 3.31976
2.93168 3.30073
2.93133 3.30035
2.94868 3.31887
2.93103 3.30002
2.92826 3.29684
2.92835 3.29685
2.95008 3.32034
2.92834 3.29684
2.92876 3.29741
2.9288 3.29746
2.94913 3.31934
2.95279 3.3232
2.95031 3.32058
2.92839 3.29689
2.92801 3.29657
2.95089 3.3212
2.93025 3.29886
2.92837 3.29686
2.95302 3.32345
2.94996 3.32021
2.92828 3.29678
2.9314 3.30023
2.92877 3.29743
2.95102 3.32134
2.93821 3.30771
2.95177 3.32213
2.94992 3.32017
2.9517 3.32205
2.92828 3.29677
2.9281 3.29658
2.95202 3.32239
2.92834 3.29684
2.93095 3.29995
2.9325 3.30161
2.95237 3.32276
2.9313 3.30031
2.95214 3.32252
2.93136 3.30038
2.93794 3.30742
2.9521 3.32247
2.92871 3.29736
2.95217 3.32255
2.92855 3.29719
2.95241 3.3228
2.95028 3.32055
2.9286 3.29712
2.94926 3.31948
2.95241 3.3228
2.92847 3.29707
2.9527 3.32311
2.93608 3.30544
2.95296 3.32338
2.94703 3.31712
2.92863 3.29715
2.94525 3.31523
2.94869 3.31887
2.93388 3.30309
2.93285 3.30199
2.95059 3.32087
2.94965 3.31989
2.93021 3.29881
2.92905 3.29773
2.95056 3.32084
2.9283 3.29679
2.95042 3.3207
2.92854 3.29715
2.95043 3.32071
2.94567 3.31568
2.92879 3.29745
2.93246 3.30157
2.95032 3.3206
2.94725 3.31735
2.95056 3.32085
2.93168 3.30072
2.9315 3.30053
2.94861 3.31879
2.92825 3.29675
2.92829 3.29692
2.94834 3.3185
2.92835 3.29684
2.93666 3.30606
2.92757 3.29603
2.94763 3.31776
2.94901 3.31921
2.94879 3.31898
2.94985 3.3201
2.94923 3.31944
2.94952 3.31975
2.95059 3.32087
2.9287 3.29733
2.92757 3.29602
2.9324 3.3015
2.93143 3.30046
2.94981 3.32006
2.95008 3.32034
2.92843 3.29706
2.92805 3.29666
2.95033 3.32061
2.92904 3.29772
2.94995 3.3202
2.92846 3.29706
2.95056 3.32084
2.93133 3.30035
2.94822 3.31837
2.92853 3.29704
2.93158 3.30061
2.92855 3.29716
2.92834 3.29684
2.92799 3.29656
2.95027 3.32054
2.94874 3.31893
2.95017 3.32043
2.92854 3.29718
2.92867 3.29732
2.93107 3.29988
2.95036 3.32063
2.92974 3.29847
2.93122 3.30024
2.93071 3.2995
2.92844 3.29704
2.92826 3.29675
2.93163 3.30067
2.93195 3.30082
2.92842 3.29702
2.94918 3.31939
2.92869 3.29734
2.95028 3.32055
2.93163 3.30068
2.93144 3.30047
2.93789 3.30737
2.94971 3.31995
2.94998 3.32023
2.93755 3.30701
2.92853 3.29714
2.92823 3.29685
2.95005 3.32031
2.95017 3.32043
2.93163 3.30067
2.95029 3.32056
2.92851 3.29712
2.95023 3.3205
2.94848 3.31865
2.93116 3.30017
2.93121 3.30022
2.93185 3.30091
2.92838 3.29688
2.93054 3.2995
2.92867 3.29731
2.94982 3.32007
2.93238 3.30148
2.95056 3.32084
2.9287 3.29733
2.95006 3.32032
2.92878 3.29744
2.93154 3.30058
2.95031 3.32058
2.95047 3.32075
2.93196 3.30083
2.92872 3.29735
2.92853 3.29714
2.95059 3.32088
2.93109 3.3001
2.93119 3.3002
2.92874 3.29739
2.93629 3.30566
2.93249 3.3016
2.9372 3.30663
2.92855 3.29717
2.93166 3.30071
2.93441 3.30365
2.93505 3.30434
2.9352 3.3045
2.93168 3.30072
2.93017 3.2991
2.93231 3.30141
2.93788 3.30736
2.93151 3.30055
2.92758 3.29633
2.93134 3.30037
2.92915 3.29801
2.92838 3.29688
2.93768 3.30715
2.93674 3.30614
2.93012 3.29905
2.93168 3.30073
2.93564 3.30497
2.92946 3.29816
2.92877 3.29743
2.93153 3.30057
2.92839 3.29689
2.93089 3.29987
2.93012 3.29905
2.9289 3.29756
2.93159 3.30063
2.93144 3.30047
2.93519 3.30449
2.92838 3.29687
2.93688 3.30629
2.93167 3.30071
2.92831 3.2968
2.93124 3.30025
2.93233 3.30143
2.93759 3.30705
2.93733 3.30677
2.93148 3.30051
2.93773 3.3072
2.9299 3.29882
2.93736 3.3068
2.92874 3.29739
2.93061 3.29958
2.92866 3.29728
2.93158 3.30062
2.92858 3.2972
2.93145 3.30048
2.93148 3.30052
2.92878 3.29743
2.9324 3.3015
2.92791 3.29651
2.9307 3.29968
2.92837 3.29687
2.92947 3.29836
2.92875 3.29741
2.93154 3.30058
2.93197 3.30104
2.93139 3.30041
2.92861 3.29726
2.93164 3.30069
2.93104 3.30004
2.93119 3.3002
2.92835 3.29685
2.92885 3.29752
2.93241 3.30151
2.92848 3.29712
2.92854 3.29715
2.92847 3.29708
2.9288 3.29745
2.93182 3.30088
2.93207 3.30115
2.92872 3.29737
2.92855 3.29717
2.92878 3.29744
2.92827 3.29686
2.93215 3.30124
2.93242 3.30152
2.92857 3.29708
2.9322 3.30128
2.9299 3.29881
2.93221 3.30129
2.93124 3.30025
2.92861 3.29726
2.93228 3.30138
2.93247 3.30158
2.93104 3.30004
2.931 3.3
2.93136 3.30039
2.93071 3.29968
2.93166 3.30071
2.92875 3.29741
2.9287 3.29735
2.93056 3.29952
2.92822 3.29671
2.92848 3.29712
2.92812 3.29661
2.93108 3.30008
2.93162 3.30067
2.93139 3.30042
2.93125 3.30026
2.92836 3.29686
2.93151 3.30054
2.92871 3.29733
2.93143 3.30046
2.9316 3.30064
2.93141 3.30043
2.93053 3.29949
2.93154 3.30057
2.93155 3.30058
2.93093 3.29992
2.93204 3.30091
2.9316 3.30064
2.93117 3.30017
2.92835 3.29685
2.92833 3.29693
2.93142 3.30045
2.93154 3.30057
2.92989 3.29847
2.93159 3.30063
2.92827 3.29677
2.92863 3.29725
2.93015 3.29875
2.92834 3.29683
2.9285 3.29711
2.93147 3.3005
2.92836 3.29686
2.9288 3.29745
2.93158 3.30062
2.93168 3.30072
2.92851 3.29715
2.92832 3.29681
2.92916 3.29785
2.92906 3.29774
2.92843 3.29706
2.92843 3.29704
2.92675 3.29528
2.92829 3.29678
2.92819 3.29668
2.93028 3.29889
2.92917 3.29786
2.9318 3.30066
2.92865 3.2973
2.92839 3.29689
2.92873 3.29738
2.93208 3.30096
2.93156 3.3004
2.92889 3.29756
2.93191 3.30077
2.93207 3.30094
2.93012 3.29887
2.92875 3.29741
2.92879 3.29745
2.9288 3.29746
2.92802 3.29663
2.92876 3.29741
2.93156 3.30041
2.92854 3.29715
2.93056 3.29934
2.93129 3.30012
2.92765 3.29623
2.93017 3.29877
2.92858 3.29722
2.93176 3.30061
2.92849 3.29713
2.9316 3.30045
2.93183 3.30069
2.93176 3.30062
2.93202 3.30089
2.92852 3.29713
2.92827 3.29689
2.92869 3.29734
2.92857 3.29722
2.92872 3.29737
2.92916 3.29785
2.9283 3.2968
2.92831 3.29694
2.92836 3.29686
2.92921 3.2979
2.92873 3.29739
2.92856 3.29717
2.92875 3.29741
2.92878 3.29744
2.92921 3.2979
2.92895 3.29762
2.92887 3.29754
2.92899 3.29766
2.92904 3.29772
2.9291 3.29778
2.92873 3.29738
2.92907 3.29774
2.92911 3.29779
2.92915 3.29784
2.92865 3.29729
2.92877 3.29743
2.92877 3.29743
2.92861 3.29713
2.92835 3.29698
2.92876 3.29741
2.92824 3.29687
2.92847 3.29711
2.92824 3.29686
2.9285 3.29714
2.92878 3.29744
2.92878 3.29744
2.92857 3.29722
2.92859 3.29723
2.92863 3.29728
2.92833 3.29683
2.92875 3.2974
2.92831 3.29681
2.92879 3.29745
2.92918 3.29773
2.9286 3.29725
2.92875 3.2974
2.92849 3.29713
2.92845 3.29705
2.92923 3.29791
2.92869 3.29734
2.92715 3.29558
2.92856 3.2972
2.92829 3.29678
2.92857 3.29721
2.92877 3.29743
2.92863 3.29728
2.92868 3.29733
2.92851 3.29712
2.9287 3.29735
2.92873 3.29738
2.92873 3.29738
2.92826 3.29676
2.92875 3.2974
2.92854 3.29715
2.92875 3.2974
2.92874 3.2974
2.9288 3.29745
2.92863 3.29727
2.92948 3.29818
2.92845 3.29708
2.9287 3.29735
2.92853 3.29714
2.92866 3.29731
2.92949 3.29819
2.9288 3.29746
2.92873 3.29739
2.92877 3.29743
2.92818 3.29667
2.92835 3.29685
2.92855 3.29716
2.9288 3.29745
2.92978 3.29835
2.92921 3.29776
2.92838 3.29688
2.9294 3.29796
2.9274 3.29585
2.92858 3.2971
2.92874 3.29727
2.93033 3.29894
2.92716 3.2956
2.93019 3.29879
2.92849 3.2971
2.9283 3.2968
2.92836 3.29685
2.92837 3.29686
2.93005 3.29864
2.92848 3.29699
2.92913 3.29768
2.92945 3.29801
2.92985 3.29859
2.92836 3.29686
2.92765 3.29611
2.9277 3.29616
2.92975 3.29833
2.92971 3.29828
2.92826 3.29675
2.92991 3.29849
2.92859 3.2971
2.92834 3.29683
2.93009 3.29868
2.92786 3.29633
2.93033 3.29893
2.92832 3.29682
2.92825 3.29674
2.9281 3.29659
2.92796 3.29644
2.92837 3.29687
2.92832 3.29682
2.92833 3.29683
2.9282 3.2967
2.92825 3.29674
2.92838 3.29688
2.92844 3.29694
2.92851 3.29702
2.9285 3.29701
2.92855 3.29706
2.92857 3.29709
2.92836 3.29696
2.92826 3.29675
2.92966 3.29838
2.9282 3.29669
2.92831 3.2968
2.9281 3.29659
2.92806 3.29654
2.92806 3.29654
2.92824 3.29673
2.92838 3.29688
2.92829 3.29679
2.92835 3.29685
2.92805 3.29653
2.92835 3.29685
2.92836 3.29686
2.92831 3.2968
2.92835 3.29684
2.92833 3.29682
2.92836 3.29686
2.92825 3.29674
2.92837 3.29687
2.92833 3.29683
2.92834 3.29684
2.92833 3.29683
2.92838 3.29688
2.92845 3.29706
2.92982 3.29855
2.92825 3.29683
2.92849 3.29709
2.9285 3.29711
2.92987 3.29861
2.9298 3.29853
2.92957 3.29828
2.92905 3.29771
2.929 3.29766
2.92908 3.29775
2.92944 3.29814
2.92841 3.29701
2.92855 3.29717
2.92825 3.29683
2.92854 3.29715
2.92926 3.29794
2.92955 3.29826
2.9281 3.29667
2.92944 3.29813
2.92869 3.29732
2.92973 3.29846
2.92969 3.29841
2.9285 3.29711
2.92977 3.2985
2.92847 3.29707
2.92853 3.29715
2.92985 3.29858
2.92855 3.29716
2.92846 3.29706
2.92859 3.29721
2.92853 3.29714
2.92852 3.29713
2.92853 3.29714
2.92862 3.29724
2.92854 3.29715
2.92862 3.29724
2.92859 3.2972
2.92865 3.29728
2.92854 3.29715
2.92868 3.2973
2.92847 3.29707
2.92832 3.29691
2.92843 3.29703
2.92853 3.29714
2.92851 3.29712
2.92838 3.29698
2.92833 3.29693
2.92841 3.29701
2.92856 3.29717
2.92845 3.29706
2.92855 3.29716
2.92849 3.29709
2.92849 3.29709
2.92854 3.29715
2.92854 3.29715
2.92854 3.29715
2.92855 3.29716
2.9285 3.29711
2.92855 3.29716
2.92847 3.29707
2.92853 3.29715
2.92854 3.29715
2.92843 3.29704
2.92833 3.29692
2.92853 3.29714
2.92841 3.29701
2.92845 3.29706
2.92846 3.29707
2.9285 3.29711
2.92852 3.29713
2.92853 3.29714
2.92852 3.29713
2.92854 3.29715
2.92854 3.29715
2.92842 3.29702
2.92849 3.29709
2.92855 3.29716
2.92856 3.29717
2.92852 3.29713
2.92851 3.29712
2.92856 3.29717
2.92852 3.29713
2.92852 3.29713
2.92855 3.29716
2.92855 3.29716
2.92856 3.29717
