2.9151 1.93856
2.91394 1.97264
2.91306 1.98219
2.91587 1.91283
2.91425 1.95925
2.91622 1.90372
2.91622 1.90833
2.91618 1.90949
2.91572 1.92183
2.91539 1.90952
2.91355 1.96746
2.91493 1.94419
2.91348 1.9822
2.91509 1.933
2.91519 1.93592
2.91467 1.94725
2.91452 1.94029
2.91455 1.95109
2.91495 1.94253
2.91534 1.93256
2.91616 1.90978
2.91629 1.89904
2.91426 1.95265
2.91585 1.91345
2.91659 1.89735
2.91603 1.90273
2.91545 1.92813
2.91353 1.98366
2.91444 1.95665
2.91628 1.90562
2.91493 1.94253
2.9152 1.93713
2.9135 1.98418
2.91472 1.95
2.91613 1.91035
2.91397 1.97116
2.91393 1.97169
2.91369 1.97806
2.91611 1.91044
2.9132 1.9875
2.91325 1.99073
2.91641 1.90219
2.9142 1.96465
2.91407 1.9689
2.91611 1.90016
2.91382 1.9763
2.91533 1.93362
2.91437 1.9594
2.91626 1.9066
2.91486 1.94616
2.91566 1.92388
2.91477 1.94748
2.91474 1.95021
2.914 1.96707
2.9145 1.93
2.91356 1.9829
2.91382 1.97081
2.91429 1.96259
2.91444 1.95128
2.91636 1.90362
2.91389 1.97194
2.91445 1.92732
2.91591 1.91701
2.91366 1.97952
2.91429 1.96054
2.91617 1.90927
2.91318 1.99398
2.91504 1.93453
2.91578 1.91966
2.91325 1.95496
2.91591 1.91582
2.9143 1.96097
2.91655 1.87308
2.91307 1.9904
2.91591 1.91659
2.91617 1.90825
2.9134 1.98618
2.91638 1.90202
2.91472 1.94791
2.91353 1.97987
2.91636 1.90337
2.91658 1.89191
2.91339 1.9867
2.91425 1.96318
2.91339 1.98685
2.9144 1.95096
2.91445 1.94038
2.91335 1.98835
2.91545 1.92567
2.9134 1.98649
2.91635 1.90423
2.9165 1.89023
2.91366 1.95933
2.91407 1.96886
2.91482 1.94698
2.91515 1.93189
2.91537 1.91532
2.91411 1.96725
2.91312 1.99631
2.91447 1.9509
