2.96398 2.15438
2.80337 2.20481
3.12744 2.08454
2.82075 2.20993
2.98088 2.14748
2.96645 2.15364
2.79935 2.20643
3.12815 2.08423
2.97715 2.14852
2.79937 2.20642
3.23323 2.03857
3.20849 2.04935
2.98981 2.14368
2.82836 2.20719
2.79641 2.19908
2.96413 2.15427
2.79792 2.1985
2.80339 2.2048
2.96479 2.15382
2.96146 2.15525
2.79658 2.19911
2.96872 2.15236
2.79691 2.19892
2.7966 2.1991
3.1275 2.08451
2.98631 2.14516
2.79958 2.20643
2.79896 2.20663
2.96779 2.15275
2.9866 2.14504
2.80327 2.20486
3.2482 2.03204
2.96447 2.15413
3.11624 2.0894
2.98683 2.14494
2.79897 2.20672
2.79747 2.2055
2.79769 2.20551
3.12951 2.08364
2.79913 2.20655
2.82189 2.2096
2.82809 2.2073
2.79642 2.19918
2.82676 2.19333
3.13366 2.08185
3.1317 2.0827
2.98198 2.14701
2.82076 2.20992
3.03614 2.12384
2.9635 2.15453
2.87462 2.18834
2.79658 2.19911
2.80349 2.20475
2.97085 2.15122
2.82003 2.21032
2.96398 2.15433
2.79842 2.20533
2.96261 2.15476
2.88175 2.18541
3.27107 2.02205
2.96329 2.15462
2.82395 2.20861
2.98498 2.1454
3.14703 2.07606
2.79932 2.20645
2.79873 2.20535
2.96343 2.15456
2.96461 2.1539
3.27034 2.02237
2.96345 2.15455
2.81895 2.211
2.79568 2.19954
2.96361 2.15448
2.96666 2.15324
2.97282 2.15038
2.98724 2.14477
2.96358 2.15455
2.80181 2.20517
2.98681 2.14495
2.80347 2.20476
3.09542 2.09839
2.824 2.20875
2.96598 2.15353
3.23141 2.03937
2.96549 2.15373
2.79746 2.2055
2.82185 2.20962
2.97528 2.14955
2.8422 2.20157
2.96416 2.15425
2.7972 2.20557
3.2715 2.02186
2.96039 2.15584
3.12802 2.08429
2.82761 2.2075
2.87601 2.18777
2.98732 2.14473
3.11514 2.08986
2.964 2.15432
2.9802 2.14777
2.79914 2.19777
2.96895 2.15226
2.79769 2.20551
2.82064 2.20997
2.98752 2.14465
2.79899 2.20529
3.22843 2.04066
2.98601 2.14529
2.80261 2.20518
3.12822 2.0842
2.9674 2.15292
2.79759 2.20552
2.96151 2.15523
2.99375 2.14199
2.96257 2.15477
2.82912 2.20688
2.79759 2.20552
2.96563 2.15367
3.12859 2.08405
3.12082 2.0874
2.8764 2.18761
3.11921 2.08811
2.81932 2.21052
2.82139 2.20978
3.03609 2.12396
2.80047 2.20601
2.96296 2.15461
2.8084 2.20294
2.79733 2.2076
2.96412 2.15427
2.79872 2.19781
2.82045 2.19646
2.98592 2.14533
2.79909 2.20526
2.96991 2.15184
2.96597 2.15353
2.79752 2.20549
2.79956 2.20644
2.82154 2.2096
3.14569 2.07664
2.99114 2.14311
2.9657 2.15364
2.82128 2.20982
2.79837 2.20527
3.20542 2.05069
2.82196 2.20958
2.79623 2.1992
2.9691 2.1522
2.98832 2.14431
3.02219 2.12982
2.79738 2.20552
2.87434 2.18846
3.14276 2.07791
2.81247 2.18974
2.79771 2.20551
2.79823 2.2053
3.25373 2.02963
2.99367 2.14203
2.87589 2.18782
2.82706 2.19318
2.9875 2.14465
2.82086 2.20988
3.03456 2.12452
2.80027 2.20612
2.87636 2.18763
2.97711 2.14854
2.99028 2.14313
2.98762 2.1446
2.81136 2.20088
2.82493 2.19424
3.11787 2.08868
3.11417 2.09028
2.97111 2.15133
2.98437 2.14599
3.12818 2.08422
2.82091 2.20986
2.95545 2.15803
2.95797 2.15675
3.12416 2.08596
2.79932 2.20645
2.82921 2.20685
3.27507 2.02031
2.80137 2.20471
2.82264 2.20915
3.02961 2.12664
2.7964 2.19919
2.96537 2.15375
2.98648 2.14509
2.79921 2.2065
2.81965 2.21038
2.96925 2.15211
2.82098 2.20983
2.8209 2.20986
2.82194 2.20959
3.14525 2.07683
2.79646 2.19919
3.03724 2.12347
2.80041 2.20494
2.96323 2.15465
2.80275 2.20512
2.96294 2.15461
2.98574 2.14541
2.82293 2.20918
3.2416 2.03492
2.87789 2.187
3.12606 2.08515
2.82839 2.20718
2.80344 2.20478
2.82126 2.20986
2.98393 2.14619
2.81892 2.21068
2.97314 2.15024
2.79933 2.20644
2.97902 2.14827
2.79654 2.19914
2.79929 2.20661
3.27638 2.01973
2.79629 2.19916
2.82163 2.20968
2.96524 2.1538
2.82901 2.2067
2.82872 2.20705
3.12221 2.08681
2.92087 2.16919
2.96017 2.15601
3.08954 2.10093
2.96155 2.15521
2.96397 2.15433
2.81286 2.1895
2.98676 2.14497
2.80316 2.20491
2.96569 2.15365
2.96721 2.153
2.79955 2.20645
3.12826 2.08418
2.82477 2.20827
2.96467 2.15404
2.87723 2.18727
2.79847 2.19796
2.98564 2.14545
2.7973 2.20554
2.79773 2.2055
2.80342 2.20454
3.11261 2.09096
2.82851 2.2069
2.82118 2.20989
2.82906 2.20691
2.7976 2.20552
2.96595 2.15353
2.98821 2.14402
2.79759 2.20552
3.13663 2.08056
2.82083 2.20989
2.98717 2.1448
2.97416 2.1498
2.98655 2.14506
2.82085 2.20988
2.79841 2.1982
3.10412 2.09464
2.80318 2.2049
3.21523 2.04641
2.82172 2.20967
2.79908 2.20526
2.7973 2.20555
2.98758 2.14462
2.96228 2.15489
2.82935 2.20656
3.12592 2.0852
3.13609 2.0808
2.95773 2.15705
2.96546 2.15374
2.9625 2.15496
2.96372 2.15444
3.12711 2.08468
2.82117 2.20987
2.81239 2.18979
3.19085 2.05703
2.79734 2.20558
2.84498 2.20044
2.81979 2.21046
2.96562 2.15367
2.79616 2.19924
2.98696 2.14489
2.95996 2.15603
2.81215 2.18993
3.12403 2.08603
3.12839 2.08413
2.80025 2.20612
2.82276 2.20925
2.79978 2.20636
3.14791 2.07568
2.82097 2.20983
2.9637 2.15445
2.79769 2.2055
2.95654 2.15756
2.79912 2.20526
2.80844 2.20293
2.82139 2.20978
2.79905 2.19761
2.96517 2.15387
2.96347 2.15459
2.82173 2.20967
2.98736 2.14471
2.8085 2.20291
2.79976 2.20635
2.79896 2.20663
3.25726 2.02809
2.87721 2.18728
2.7962 2.19922
2.79986 2.20633
3.17908 2.06214
2.80334 2.20482
2.96404 2.15431
2.82115 2.20987
2.79915 2.20515
2.97199 2.15096
2.9835 2.14604
2.81337 2.18919
2.96126 2.15533
2.82138 2.20978
2.80891 2.20281
2.79905 2.20517
2.79753 2.20548
2.98589 2.14534
2.79745 2.2055
2.80001 2.20625
2.96366 2.15447
2.83471 2.20462
2.79656 2.19912
2.79635 2.19923
3.05509 2.11579
2.80822 2.20299
2.82751 2.18039
2.80085 2.20583
2.79744 2.20551
3.12945 2.08367
2.79632 2.19924
2.79971 2.2064
2.96514 2.15388
2.79792 2.1983
3.12626 2.08505
2.7975 2.20549
2.82957 2.19194
2.79916 2.20525
2.7975 2.20549
3.1294 2.08369
2.80841 2.20294
3.12303 2.08645
2.87572 2.18789
2.97102 2.15169
3.12958 2.08361
2.96339 2.15458
2.79956 2.20644
3.14375 2.07748
2.80342 2.20479
2.9895 2.14347
3.11352 2.09056
3.07756 2.10611
2.79615 2.19925
3.11479 2.09002
2.87494 2.18821
2.96276 2.15469
2.80008 2.20622
2.98463 2.14588
2.95986 2.15614
2.80392 2.2043
2.96502 2.15393
2.82167 2.20969
2.8277 2.20746
2.96518 2.15386
2.87159 2.18959
2.97646 2.14882
2.81276 2.18956
2.79986 2.20633
2.79843 2.2069
3.12152 2.0871
2.98352 2.14636
3.02718 2.12768
2.82153 2.20961
2.96522 2.15384
3.01619 2.1324
2.96563 2.15367
3.23431 2.0381
2.96392 2.15436
2.96285 2.15465
3.11318 2.09071
2.81794 2.20037
3.12087 2.08738
2.99345 2.14212
2.96508 2.1539
2.96394 2.15435
3.26907 2.02293
2.79742 2.20551
2.79619 2.19922
2.82656 2.18099
2.79689 2.19879
2.79757 2.20553
2.98539 2.14555
3.01401 2.13333
2.79962 2.20645
3.1276 2.08447
2.79957 2.20647
2.96377 2.15426
2.79881 2.19776
2.82057 2.21014
2.7988 2.20533
2.98633 2.14515
2.97246 2.15076
2.97389 2.15015
2.96403 2.15431
2.98834 2.1443
3.14009 2.07907
3.07392 2.10768
2.79927 2.20647
2.79835 2.19824
2.79644 2.1992
3.09738 2.09755
2.98681 2.14495
2.87271 2.18913
2.82199 2.20956
2.92152 2.16892
2.82909 2.2069
2.79761 2.20552
3.11812 2.08858
2.80856 2.2029
2.79952 2.20646
3.12569 2.0853
2.96397 2.15433
2.7998 2.20636
3.12186 2.08695
2.80843 2.20293
3.12851 2.08408
2.82855 2.20711
2.79873 2.19801
3.12709 2.08469
2.96044 2.15569
2.79956 2.20648
3.15587 2.07223
2.96321 2.15465
2.79876 2.19799
2.8264 2.20798
3.12555 2.08535
2.7976 2.20552
2.82595 2.19373
2.98407 2.14612
2.79931 2.20656
2.79945 2.20653
2.96275 2.15469
2.82069 2.20995
3.12945 2.08367
3.12906 2.08384
3.11255 2.09098
2.79629 2.19916
2.82766 2.20747
3.27503 2.02032
2.8456 2.20018
2.96568 2.15365
2.99214 2.14268
2.80154 2.20571
2.80833 2.20296
2.96588 2.15357
2.8254 2.194
2.82088 2.20987
2.96454 2.15414
2.96436 2.15421
2.98395 2.14617
2.81155 2.1903
2.96282 2.15467
2.80245 2.20444
2.96283 2.15466
2.96539 2.15377
2.82875 2.20703
2.96361 2.15448
3.06797 2.11024
2.79956 2.20644
2.96263 2.15474
2.96534 2.15379
2.80636 2.20347
2.79916 2.20653
3.08935 2.10101
2.87651 2.18756
2.81242 2.18977
2.97536 2.14929
2.80322 2.20488
3.11808 2.08859
3.12921 2.08377
2.79659 2.19911
2.82112 2.20977
2.79976 2.20637
3.12882 2.08394
2.80359 2.19509
2.82907 2.2069
2.79847 2.19816
2.96399 2.15432
2.97625 2.14914
3.07254 2.10827
2.98758 2.14462
2.96035 2.15593
2.79974 2.20636
2.79952 2.2065
2.80331 2.20484
2.98382 2.14623
2.81209 2.18997
2.96198 2.15503
2.9635 2.15453
2.82871 2.20705
2.79956 2.20644
3.18868 2.05797
2.79749 2.20549
2.79946 2.20649
2.99203 2.14273
2.96352 2.15452
2.84166 2.20179
2.79635 2.19922
3.12764 2.08445
2.99308 2.14228
3.26457 2.02489
2.96076 2.15555
2.87523 2.18809
2.82367 2.20909
2.79654 2.19914
2.96549 2.15373
2.96273 2.1547
2.9656 2.15368
2.79773 2.20549
2.95737 2.1572
2.96192 2.1552
2.9873 2.14474
3.12536 2.08544
2.82911 2.20689
2.79979 2.20636
2.7964 2.19919
3.12282 2.08654
2.79919 2.20651
2.97152 2.15094
2.98546 2.14552
2.98295 2.1466
2.96529 2.15378
2.79868 2.19804
3.12755 2.08449
2.7987 2.19803
2.82659 2.19341
3.12384 2.0861
2.82098 2.20983
2.796 2.19943
2.9849 2.14576
2.87184 2.18949
2.80269 2.20514
2.96041 2.1557
3.12432 2.08589
2.97423 2.15
2.79978 2.20634
2.82681 2.1933
2.98663 2.14502
3.06602 2.11108
2.79761 2.20552
2.82314 2.18313
2.80317 2.20491
3.12482 2.08567
2.83764 2.20343
2.82849 2.20714
3.09434 2.09886
2.98716 2.1448
2.79958 2.20643
2.96381 2.1544
2.82851 2.19247
3.20869 2.04926
2.7966 2.1991
2.82198 2.20954
3.12305 2.08644
2.80322 2.20488
2.82899 2.20693
2.79953 2.20646
2.96505 2.15392
2.99035 2.14344
2.87428 2.18848
3.01292 2.1338
2.79742 2.20551
2.98573 2.14541
2.87581 2.18785
2.79954 2.20645
3.03592 2.12393
2.9633 2.15467
2.81271 2.18959
3.09758 2.09747
2.79639 2.1992
2.87587 2.18783
2.98553 2.14517
2.82133 2.2098
2.96185 2.15508
2.98732 2.1444
2.7995 2.20651
2.96246 2.15497
3.0368 2.12356
2.98962 2.14341
2.79675 2.199
2.82877 2.20702
2.80075 2.20588
2.87512 2.18813
2.79886 2.20532
3.10762 2.09312
2.9657 2.15364
3.12505 2.08558
2.96126 2.15534
2.79769 2.2055
2.96294 2.15461
3.12573 2.08528
2.79862 2.20538
2.82121 2.20988
2.79956 2.20644
2.87362 2.18875
3.24323 2.03421
2.82714 2.19314
2.86917 2.19059
2.98196 2.14702
2.79881 2.20533
2.79761 2.20552
2.84485 2.20049
2.98583 2.14536
2.87606 2.18775
2.81999 2.21033
2.96292 2.15462
2.87585 2.18784
3.12691 2.08477
3.27706 2.01944
2.91787 2.17044
2.80332 2.20483
3.10551 2.09403
2.97573 2.14913
2.79955 2.20645
2.96295 2.15461
2.97868 2.14842
2.82638 2.20799
3.11478 2.09002
2.79732 2.19867
2.79856 2.19811
2.98698 2.14488
2.96377 2.15447
2.80894 2.1919
2.79651 2.19913
2.96414 2.15426
2.79916 2.20524
2.99116 2.1431
2.99287 2.14237
2.79949 2.20647
2.96393 2.15435
3.12546 2.08541
2.79565 2.19968
2.82048 2.19644
2.79631 2.19925
2.79708 2.19881
2.98888 2.14407
2.82188 2.20961
2.81771 2.20044
2.98688 2.14493
2.96208 2.15498
2.96502 2.15393
2.96468 2.15408
3.14768 2.07577
2.79691 2.19892
2.80757 2.20316
2.96243 2.15483
2.7992 2.20514
2.79761 2.20552
2.98675 2.14497
2.96331 2.15467
3.11791 2.08866
2.79766 2.20552
3.11551 2.0897
2.79953 2.20645
2.96426 2.15426
3.25361 2.02968
2.96257 2.15477
2.79956 2.20644
2.7967 2.19922
3.12646 2.08496
2.79914 2.20654
2.79769 2.20551
3.26915 2.02289
2.87481 2.18827
2.96602 2.15351
3.0943 2.09888
2.80283 2.20508
2.82135 2.20979
3.12733 2.08459
2.98759 2.14461
2.80854 2.2029
2.82044 2.21005
2.80761 2.20315
2.96363 2.15453
2.79869 2.19803
3.1787 2.06231
2.82125 2.20983
2.9671 2.15336
2.96209 2.15498
2.98854 2.14388
2.82537 2.18174
2.79935 2.20643
2.96368 2.15446
2.96316 2.15452
2.9637 2.1545
3.12666 2.08488
2.82908 2.2069
3.18503 2.05956
2.9964 2.14086
2.8124 2.18979
2.87578 2.18787
2.96567 2.15366
3.12905 2.08384
2.79986 2.20632
2.98249 2.14647
2.79745 2.20557
3.21862 2.04494
2.96248 2.15481
2.81791 2.2111
2.96321 2.1547
2.96538 2.15378
2.81703 2.20062
3.1219 2.08694
2.79655 2.19913
2.84832 2.18262
2.95648 2.15788
2.82097 2.20983
2.80114 2.20569
2.82696 2.19324
2.9827 2.1467
2.82692 2.19325
2.96116 2.15538
3.12621 2.08507
2.80267 2.20515
2.90508 2.17576
2.80857 2.20289
2.82138 2.20978
2.98675 2.14497
3.10931 2.09239
2.82431 2.1824
2.96509 2.1539
2.79927 2.20647
2.80343 2.20478
2.82117 2.20986
2.81181 2.19014
2.98651 2.14508
3.2465 2.03278
2.87054 2.19002
2.79728 2.20559
3.1333 2.08201
2.82693 2.19325
2.96272 2.15471
3.12343 2.08627
3.22824 2.04075
2.7988 2.20671
2.79915 2.20653
2.96524 2.1538
2.79691 2.20571
3.12819 2.08422
2.96509 2.1539
2.97429 2.14998
3.12345 2.08627
2.79865 2.19805
3.11952 2.08797
2.9628 2.15467
2.87537 2.18804
2.82138 2.20978
3.11525 2.08982
2.82051 2.21003
2.98732 2.14473
3.24313 2.03425
2.79644 2.1992
2.96527 2.15379
2.82362 2.20874
2.98746 2.14467
2.96235 2.15487
2.87171 2.18955
2.79936 2.20654
3.26559 2.02445
2.96148 2.15524
2.82095 2.20984
2.82894 2.20695
2.96596 2.15353
2.81715 2.20059
3.12654 2.08493
3.12722 2.08464
2.79955 2.20645
2.96409 2.15428
2.79872 2.19801
2.96376 2.15442
2.82074 2.20993
3.14409 2.07733
2.96417 2.15425
2.83039 2.20637
2.8354 2.18905
2.81275 2.18956
2.82824 2.20723
2.9882 2.14402
3.03416 2.12469
3.12512 2.08555
2.79974 2.20639
2.79873 2.19801
2.96459 2.15412
2.81185 2.19013
2.98491 2.14576
2.96381 2.1544
2.98623 2.14519
3.26255 2.02578
2.79742 2.20551
3.26163 2.02618
3.2566 2.02837
2.80128 2.20545
2.82944 2.20675
2.8212 2.20985
2.80317 2.19535
2.98612 2.14524
2.82678 2.19332
2.82102 2.20992
2.96371 2.15449
2.86887 2.19071
2.8253 2.20843
2.79656 2.19913
2.8757 2.1879
3.14591 2.07654
2.79769 2.20551
2.80327 2.20485
2.79984 2.20633
2.98646 2.14511
2.7975 2.20549
3.25551 2.02885
2.81688 2.21165
2.96269 2.15472
2.82909 2.20689
2.79819 2.20531
2.99148 2.14296
2.986 2.14529
2.98271 2.1467
2.82476 2.20844
2.79627 2.19917
2.96376 2.15442
2.87618 2.1877
2.79908 2.20527
2.79835 2.20544
2.98699 2.14487
3.03495 2.12435
2.7966 2.1991
2.7986 2.19808
2.79956 2.20633
2.98998 2.1436
2.82072 2.20994
2.98642 2.14512
2.79826 2.20537
2.79977 2.20635
2.9735 2.15032
2.79762 2.20553
2.79954 2.20645
2.79867 2.19784
2.79759 2.20552
3.26261 2.02575
2.7997 2.20641
2.82671 2.19335
3.27442 2.02059
3.11312 2.09074
2.8086 2.20289
2.87477 2.18828
2.79749 2.20549
2.82157 2.20959
2.9618 2.15531
3.02549 2.12841
3.14725 2.07596
2.82919 2.20685
2.9703 2.152
2.97915 2.14822
2.79874 2.198
2.96184 2.15529
2.7977 2.20551
2.79763 2.20551
2.79977 2.20637
2.837 2.18825
2.95894 2.15633
2.96588 2.15356
2.80782 2.20309
3.12566 2.08531
2.87613 2.18772
2.7964 2.19919
2.82083 2.21
3.06759 2.11041
2.79746 2.2055
2.96323 2.15465
2.8209 2.20986
3.12431 2.08589
2.79767 2.20552
2.87577 2.18788
2.80834 2.20296
2.82186 2.18393
2.8004 2.19701
2.79765 2.20545
3.12692 2.08476
2.8299 2.20634
2.82196 2.20958
2.99286 2.14237
2.91108 2.17326
2.82874 2.20703
2.82852 2.20712
2.96536 2.15379
2.79647 2.19905
2.79873 2.1978
3.11917 2.08813
2.81251 2.18972
2.989 2.14402
3.02902 2.12689
2.79718 2.19875
2.96172 2.15514
2.87522 2.18809
2.81219 2.18991
3.02059 2.13051
2.98375 2.14625
2.96391 2.15436
2.96233 2.15487
2.80338 2.2048
2.87448 2.1884
2.79759 2.20552
3.14567 2.07665
2.79931 2.20645
3.10751 2.09317
2.79921 2.19772
2.7964 2.19919
2.7958 2.19947
2.83125 2.20602
2.79766 2.1983
2.79641 2.19919
2.82976 2.19184
3.07974 2.10517
2.96156 2.1552
2.96361 2.15448
2.81935 2.21059
2.97306 2.15051
3.1066 2.09355
3.12855 2.08406
2.79657 2.19912
2.98524 2.14562
2.79753 2.20549
3.12634 2.08502
2.79934 2.20643
3.02255 2.12967
2.95726 2.15706
2.79764 2.20546
2.9865 2.14508
2.79828 2.19827
2.79914 2.20654
3.12766 2.08445
2.96236 2.15507
2.79944 2.20654
2.98712 2.14482
2.79934 2.20655
2.80823 2.20298
2.79983 2.20634
2.96498 2.15391
2.82171 2.20967
3.1215 2.08711
2.82289 2.2092
2.84552 2.20021
2.82265 2.2093
2.7992 2.19773
2.82126 2.20983
3.11723 2.08897
2.96374 2.15443
2.96512 2.1539
2.98495 2.14574
2.96259 2.15476
2.79751 2.20549
3.1271 2.08469
2.81282 2.18953
2.96348 2.15454
2.80349 2.20475
3.13164 2.08273
2.96288 2.15464
2.95925 2.1562
3.11977 2.08786
2.82858 2.2071
2.82187 2.20961
2.8002 2.206
2.81744 2.20051
2.95974 2.15599
2.79965 2.20628
3.11512 2.08988
2.79983 2.20634
2.96476 2.15404
2.79659 2.19911
2.82708 2.19317
2.96261 2.15476
2.82179 2.1958
2.81788 2.19773
3.1256 2.08534
2.80804 2.20303
2.82892 2.20696
2.7987 2.19802
2.7982 2.20539
2.79971 2.20637
3.12862 2.08403
2.79626 2.19918
2.9625 2.1548
2.98759 2.14461
3.1236 2.0862
2.98407 2.14612
3.12633 2.08502
2.79959 2.20643
2.96602 2.15351
2.79793 2.20545
2.80109 2.20572
2.79943 2.20651
2.99236 2.14259
3.11845 2.08844
2.83873 2.20298
2.82134 2.20979
2.8224 2.2094
3.1273 2.08461
2.79744 2.20556
2.98667 2.14501
2.95943 2.15612
2.98088 2.14716
2.79841 2.19819
2.82897 2.20694
2.96251 2.15495
2.79653 2.19912
3.12843 2.08412
2.82135 2.20979
2.79987 2.20632
2.96182 2.1553
2.79617 2.19936
2.97177 2.15105
2.96291 2.15463
2.79866 2.19805
2.8219 2.2096
2.81256 2.18968
2.96142 2.15527
2.96272 2.15471
2.81195 2.19006
2.96009 2.15597
3.11457 2.09011
2.96908 2.15251
2.79639 2.1992
2.96441 2.1542
2.79915 2.19776
2.97177 2.15105
2.81255 2.1897
2.97692 2.14862
2.96275 2.1547
2.8294 2.20654
2.82684 2.19329
3.1247 2.08573
2.96472 2.15385
2.87428 2.18848
2.81136 2.19042
2.98165 2.14715
2.79761 2.20553
2.82146 2.20964
2.96214 2.15496
2.96595 2.15353
2.87468 2.18832
2.96238 2.15506
2.82677 2.20761
2.79898 2.20662
3.02158 2.13008
2.79759 2.20552
2.81377 2.18894
2.96266 2.15473
2.80328 2.20485
3.11163 2.09138
2.98689 2.14492
2.96467 2.15408
2.96581 2.1536
3.12332 2.08632
2.96413 2.15411
3.13269 2.08227
2.80844 2.20293
2.97566 2.14916
2.79906 2.1976
2.99353 2.14209
2.87351 2.1888
2.79657 2.19912
2.96899 2.15224
2.9897 2.14338
3.03657 2.12365
3.12054 2.08752
2.79691 2.19877
3.13829 2.07985
2.80158 2.20529
2.80361 2.20469
2.8266 2.19341
2.95046 2.16016
3.1261 2.08512
2.96337 2.15444
2.79875 2.198
2.80775 2.20311
2.79951 2.2065
2.79835 2.20535
2.96277 2.15469
2.79953 2.2065
2.9655 2.15373
3.12442 2.08585
3.13772 2.08009
2.79739 2.20557
2.82085 2.20988
2.79645 2.19919
2.96073 2.15556
2.79635 2.19922
2.96406 2.1543
2.7977 2.20551
2.98662 2.14503
2.7976 2.20552
3.14013 2.07905
2.80768 2.20313
2.88103 2.1857
2.96428 2.15404
2.96509 2.15386
2.96255 2.15479
2.96585 2.15358
2.7992 2.20651
2.98215 2.14694
2.79961 2.20646
2.79755 2.20553
2.96222 2.15492
2.82555 2.18162
3.14606 2.07648
2.82564 2.20791
2.98217 2.14693
2.79856 2.19811
3.1366 2.08058
2.96284 2.15481
2.79953 2.20645
2.9641 2.15433
2.97423 2.15032
2.97385 2.15017
2.96267 2.15473
2.79761 2.20553
2.82689 2.19326
3.12918 2.08378
2.80366 2.19505
2.84692 2.18332
2.98473 2.14583
2.9658 2.1536
3.12941 2.08369
2.80347 2.20476
2.96383 2.1544
2.82185 2.20962
2.96286 2.15465
3.14109 2.07863
2.96407 2.15429
2.98518 2.14565
2.96791 2.15249
2.98414 2.14609
2.80232 2.20447
3.14073 2.07879
2.82681 2.1933
2.96236 2.15486
2.82617 2.19362
2.98718 2.14479
2.97259 2.1507
2.82153 2.20975
2.79629 2.19916
2.96898 2.15224
2.79643 2.19921
2.98286 2.14664
2.96179 2.15511
2.96192 2.15505
2.7981 2.20534
2.81848 2.19743
2.9568 2.15725
2.98635 2.14514
2.80136 2.2054
2.82454 2.20853
2.98418 2.14607
2.79954 2.20645
3.11909 2.08815
3.14131 2.07854
2.96037 2.15571
2.82131 2.20981
3.14309 2.07777
2.96381 2.1544
2.7995 2.20647
2.82128 2.20982
2.82806 2.20732
2.79648 2.19904
2.98283 2.14665
2.96453 2.15394
2.96401 2.15416
2.79755 2.20553
3.11948 2.08799
3.14307 2.07777
2.8285 2.20713
2.84053 2.20225
2.87186 2.18948
2.80125 2.20546
2.82199 2.20956
3.12954 2.08363
2.82024 2.21013
2.96578 2.15361
2.96352 2.15452
2.9685 2.15223
2.79951 2.20646
2.82222 2.20947
3.10726 2.09327
3.14527 2.07682
2.82107 2.20994
3.14723 2.07597
2.96326 2.15463
2.87601 2.18777
2.81093 2.19068
2.79654 2.19911
2.97744 2.14839
3.10271 2.09524
2.84531 2.2003
3.12875 2.08397
2.96184 2.15523
2.82623 2.1936
2.96473 2.15385
2.79823 2.19831
2.79626 2.19918
3.12481 2.08568
2.79659 2.19911
3.00414 2.13755
2.82584 2.20783
2.98381 2.14623
2.80629 2.20349
2.82701 2.1932
2.9654 2.15373
2.8757 2.1879
2.9647 2.15386
3.12656 2.08492
2.79643 2.19921
2.80347 2.20476
2.79638 2.19921
3.12239 2.08673
2.98728 2.14475
2.82132 2.2098
3.10425 2.09458
2.82681 2.1933
2.8217 2.20968
2.82566 2.20829
2.96563 2.15367
3.00806 2.13587
2.96496 2.15392
2.97429 2.15029
2.83018 2.20645
2.87568 2.1879
2.79898 2.20529
2.9679 2.15271
2.79769 2.2055
2.79938 2.20642
3.12917 2.08379
3.11886 2.08825
2.82509 2.19416
3.12465 2.08574
2.96342 2.15457
3.12085 2.08739
2.79752 2.20549
2.82182 2.19578
2.87252 2.18921
2.99214 2.14268
2.82881 2.20701
2.79674 2.19902
3.12803 2.08429
2.80837 2.20295
2.8819 2.18535
2.96171 2.15534
2.96581 2.1536
2.97771 2.14828
2.79685 2.19881
3.03414 2.1247
2.79978 2.20637
3.09252 2.09965
2.80829 2.20297
2.79942 2.20651
2.96055 2.15564
2.96251 2.1548
2.82711 2.18064
2.82648 2.19346
3.12743 2.08455
2.81244 2.18976
2.81317 2.18931
2.9655 2.15373
3.10434 2.09454
2.96262 2.15475
2.82031 2.21011
2.98627 2.14518
2.82512 2.20812
2.82191 2.20959
2.96191 2.15505
2.96221 2.15513
2.79957 2.20644
2.81248 2.18973
3.02498 2.12863
2.96419 2.15424
3.11757 2.08881
2.7993 2.19767
2.96572 2.15363
2.96153 2.15536
2.82123 2.20984
2.83213 2.20566
2.79648 2.19918
3.11595 2.08951
3.12387 2.08609
2.86791 2.1911
3.02052 2.13054
3.12141 2.08715
2.79651 2.19913
2.8209 2.20986
2.82435 2.2086
2.80394 2.20429
2.96548 2.15374
2.82107 2.2099
2.81273 2.18959
2.79973 2.20639
2.99301 2.14231
2.80216 2.19595
3.0348 2.12441
2.96453 2.15394
2.80038 2.20607
2.98572 2.14541
2.82722 2.20765
3.12137 2.08717
2.82651 2.19345
2.96495 2.15396
2.81126 2.19048
3.01732 2.13191
3.12562 2.08533
2.79917 2.20524
2.82709 2.19316
3.12386 2.08609
2.96387 2.15438
2.79627 2.19917
2.97042 2.15163
2.831 2.20612
2.80162 2.19628
2.79753 2.20548
2.82179 2.20965
3.12751 2.08451
2.79647 2.19905
2.82092 2.20985
2.96388 2.15437
2.79926 2.20663
2.96588 2.15356
2.87627 2.18766
2.82086 2.20988
2.79957 2.20644
2.96573 2.15363
2.82824 2.1926
3.12694 2.08476
2.79835 2.20694
2.8045 2.20426
2.96401 2.15416
2.79761 2.20552
2.98929 2.14356
2.79777 2.19823
2.80899 2.20205
2.82179 2.20964
2.98679 2.14496
2.96333 2.15445
2.79845 2.20703
2.79759 2.20552
2.96346 2.15455
2.7993 2.20645
3.12907 2.08383
2.96413 2.15431
3.02898 2.12691
3.00401 2.13761
3.12918 2.08379
2.79918 2.20652
3.12862 2.08403
2.97431 2.14974
2.9641 2.15428
2.7993 2.20645
3.10361 2.09485
2.79884 2.20532
2.82135 2.20979
2.97961 2.14802
2.96231 2.15489
2.96534 2.15379
2.98428 2.14603
2.79821 2.20538
2.98695 2.14489
2.96256 2.15478
2.82806 2.20731
2.79625 2.19928
2.96407 2.15413
2.96286 2.15465
2.82883 2.207
2.87639 2.18761
2.96571 2.15364
2.96281 2.15519
2.96313 2.15469
2.82072 2.20994
2.96071 2.15578
2.82139 2.20978
3.12704 2.08471
2.79952 2.20646
2.9616 2.15519
2.81247 2.18974
2.79647 2.19918
3.11559 2.08967
2.79928 2.20662
2.83096 2.20614
2.96404 2.15435
2.98549 2.14551
2.79862 2.20528
2.82524 2.19408
2.82415 2.20868
3.10373 2.0948
2.79615 2.19925
2.82105 2.2098
2.96866 2.15238
2.79652 2.19913
2.80329 2.20485
2.96384 2.15439
2.79774 2.2055
2.81262 2.18965
2.96292 2.15462
2.96181 2.1551
2.82476 2.19432
2.79961 2.2063
2.82885 2.20699
2.80836 2.20295
2.98508 2.14569
2.97998 2.14786
2.98559 2.14547
2.87639 2.18761
2.98301 2.14624
3.12369 2.08616
2.82935 2.19205
3.12771 2.08442
2.79655 2.19913
2.80331 2.20484
2.82539 2.20801
2.79658 2.19911
2.96361 2.15433
2.96796 2.15268
2.98417 2.14608
2.82213 2.20951
2.97118 2.1513
3.1185 2.08841
2.96131 2.15531
2.82079 2.21005
2.98032 2.1474
2.96067 2.15579
2.96478 2.154
2.81158 2.20077
2.96528 2.15378
2.79729 2.20561
3.11887 2.08825
2.97465 2.14959
2.98725 2.14477
2.82131 2.20981
2.96417 2.15425
2.80943 2.19161
3.12284 2.08653
2.79792 2.20546
2.96295 2.15461
3.12314 2.0864
2.7976 2.20547
3.03165 2.12576
3.12537 2.08543
3.12616 2.08509
2.96419 2.15424
2.79773 2.2055
2.9641 2.15428
2.79748 2.2055
2.79935 2.20643
2.9659 2.15356
2.79757 2.20554
2.79952 2.20646
2.96391 2.15436
2.81148 2.19035
2.96365 2.15447
2.96564 2.15367
3.12626 2.08505
2.9872 2.14478
2.79783 2.20547
3.12715 2.08466
2.91047 2.17352
2.79962 2.20644
2.98252 2.14646
3.03263 2.12534
2.82994 2.20655
2.96192 2.15506
2.79912 2.20526
2.96656 2.15328
3.12673 2.08485
2.79863 2.19807
2.96203 2.15521
3.12914 2.08381
2.79751 2.20554
2.80344 2.20477
3.1136 2.09053
2.96251 2.15495
2.98374 2.14626
2.82116 2.2099
2.95934 2.15636
2.98507 2.14569
2.79621 2.19921
2.80448 2.20427
2.96829 2.15254
2.82065 2.20997
2.95577 2.15789
2.96269 2.15472
2.87564 2.18792
2.96554 2.15371
2.80551 2.19399
2.965 2.15394
2.96185 2.15509
3.12502 2.08559
2.96413 2.15427
3.12546 2.0854
2.81158 2.20077
2.96638 2.15336
2.79802 2.20552
2.79757 2.20552
2.97764 2.14831
2.80841 2.20294
2.96267 2.15473
2.82744 2.20756
2.79743 2.19879
2.79895 2.19767
3.12501 2.08559
3.12732 2.08459
2.87621 2.18769
2.96396 2.15434
2.96411 2.15412
2.82791 2.20737
2.97697 2.14915
2.79803 2.20543
2.96259 2.15491
2.8289 2.20674
2.98319 2.1465
2.98731 2.14474
2.96247 2.15496
2.82158 2.2097
2.82658 2.19341
2.86579 2.19198
2.98712 2.14482
2.79965 2.20628
2.98747 2.14467
2.98746 2.14467
2.96433 2.15418
2.82366 2.20888
2.80832 2.20296
2.82432 2.19453
2.82136 2.20982
2.96254 2.15478
2.79752 2.20549
2.82343 2.19498
2.79641 2.19922
2.97625 2.14945
2.9863 2.14517
2.82332 2.19503
2.96528 2.15382
2.82144 2.20976
2.79849 2.19815
2.82012 2.21018
2.96271 2.15471
2.80047 2.20601
2.96536 2.1538
2.98231 2.14687
2.98634 2.14515
2.79771 2.20551
2.97403 2.1501
3.03612 2.12385
2.95686 2.15772
2.82181 2.20964
2.96587 2.15357
3.00612 2.1367
2.96398 2.15433
2.82663 2.19339
2.96584 2.15358
2.7995 2.20647
2.82824 2.20724
2.80313 2.20493
2.96873 2.15236
2.82389 2.20879
2.82757 2.20751
2.79745 2.20551
2.79976 2.20637
2.96863 2.15271
2.79803 2.19843
2.96286 2.15465
2.79654 2.19912
2.96317 2.15467
2.79659 2.19911
2.80111 2.20553
2.98738 2.1447
2.8219 2.2096
2.82177 2.20966
2.98627 2.14519
2.79935 2.20643
2.97919 2.1482
2.96209 2.15498
2.79658 2.19911
2.80258 2.2052
3.02552 2.12839
2.80021 2.20599
2.98579 2.14539
2.97537 2.14928
2.79956 2.20644
2.96215 2.15495
2.8283 2.20721
2.82542 2.20817
2.97589 2.14961
2.79842 2.20525
2.82154 2.20972
2.99029 2.14313
2.8211 2.20993
2.96402 2.15431
2.98764 2.1446
2.79911 2.20655
2.80074 2.20588
2.82463 2.20849
3.00734 2.13618
2.79753 2.20549
2.80151 2.20533
2.97098 2.15138
2.79629 2.19916
2.8077 2.20312
2.82442 2.20858
2.79655 2.19913
2.96409 2.15433
2.98495 2.14574
2.79751 2.20554
2.7976 2.20552
2.98297 2.14658
2.98718 2.14479
2.96578 2.15361
2.96251 2.1548
2.80206 2.19601
2.82122 2.20988
2.82098 2.20983
2.96604 2.1535
2.97588 2.14962
2.96672 2.15321
2.98695 2.14489
2.98282 2.14666
3.01394 2.13336
2.82103 2.20992
2.96457 2.15392
2.82709 2.19317
2.96282 2.15466
2.82114 2.20988
2.82896 2.20694
3.02661 2.12793
2.8219 2.2096
2.97306 2.1505
2.96787 2.1525
2.96263 2.15475
2.82878 2.20702
2.82841 2.20717
2.79704 2.19884
2.79757 2.19836
2.9875 2.14465
2.96572 2.15363
2.96414 2.15426
2.79761 2.20552
2.96317 2.15452
2.99247 2.14254
2.82794 2.20736
2.87607 2.18774
2.79831 2.20528
2.96409 2.15428
3.03196 2.12563
2.82894 2.20695
2.82616 2.19363
2.831 2.20612
2.79883 2.19795
2.9624 2.15485
2.79595 2.19937
2.82616 2.18124
2.80425 2.20438
3.02998 2.12648
2.82098 2.20983
2.79626 2.19917
2.82172 2.20965
2.96385 2.15438
2.96418 2.15424
2.98624 2.14519
3.03297 2.1252
2.80838 2.20294
2.87565 2.18792
2.96291 2.15463
2.97326 2.15042
3.0302 2.12639
2.81292 2.18947
2.79953 2.20646
3.03198 2.12562
2.82131 2.20981
2.97626 2.1489
2.79507 2.20004
2.96326 2.15463
2.96556 2.1537
2.79932 2.20644
2.82809 2.2073
2.96514 2.15384
2.7976 2.20552
2.96494 2.15393
2.82137 2.20978
2.82104 2.20991
2.81263 2.18964
2.7976 2.20552
2.96697 2.15341
2.80301 2.20498
2.98685 2.14493
2.82009 2.2102
2.96336 2.15464
2.79971 2.20637
2.96434 2.15418
2.80213 2.20452
2.80346 2.19517
2.85586 2.19605
2.96237 2.15486
2.98588 2.14534
2.7985 2.20523
2.98613 2.14525
2.9623 2.15489
2.96582 2.15359
2.79749 2.20549
2.96597 2.15353
2.79752 2.20549
2.82092 2.20985
2.82765 2.20748
2.79626 2.19918
2.99051 2.14303
2.79765 2.20551
2.79864 2.19806
2.79928 2.20647
2.993 2.14231
2.98028 2.14774
2.87461 2.18834
2.7965 2.19916
2.79593 2.19939
2.98656 2.14506
2.80128 2.20545
2.96257 2.15477
2.8787 2.18667
2.79915 2.20525
2.96441 2.15399
2.79789 2.20546
2.79786 2.2054
2.79761 2.20552
2.82087 2.20988
2.82201 2.20956
2.98751 2.14465
2.87515 2.18813
2.9632 2.15471
2.8291 2.20689
2.79624 2.19919
2.96395 2.15434
2.82291 2.20919
2.9769 2.14918
2.79682 2.19897
2.98999 2.1436
2.92305 2.16828
2.82062 2.21008
2.79953 2.20516
2.96393 2.15435
2.86804 2.19106
2.79633 2.19914
2.79728 2.20555
2.82683 2.19329
2.98539 2.14555
2.81965 2.21038
2.80034 2.20609
2.98615 2.14524
2.8032 2.20489
2.96416 2.15425
2.87653 2.18756
2.79957 2.20644
2.96244 2.15483
2.79866 2.19805
2.82676 2.20784
2.8214 2.20977
2.9664 2.15335
2.79981 2.20635
2.79903 2.20528
2.96364 2.15453
2.83736 2.18807
2.96405 2.1543
2.79984 2.20634
2.82469 2.19436
2.96598 2.15352
2.82071 2.20994
2.82108 2.2099
2.98868 2.14416
2.99054 2.14336
2.82082 2.21
2.82109 2.2099
2.82193 2.20959
2.9684 2.15249
2.96539 2.15377
2.79941 2.20651
2.97868 2.1481
2.96543 2.15376
2.99313 2.14226
2.98681 2.14495
2.82416 2.19462
2.79889 2.20521
2.96497 2.15395
2.87577 2.18787
2.95676 2.15727
2.99135 2.14302
2.87087 2.18988
2.84432 2.2007
2.97319 2.15045
2.79958 2.20643
2.96247 2.15482
2.82005 2.21036
2.79646 2.19919
2.79629 2.19916
2.98692 2.1449
2.99155 2.14293
2.98427 2.14603
2.8226 2.20932
2.79744 2.20557
2.98555 2.14548
2.97332 2.15016
2.96382 2.15445
2.80005 2.20644
2.98762 2.14461
2.96567 2.15366
2.99352 2.14209
2.82128 2.20971
2.96529 2.15382
2.82194 2.20958
2.79929 2.20511
2.79626 2.19918
2.9825 2.14679
2.79752 2.20549
2.95372 2.15857
2.98032 2.14772
2.82521 2.1941
2.82901 2.19222
2.9642 2.15428
2.98228 2.14688
2.96136 2.15529
2.96358 2.15455
2.82085 2.20988
2.82905 2.20691
2.82085 2.20988
2.97528 2.14987
2.82654 2.20793
2.80292 2.20503
2.79604 2.1994
2.96565 2.15366
2.82097 2.20983
2.96291 2.15463
2.82068 2.21006
2.79936 2.20642
2.79648 2.19917
2.7966 2.1991
2.97923 2.14819
2.98263 2.14673
2.7973 2.20761
2.96463 2.15406
2.82136 2.20979
2.96528 2.15382
2.79744 2.20551
2.96295 2.15461
2.82606 2.19367
2.96256 2.15478
2.96523 2.15384
2.8219 2.2096
2.81366 2.18901
2.92501 2.16746
2.96163 2.15518
2.96379 2.15441
2.98363 2.14631
2.80691 2.20333
2.82891 2.19227
2.79755 2.20553
2.99018 2.14317
2.81263 2.18964
2.80301 2.20498
2.96093 2.15548
2.7979 2.20546
2.80305 2.20496
2.87317 2.18894
2.7964 2.19919
2.98309 2.14653
2.97432 2.14973
2.79911 2.20526
2.88102 2.18571
2.9721 2.15091
2.96271 2.15471
2.96354 2.15452
2.98632 2.14516
2.87614 2.18772
2.98473 2.14584
2.79933 2.20644
2.82751 2.20731
2.97898 2.14829
2.98559 2.14547
2.98653 2.14507
2.96406 2.1543
2.79755 2.20553
2.80972 2.20169
2.96243 2.15483
2.82178 2.20965
2.79934 2.20643
2.96591 2.15355
2.96393 2.15435
2.80335 2.20482
2.98749 2.14466
2.82119 2.20989
2.98701 2.14486
2.79774 2.19825
2.97358 2.15029
2.96156 2.15541
2.98568 2.14543
2.96266 2.15494
2.98605 2.14527
2.79753 2.20549
2.82673 2.20785
2.79952 2.20646
2.81263 2.18964
2.92186 2.16878
2.81887 2.21071
2.98653 2.14507
2.82091 2.20986
2.86921 2.19057
2.79769 2.20551
2.98693 2.1449
2.79929 2.20646
2.96206 2.15499
2.82293 2.19523
2.79627 2.19917
2.79983 2.20634
2.80145 2.20536
2.82137 2.20982
2.96474 2.15401
2.97616 2.14894
2.7976 2.20552
2.96458 2.15412
2.82152 2.20961
2.95363 2.15881
2.96378 2.15441
2.98669 2.145
2.79764 2.20546
2.80347 2.20476
2.87625 2.18767
2.96747 2.15286
2.80718 2.20326
2.98472 2.14584
2.96232 2.15508
2.987 2.14487
2.96377 2.15442
2.82911 2.20666
2.96466 2.15404
2.96172 2.15528
2.80108 2.20555
2.98605 2.14527
2.81231 2.18983
2.79936 2.20643
2.8016 2.20528
2.97284 2.15037
2.799 2.19785
2.79896 2.20663
2.98545 2.14553
2.95804 2.15683
2.98612 2.14525
2.79651 2.19915
2.98689 2.14492
2.97555 2.1492
2.82164 2.2097
2.96205 2.15515
2.79981 2.20635
2.98332 2.14611
2.82877 2.20702
2.96525 2.15384
2.82282 2.18333
2.82086 2.20988
2.95796 2.15686
2.9651 2.15386
2.96598 2.15352
2.96324 2.15464
2.81788 2.21125
2.80815 2.20301
2.9647 2.15407
2.96749 2.15288
2.95065 2.16007
2.79823 2.1983
2.82422 2.20866
2.96219 2.15494
2.89303 2.18075
2.79625 2.19928
2.96879 2.15233
2.7995 2.20636
2.97923 2.14787
2.96256 2.15478
2.82132 2.2098
2.87581 2.18785
2.79711 2.19879
2.96492 2.15397
2.79959 2.20643
2.96545 2.15375
2.82087 2.20988
2.96601 2.15351
2.9656 2.15368
2.79644 2.1992
2.82472 2.20829
2.79894 2.2053
2.79952 2.20646
2.96582 2.15359
2.85061 2.18148
2.82224 2.20946
2.9566 2.15734
2.9638 2.1544
2.96321 2.15466
2.87397 2.18861
2.82675 2.19333
2.99062 2.14299
2.79772 2.2055
2.82059 2.20999
2.82096 2.20984
2.98671 2.14466
2.79972 2.20639
2.9893 2.14355
2.82883 2.20699
2.80971 2.2026
2.96366 2.15446
2.79762 2.20552
2.96419 2.15429
2.82833 2.20698
2.96481 2.15402
2.82432 2.18239
2.96413 2.15432
2.79827 2.20537
2.82639 2.19351
2.97247 2.15075
2.79741 2.20552
2.96383 2.15439
2.87379 2.18868
2.79937 2.20642
2.97589 2.14929
2.96601 2.15351
2.8218 2.20964
2.96173 2.15534
2.95677 2.15746
2.87888 2.18659
2.82665 2.19338
2.96016 2.15601
2.9657 2.15364
2.79922 2.2065
2.80412 2.20445
2.98673 2.14465
2.97919 2.14788
2.79609 2.19928
2.82194 2.20958
2.98581 2.14505
2.98471 2.14552
2.8233 2.20902
2.79824 2.20538
2.97626 2.1489
2.8206 2.20999
2.96436 2.15421
2.79771 2.20551
2.80014 2.20617
2.98497 2.14541
2.96431 2.15424
2.96291 2.15463
2.84085 2.20212
2.83798 2.20329
2.79761 2.20547
2.82871 2.20705
2.96846 2.15247
2.8137 2.20153
2.98805 2.14409
2.81153 2.19032
2.79953 2.20646
2.96365 2.15452
2.81461 2.18843
2.82237 2.20962
2.7976 2.20552
2.82022 2.21014
2.98721 2.14445
2.7979 2.1985
2.98703 2.14452
2.87518 2.18811
2.79985 2.20633
2.98871 2.1438
2.95937 2.15635
2.96238 2.15485
2.79934 2.20643
2.95571 2.15791
2.79638 2.1992
2.79945 2.20638
2.88136 2.18557
2.9654 2.15377
2.80857 2.2029
2.96516 2.15387
2.96262 2.15475
2.96947 2.15202
2.79679 2.19899
2.96431 2.15424
2.8461 2.18373
2.96538 2.15378
2.80692 2.20333
2.82088 2.20987
2.97691 2.14862
2.96865 2.15239
2.82798 2.20735
2.88202 2.1853
2.82338 2.20899
2.8765 2.18757
2.8217 2.20968
2.82157 2.20959
2.82108 2.2099
2.7966 2.1991
2.79641 2.19919
2.96229 2.15489
2.9627 2.15471
2.96365 2.15447
2.96722 2.153
2.8123 2.18984
2.82732 2.20761
2.82081 2.2099
2.9653 2.15382
2.80326 2.20486
2.8033 2.20485
2.82647 2.19348
2.96876 2.15234
2.79634 2.19923
2.96566 2.15366
2.96586 2.15357
2.96906 2.15221
2.87152 2.18962
2.95551 2.15781
2.96547 2.15374
2.7999 2.20631
2.96305 2.15477
2.82136 2.20979
2.96713 2.15304
2.9678 2.15275
2.83012 2.20648
2.79745 2.20557
2.96824 2.15256
2.82086 2.20988
2.96828 2.15252
2.968 2.15267
2.79958 2.20643
2.838 2.20328
2.96829 2.15254
2.83082 2.20619
2.96295 2.15461
2.96348 2.15454
2.96554 2.15371
2.7992 2.2065
2.96484 2.15401
2.87606 2.18775
2.7985 2.19794
2.79628 2.19916
2.96459 2.15391
2.82919 2.20685
2.95954 2.15607
2.97366 2.15025
2.96354 2.15456
2.80305 2.20497
2.83639 2.18855
2.82288 2.2092
2.82178 2.20965
2.79819 2.20717
2.96603 2.1535
2.82133 2.2098
2.9656 2.15369
2.7993 2.19767
2.96006 2.15598
2.82219 2.20949
2.87384 2.18866
2.96887 2.15208
2.96542 2.15373
2.87326 2.1889
2.80126 2.20563
2.96429 2.15424
2.96337 2.15459
2.80349 2.20475
2.96288 2.15464
2.95976 2.15598
2.80381 2.20435
2.96552 2.15372
2.95361 2.15862
2.87477 2.18828
2.82045 2.21005
2.96459 2.15411
2.96403 2.15431
2.79988 2.20629
2.96265 2.15474
2.79623 2.19932
2.79744 2.20551
2.96426 2.15426
2.96476 2.15404
2.79971 2.20637
2.96492 2.15397
2.82792 2.20737
2.79936 2.2052
2.82137 2.20979
2.82058 2.21014
2.96525 2.15383
2.96537 2.15378
2.79616 2.19937
2.96206 2.15514
2.7971 2.20566
2.82061 2.21013
2.9628 2.15467
2.96557 2.1537
2.81146 2.19036
2.9647 2.15407
2.97013 2.15174
2.82199 2.20956
2.96379 2.15441
2.96506 2.15392
2.96338 2.15463
2.81267 2.18961
2.79832 2.20528
2.79759 2.20552
2.96495 2.15396
2.82156 2.20974
2.82164 2.20971
2.81224 2.18988
2.96603 2.1535
2.95739 2.157
2.79872 2.20676
2.96292 2.15462
2.79735 2.20553
2.80324 2.20487
2.96135 2.15529
2.87588 2.18782
2.96265 2.15474
2.79847 2.20542
2.84183 2.20172
2.79758 2.20552
2.96411 2.15428
2.7965 2.19916
2.80328 2.20486
2.97751 2.14836
2.82861 2.20709
2.87494 2.18821
2.79862 2.19807
2.79954 2.20645
2.97703 2.14857
2.96909 2.15198
2.92502 2.16746
2.81192 2.19008
2.79756 2.20548
2.79927 2.20522
2.79793 2.20545
2.96284 2.15466
2.85919 2.19469
2.82628 2.19357
2.82196 2.20958
2.96387 2.15438
2.97054 2.15136
2.95943 2.15612
2.82128 2.20982
2.96276 2.15469
2.86811 2.19102
2.79986 2.20633
2.96438 2.154
2.83017 2.20622
2.97343 2.15012
2.96559 2.15348
2.79891 2.20531
2.9775 2.14837
2.9635 2.15453
2.96215 2.15495
2.79969 2.20641
2.82135 2.20979
2.8292 2.20685
2.80846 2.20292
2.96368 2.15445
2.82878 2.20701
2.80386 2.20457
2.96274 2.1547
2.96181 2.1551
2.81985 2.2103
2.9631 2.1547
2.97087 2.15122
2.96273 2.1547
2.8037 2.20465
2.82474 2.20865
2.81692 2.20066
2.97186 2.15079
2.96273 2.15471
2.81176 2.20076
2.97482 2.14952
2.96397 2.15433
2.79979 2.20633
2.80175 2.2052
2.95776 2.15684
2.82314 2.19512
2.87564 2.18792
2.96195 2.15504
2.8517 2.19776
2.97656 2.14877
2.82957 2.20647
2.95895 2.15633
2.96189 2.15506
2.81794 2.20037
2.96277 2.15468
2.8289 2.20697
2.79851 2.207
2.82012 2.21033
2.7966 2.1991
2.96457 2.15392
2.79903 2.20528
2.79925 2.20648
2.8208 2.21001
2.79743 2.20551
2.82122 2.20984
2.96075 2.15556
2.80021 2.20616
2.96048 2.1558
2.79752 2.20549
2.96366 2.15431
2.79627 2.19917
2.82709 2.19317
2.96214 2.15496
2.96153 2.15523
2.80954 2.19153
2.96284 2.15466
2.82695 2.19323
2.82134 2.2098
2.96477 2.15383
2.79638 2.1992
2.8294 2.19202
2.96327 2.15448
2.82878 2.20702
2.82102 2.20996
2.96383 2.15424
2.96366 2.15431
2.82431 2.19454
2.83079 2.20621
2.84471 2.20055
2.7964 2.19919
2.79949 2.20651
2.96431 2.15403
2.7977 2.19827
2.96195 2.15504
2.96431 2.15403
2.96027 2.15576
2.81027 2.19109
2.79975 2.20638
2.88242 2.18513
2.79946 2.20649
2.96152 2.15523
2.79895 2.2053
2.96224 2.15492
2.96254 2.15478
2.7966 2.1991
2.88004 2.18611
2.80971 2.2026
2.81291 2.18947
2.87609 2.18774
2.82468 2.20848
2.96292 2.15462
2.823 2.20916
2.79958 2.20643
2.96043 2.15569
2.79936 2.20642
2.96176 2.15512
2.96239 2.15485
2.96132 2.15531
2.96273 2.15486
2.83578 2.20418
2.82777 2.20721
2.96148 2.15524
2.82135 2.20979
2.96219 2.15494
2.79749 2.20549
2.96263 2.15475
2.7976 2.20552
2.79937 2.20642
2.96239 2.15485
2.96275 2.15469
2.96271 2.15471
2.82054 2.21002
2.96276 2.15469
2.81413 2.18872
2.80281 2.20509
2.96282 2.15467
2.82199 2.20956
2.96036 2.15572
2.79838 2.19822
2.96234 2.15487
2.82193 2.20959
2.82895 2.20695
2.79761 2.20552
2.96263 2.15475
2.96066 2.15559
2.79977 2.20637
2.9639 2.15437
2.91607 2.17119
2.87549 2.18798
2.79913 2.20525
2.96269 2.15472
2.96179 2.15511
2.82159 2.2097
2.96242 2.15484
2.96231 2.15488
2.79651 2.19913
2.96247 2.15482
2.8275 2.20754
2.81191 2.20201
2.96189 2.15507
2.82877 2.20702
2.96282 2.15467
2.96248 2.15481
2.9625 2.1548
2.82125 2.20983
2.79612 2.19927
2.82542 2.20838
2.96255 2.15478
2.87307 2.18898
2.79745 2.20555
2.96527 2.15379
2.96286 2.15465
2.82641 2.20798
2.79852 2.19813
2.82603 2.19369
2.96331 2.15462
2.96388 2.15437
2.82079 2.20991
2.79751 2.20549
2.9638 2.15441
2.96536 2.15375
2.97363 2.15027
2.79865 2.19806
2.96185 2.15523
2.79976 2.20637
2.95923 2.15633
2.97349 2.15032
2.79558 2.19973
2.82167 2.20969
2.96595 2.1535
2.79978 2.20634
2.79655 2.19914
2.79641 2.19922
2.96394 2.15435
2.82133 2.20984
2.79995 2.20628
2.97389 2.15015
2.8749 2.18823
2.81073 2.19081
2.96396 2.15434
2.79803 2.19843
2.79931 2.20645
2.79979 2.20636
2.96419 2.15424
2.86417 2.19264
2.79643 2.19918
2.81522 2.20112
2.97398 2.15012
2.96789 2.15269
2.79875 2.19799
2.9675 2.15285
2.79933 2.20644
2.80264 2.20517
2.96813 2.15258
2.79975 2.20638
2.96405 2.1543
2.97079 2.15147
2.82095 2.20984
2.96397 2.15433
2.83115 2.20606
2.79657 2.19912
2.96306 2.15472
2.82963 2.20668
2.96416 2.15425
2.96406 2.1543
2.96946 2.15203
2.97166 2.15109
2.84301 2.20124
2.79639 2.1992
2.96073 2.1557
2.79863 2.19806
2.82118 2.20986
2.9649 2.15395
2.81431 2.18862
2.97077 2.15147
2.8024 2.20445
2.80415 2.20443
2.96516 2.15383
2.82189 2.20961
2.973 2.15053
2.79626 2.19918
2.97266 2.15067
2.80114 2.20569
2.79892 2.2053
2.97271 2.15065
2.96401 2.15432
2.96343 2.15456
2.82537 2.19402
2.79761 2.20552
2.96444 2.15414
2.96389 2.15437
2.96272 2.15486
2.82743 2.20756
2.82887 2.20698
2.79649 2.19914
2.81285 2.18951
2.96087 2.15564
2.7964 2.1992
2.96406 2.1543
2.82976 2.20639
2.96412 2.15427
2.96407 2.15429
2.82898 2.20693
2.7989 2.20676
2.87438 2.18844
2.9644 2.15415
2.83104 2.2061
2.9649 2.15395
2.7989 2.20531
2.82623 2.20805
2.79639 2.1992
2.96404 2.15431
2.87551 2.18797
2.96507 2.15387
2.79838 2.20526
2.83 2.20653
2.79817 2.20717
2.96537 2.15375
2.79956 2.20633
2.9624 2.15499
2.82666 2.20788
2.96151 2.15537
2.96399 2.15432
2.82184 2.20962
2.9641 2.15428
2.96384 2.15439
2.80786 2.20308
2.9631 2.1547
2.96319 2.15466
2.82078 2.20991
2.96412 2.15427
2.8207 2.20995
2.96271 2.15487
2.80694 2.20332
2.84493 2.20046
2.7983 2.19826
2.80349 2.20475
2.96402 2.15431
2.81981 2.21031
2.96403 2.15431
2.96359 2.15449
2.82864 2.20708
2.81843 2.20024
2.79882 2.20533
2.96417 2.15425
2.80039 2.20607
2.9641 2.15428
2.82188 2.20961
2.80339 2.2048
2.963 2.15474
2.96413 2.15427
2.96403 2.15431
2.96399 2.15433
2.96306 2.15472
2.82867 2.20706
2.79618 2.19923
2.96393 2.15435
2.82442 2.19449
2.87638 2.18762
2.96266 2.15488
2.8012 2.20567
2.96341 2.15457
2.96375 2.15443
2.79752 2.20564
2.829 2.20693
2.79974 2.20639
2.96405 2.1543
2.96403 2.15431
2.96402 2.15431
2.87583 2.18784
2.79925 2.20648
2.96312 2.15469
2.79961 2.2063
2.96417 2.15425
2.81132 2.2009
2.9642 2.15424
2.88234 2.18516
2.81195 2.19006
2.96407 2.15429
2.82136 2.20968
2.96389 2.15437
2.96417 2.15425
2.96392 2.15435
2.96389 2.15437
2.82282 2.19528
2.96404 2.1543
2.81274 2.18957
2.84321 2.20116
2.79989 2.20631
2.82066 2.20996
2.96413 2.15427
2.82176 2.20966
2.96418 2.15424
2.80299 2.20499
2.87269 2.18914
2.79654 2.19914
2.7996 2.20645
2.96419 2.15424
2.79619 2.19922
2.81269 2.1896
2.82138 2.20978
2.82095 2.20984
2.82572 2.20788
2.81283 2.18952
2.87208 2.18939
2.84538 2.20027
2.7975 2.20549
2.8244 2.20859
2.79789 2.20546
2.92369 2.16801
2.82119 2.20989
2.81859 2.21095
2.79752 2.20549
2.92383 2.16795
2.82542 2.208
2.82463 2.20849
2.90948 2.17393
2.87171 2.18954
2.82196 2.20958
2.79983 2.20634
2.82078 2.20991
2.8205 2.21003
2.82165 2.20968
2.79886 2.20532
2.80854 2.2029
2.8762 2.18769
2.8253 2.19406
2.87361 2.18876
2.82867 2.20706
2.84536 2.20035
2.91791 2.17042
2.82917 2.20686
2.82179 2.20962
2.79851 2.20523
2.87139 2.18967
2.7989 2.20521
2.91387 2.1721
2.80809 2.20302
2.80026 2.20613
2.92345 2.16812
2.92546 2.16728
2.81893 2.21068
2.79938 2.20641
2.82052 2.21002
2.79934 2.20643
2.81125 2.20094
2.87512 2.18813
2.79956 2.20644
2.80622 2.20341
2.87531 2.18806
2.81925 2.21069
2.82124 2.20984
2.89695 2.17913
2.88264 2.18504
2.87262 2.18916
2.81228 2.18985
2.82189 2.2096
2.90181 2.17711
2.82899 2.20693
2.82863 2.20708
2.82494 2.2082
2.82018 2.21016
2.84239 2.20149
2.82137 2.20978
2.86514 2.19224
2.87648 2.18757
2.82176 2.20963
2.82215 2.20971
2.79901 2.2066
2.82232 2.20964
2.79828 2.20537
2.81282 2.18953
2.84575 2.20019
2.82099 2.20983
2.82805 2.20731
2.8043 2.20435
2.88125 2.18561
2.82783 2.20718
2.82884 2.20699
2.8716 2.18959
2.81088 2.20112
2.81995 2.2104
2.91144 2.17311
2.87106 2.18981
2.79753 2.20548
2.92302 2.16829
2.82846 2.20715
2.80974 2.20259
2.79876 2.19799
2.80339 2.2048
2.85797 2.19519
2.80755 2.20316
2.79637 2.19924
2.82165 2.20967
2.82108 2.2099
2.79756 2.20553
2.82894 2.20696
2.82042 2.21006
2.87535 2.18805
2.82132 2.2098
2.7994 2.20652
2.88529 2.18395
2.80285 2.20506
2.79758 2.20552
2.87635 2.18763
2.79913 2.20525
2.83071 2.20624
2.8212 2.20985
2.82133 2.2098
2.85599 2.196
2.82095 2.20984
2.85751 2.19538
2.90283 2.17669
2.89623 2.17943
2.87407 2.18857
2.82014 2.21018
2.8218 2.20964
2.82832 2.2072
2.79942 2.20651
2.82888 2.20698
2.79914 2.20525
2.79958 2.20643
2.85534 2.19627
2.82832 2.19256
2.87544 2.188
2.79631 2.19925
2.82137 2.20978
2.9029 2.17666
2.87435 2.18845
2.86586 2.19195
2.87887 2.1866
2.8291 2.20689
2.91441 2.17188
2.79754 2.20553
2.79618 2.19936
2.92569 2.16718
2.82182 2.20964
2.82896 2.20695
2.82892 2.20696
2.79982 2.20634
2.82894 2.20695
2.82128 2.20982
2.86477 2.1924
2.87472 2.1883
2.79655 2.19913
2.7993 2.20511
2.8929 2.1808
2.82853 2.20712
2.8207 2.20995
2.82581 2.1938
2.82112 2.20992
2.80826 2.20298
2.79947 2.20648
2.82123 2.20987
2.89501 2.17993
2.79958 2.20643
2.80033 2.20631
2.90621 2.17529
2.8213 2.20981
2.82757 2.20751
2.8754 2.18802
2.86977 2.19034
2.82168 2.20969
2.80255 2.19572
2.9155 2.17142
2.80305 2.20473
2.87617 2.1877
2.82671 2.19335
2.82904 2.20691
2.90941 2.17396
2.79897 2.19766
2.82093 2.20985
2.79749 2.20556
2.81401 2.1888
2.91438 2.17189
2.79919 2.20666
2.87574 2.18788
2.79946 2.20649
2.87504 2.18817
2.81883 2.21105
2.79895 2.20663
2.821 2.20993
2.82129 2.20982
2.8283 2.20721
2.82198 2.20957
2.79622 2.1992
2.92085 2.1692
2.92054 2.16933
2.82696 2.20776
2.79952 2.20646
2.91887 2.17002
2.80828 2.20297
2.82139 2.20978
2.82882 2.20701
2.79954 2.20645
2.79944 2.2065
2.9185 2.17018
2.80982 2.20257
2.79767 2.2055
2.8214 2.20977
2.82199 2.20956
2.82315 2.20908
2.86318 2.19305
2.81198 2.19004
2.91909 2.16993
2.80428 2.20436
2.79958 2.20643
2.87085 2.18989
2.82182 2.20963
2.79666 2.19907
2.92481 2.16755
2.88197 2.18532
2.8206 2.21013
2.79753 2.20549
2.82343 2.20919
2.87777 2.18705
2.79947 2.20517
2.79705 2.20567
2.8685 2.19086
2.79769 2.20551
2.87306 2.18899
2.87502 2.18818
2.79978 2.20636
2.82114 2.20987
2.88189 2.18535
2.82249 2.20934
2.82794 2.20736
2.85991 2.19439
2.80341 2.20479
2.82052 2.21002
2.80305 2.20473
2.82906 2.20691
2.81912 2.21074
2.7958 2.19954
2.82098 2.20983
2.87555 2.18796
2.87545 2.188
2.88003 2.18612
2.79851 2.20523
2.79931 2.20645
2.87383 2.18866
2.81909 2.21062
2.82373 2.20885
2.79642 2.19922
2.82904 2.20691
2.87241 2.18926
2.80267 2.20515
2.82921 2.20684
2.82403 2.20873
2.87175 2.18953
2.82085 2.20988
2.81975 2.21034
2.8752 2.1881
2.79638 2.19921
2.82201 2.20956
2.82641 2.20776
2.79983 2.20634
2.8286 2.2071
2.79632 2.19924
2.8738 2.18868
2.79856 2.19811
2.79908 2.20526
2.82083 2.20989
2.87282 2.18909
2.79941 2.20651
2.82351 2.20879
2.82097 2.20983
2.80209 2.20521
2.80349 2.20475
2.88256 2.18507
2.82868 2.20706
2.82091 2.20997
2.82898 2.20694
2.82092 2.20986
2.82884 2.20699
2.79618 2.19932
2.7975 2.20549
2.79966 2.2064
2.82089 2.20987
2.82095 2.20995
2.82896 2.20694
2.7985 2.19795
2.82194 2.20959
2.80336 2.20481
2.82182 2.20963
2.87756 2.18713
2.87943 2.18636
2.79922 2.20523
2.87924 2.18644
2.80335 2.20481
2.8208 2.20991
2.82069 2.20995
2.80327 2.20486
2.82085 2.20989
2.82738 2.20758
2.80171 2.20522
2.82474 2.20844
2.80437 2.20432
2.88092 2.18575
2.82825 2.20723
2.79751 2.20549
2.88036 2.18598
2.88024 2.18603
2.79752 2.20549
2.82906 2.2069
2.79651 2.19916
2.82183 2.20963
2.82084 2.21
2.82762 2.20749
2.82139 2.20977
2.82739 2.20758
2.82057 2.21
2.88044 2.18595
2.82187 2.20961
2.82012 2.21018
2.79757 2.20552
2.82127 2.20982
2.82094 2.20985
2.7976 2.20552
2.82703 2.1932
2.82151 2.20961
2.79762 2.20553
2.87295 2.18903
2.79924 2.20649
2.79594 2.19938
2.87316 2.18894
2.88176 2.1854
2.79902 2.19763
2.81885 2.19725
2.8402 2.20239
2.88241 2.18514
2.86757 2.19124
2.82174 2.20966
2.79977 2.20635
2.79771 2.2055
2.82158 2.20959
2.86312 2.19307
2.79642 2.19918
2.87647 2.18758
2.79637 2.19925
2.8218 2.20962
2.87552 2.18797
2.87413 2.18855
2.83009 2.20625
2.81135 2.19042
2.82977 2.20639
2.80846 2.20292
2.82581 2.20784
2.86808 2.19103
2.79636 2.19925
2.79641 2.19919
2.79752 2.20549
2.82263 2.2093
2.79909 2.20526
2.82197 2.20957
2.83118 2.20605
2.87635 2.18763
2.87362 2.18875
2.8259 2.2078
2.82832 2.20721
2.81477 2.18833
2.87104 2.18982
2.799 2.20519
2.80068 2.20591
2.79761 2.20553
2.79933 2.20521
2.82876 2.20703
2.87264 2.18916
2.79775 2.19824
2.79791 2.20546
2.86478 2.19239
2.82064 2.20997
2.8211 2.20989
2.82074 2.21007
2.79956 2.20644
2.86909 2.19062
2.82977 2.19184
2.82191 2.2096
2.80925 2.20192
2.79901 2.20528
2.87198 2.18943
2.79919 2.20651
2.87462 2.18834
2.81286 2.1895
2.84018 2.20239
2.79881 2.20671
2.87448 2.1884
2.79657 2.19912
2.82183 2.20963
2.79758 2.20552
2.79967 2.20639
2.79988 2.20631
2.87647 2.18758
2.79765 2.20552
2.82175 2.20964
2.79933 2.20521
2.81848 2.211
2.79932 2.20645
2.82857 2.2071
2.84299 2.20125
2.80288 2.20505
2.87453 2.18838
2.87521 2.1881
2.79967 2.20639
2.82107 2.20994
2.79709 2.19866
2.82392 2.20877
2.79933 2.20644
2.82347 2.20896
2.81272 2.18958
2.80271 2.20513
2.87584 2.18784
2.8226 2.20932
2.80842 2.20293
2.82893 2.20696
2.83021 2.20621
2.82915 2.20687
2.79934 2.20643
2.87488 2.18823
2.79641 2.19919
2.82138 2.20981
2.81261 2.18965
2.80348 2.20476
2.87605 2.18775
2.82166 2.20967
2.82134 2.20969
2.80851 2.20291
2.80127 2.20562
2.79758 2.20552
2.80377 2.20437
2.87444 2.18841
2.87621 2.18769
2.79935 2.2051
2.81131 2.19045
2.82137 2.20978
2.86787 2.19112
2.87303 2.189
2.799 2.20661
2.79835 2.20709
2.87542 2.18801
2.79657 2.19912
2.79968 2.20627
2.82135 2.20983
2.82767 2.20725
2.8759 2.18781
2.82696 2.20754
2.79913 2.20525
2.79601 2.19942
2.87283 2.18908
2.8211 2.20989
2.80108 2.20478
2.82987 2.20635
2.82098 2.20983
2.79933 2.20644
2.87296 2.18903
2.79949 2.20651
2.8757 2.18789
2.87395 2.18861
2.81441 2.18855
2.84472 2.20054
2.79656 2.19912
2.82821 2.20725
2.80208 2.20545
2.83052 2.20632
2.84388 2.20088
2.8434 2.20108
2.83095 2.20614
2.79934 2.20643
2.80368 2.19504
2.87539 2.18802
2.82053 2.21001
2.87524 2.18808
2.82166 2.2097
2.87542 2.18801
2.82547 2.19397
2.8219 2.2096
2.80799 2.20305
2.82014 2.21018
2.87117 2.18976
2.82064 2.20997
2.79987 2.20632
2.82683 2.19329
2.87558 2.18795
2.82384 2.20865
2.8712 2.18975
2.82802 2.20732
2.82848 2.20714
2.81885 2.21085
2.81059 2.20126
2.79659 2.19911
2.82096 2.20984
2.79972 2.20637
2.8 2.20626
2.82123 2.20984
2.82131 2.20981
2.80806 2.20303
2.82179 2.20962
2.82634 2.20801
2.82138 2.20967
2.79955 2.20644
2.87501 2.18818
2.87456 2.18836
2.82152 2.18415
2.87639 2.18761
2.8026 2.20518
2.79847 2.20524
2.82176 2.20963
2.79767 2.2055
2.80145 2.20536
2.79957 2.20644
2.8265 2.19345
2.87515 2.18812
2.80049 2.20492
2.80361 2.19514
2.82588 2.20781
2.79775 2.19824
2.875 2.18818
2.84782 2.18287
2.82132 2.2098
2.82529 2.20843
2.87648 2.18757
2.82773 2.20745
2.80925 2.19171
2.82798 2.20734
2.84073 2.20217
2.7976 2.20554
2.82917 2.20686
2.83122 2.20603
2.7969 2.19892
2.79604 2.19932
2.80115 2.20569
2.82138 2.20978
2.81834 2.20026
2.79938 2.20641
2.8275 2.20732
2.82916 2.20687
2.83602 2.20408
2.79935 2.20643
2.82094 2.2102
2.84537 2.20028
2.79876 2.19799
2.83979 2.18687
2.82836 2.20719
2.82195 2.20958
2.83117 2.20605
2.82288 2.20941
2.82967 2.20666
2.79843 2.19819
2.82913 2.20688
2.82176 2.20966
2.79988 2.20631
2.84421 2.20075
2.82876 2.20703
2.79627 2.19917
2.84184 2.20172
2.82892 2.20696
2.82131 2.20981
2.83467 2.20463
2.83537 2.20435
2.79946 2.20649
2.80014 2.20619
2.8016 2.20568
2.82921 2.20684
2.83911 2.20283
2.82884 2.207
2.82303 2.20935
2.82863 2.20708
2.82094 2.20985
2.80319 2.20466
2.82917 2.20686
2.7975 2.20554
2.82077 2.20992
2.82106 2.2098
2.79912 2.20525
2.82887 2.20698
2.82136 2.20979
2.84399 2.20084
2.82917 2.20686
2.81215 2.18993
2.84333 2.20111
2.82476 2.20865
2.82051 2.21013
2.84399 2.20084
2.82145 2.20976
2.82871 2.20705
2.79732 2.20554
2.81978 2.21047
2.8216 2.20972
2.79761 2.20552
2.82092 2.20985
2.80035 2.20608
2.79984 2.20633
2.82188 2.20961
2.82889 2.20697
2.83045 2.20634
2.79625 2.19918
2.82086 2.20998
2.79957 2.20644
2.8027 2.20514
2.82885 2.20699
2.82563 2.2083
2.81157 2.20085
2.83038 2.20637
2.82784 2.2074
2.82846 2.20714
2.79627 2.19917
2.81682 2.21168
2.79938 2.19762
2.82094 2.20985
2.82911 2.20689
2.82657 2.19343
2.82088 2.20987
2.82213 2.20951
2.79624 2.19929
2.79823 2.20538
2.83103 2.20611
2.7976 2.20552
2.82945 2.20675
2.79936 2.20643
2.80347 2.20476
2.82956 2.20671
2.8218 2.20964
2.82623 2.20784
2.79958 2.20643
2.82143 2.20965
2.82999 2.20653
2.79751 2.20549
2.83068 2.20625
2.83049 2.20633
2.79911 2.20526
2.7973 2.20555
2.82171 2.20968
2.83071 2.20624
2.79657 2.19912
2.81265 2.18963
2.79814 2.2054
2.82761 2.20749
2.82677 2.20783
2.79686 2.19913
2.80961 2.20263
2.82047 2.21004
2.82915 2.20687
2.82509 2.20851
2.82129 2.20981
2.81162 2.19027
2.80806 2.20303
2.79769 2.2055
2.82755 2.20752
2.82121 2.20989
2.8245 2.20855
2.82084 2.21
2.81248 2.18973
2.82788 2.20738
2.82812 2.20729
2.82144 2.20964
2.82176 2.20963
2.82858 2.2071
2.82898 2.20693
2.82633 2.20801
2.82853 2.20712
2.82462 2.2085
2.82131 2.20981
2.82733 2.20761
2.80033 2.20609
2.8301 2.20625
2.81791 2.18639
2.82916 2.20686
2.829 2.20693
2.79879 2.20672
2.82052 2.21016
2.82802 2.20732
2.79765 2.20552
2.7964 2.19923
2.82699 2.19322
2.82856 2.20711
2.79911 2.20526
2.82868 2.20706
2.79782 2.20548
2.82111 2.20978
2.79849 2.19815
2.829 2.20693
2.82126 2.20983
2.80116 2.20568
2.80855 2.2029
2.79765 2.20546
2.82428 2.20847
2.79914 2.20664
2.82518 2.2081
2.8292 2.20685
2.82153 2.20975
2.82127 2.20986
2.80035 2.20608
2.82298 2.20916
2.82157 2.20973
2.82079 2.20991
2.79715 2.20559
2.82291 2.20919
2.82661 2.1934
2.8252 2.1941
2.81932 2.2106
2.82159 2.20973
2.82983 2.20636
2.8228 2.20924
2.82106 2.20991
2.79794 2.20554
2.82073 2.20993
2.79703 2.19903
2.82049 2.21003
2.82542 2.208
2.8257 2.20788
2.82951 2.20649
2.82316 2.20908
2.82097 2.20983
2.79957 2.20632
2.79784 2.2072
2.82142 2.2098
2.82107 2.2099
2.79957 2.20644
2.82024 2.21028
2.82138 2.20982
2.82509 2.2083
2.82416 2.20868
2.79975 2.20638
2.8253 2.20822
2.82189 2.2096
2.79607 2.19938
2.822 2.20956
2.82201 2.20956
2.79646 2.19906
2.81892 2.21082
2.82891 2.20674
2.85073 2.18141
2.8264 2.20777
2.81286 2.1895
2.79753 2.20548
2.8286 2.20687
2.81294 2.18945
2.82824 2.20702
2.8225 2.20936
2.82145 2.20978
2.79955 2.20645
2.82832 2.20698
2.79625 2.19919
2.7992 2.20661
2.82282 2.20923
2.7976 2.20552
2.8294 2.20654
2.82907 2.20667
2.79769 2.20551
2.80091 2.2058
2.82191 2.2096
2.79643 2.19908
2.83006 2.20627
2.82129 2.20982
2.81254 2.1897
2.79817 2.20539
2.82079 2.20991
2.82042 2.21006
2.82068 2.2101
2.79766 2.20551
2.81857 2.21096
2.82198 2.20957
2.82087 2.20987
2.82144 2.20979
2.82079 2.21006
2.8082 2.20299
2.80285 2.20506
2.8209 2.20986
2.82303 2.20914
2.82187 2.20961
2.82183 2.20963
2.7979 2.1985
2.81009 2.20151
2.82165 2.2097
2.82023 2.21029
2.80337 2.20481
2.7966 2.1991
2.82241 2.2094
2.8214 2.20981
2.82292 2.20919
2.82195 2.20958
2.82302 2.20915
2.82715 2.19314
2.79619 2.19922
2.82097 2.20983
2.79949 2.20651
2.82238 2.20941
2.82247 2.20937
2.80849 2.20292
2.79769 2.20551
2.82275 2.20926
2.82276 2.20924
2.82267 2.20929
2.82276 2.20925
2.80794 2.20306
2.79772 2.19827
2.79951 2.20646
2.82145 2.20978
2.82116 2.20987
2.82299 2.20916
2.82185 2.20962
2.79743 2.20556
2.79665 2.19926
2.79761 2.20552
2.82161 2.20972
2.81473 2.18836
2.79641 2.19909
2.82089 2.21001
2.82061 2.21013
2.79867 2.19804
2.82006 2.21035
2.82131 2.20981
2.8211 2.20993
2.82195 2.20958
2.81181 2.19015
2.82144 2.20979
2.80842 2.20293
2.82147 2.20978
2.79759 2.19869
2.82077 2.21006
2.79743 2.20551
2.82113 2.20988
2.82159 2.20973
2.82156 2.20974
2.80729 2.20323
2.79878 2.20687
2.82179 2.20964
2.82084 2.20989
2.79962 2.2063
2.82199 2.20957
2.82002 2.21032
2.79936 2.20642
2.82134 2.2098
2.82296 2.20902
2.82151 2.20976
2.79762 2.20553
2.82143 2.20979
2.79913 2.20526
2.81257 2.18968
2.82187 2.20961
2.79701 2.19884
2.79754 2.20553
2.79951 2.20647
2.82124 2.20987
2.79742 2.20551
2.82112 2.20988
2.82308 2.20911
2.79565 2.19985
2.81992 2.21027
2.79929 2.20657
2.80812 2.20301
2.82172 2.20967
2.81787 2.21112
2.8214 2.2098
2.82142 2.2098
2.79934 2.20643
2.79953 2.20646
2.82188 2.20961
2.82175 2.20966
2.80296 2.19547
2.82174 2.20966
2.79937 2.20642
2.80821 2.20299
2.82167 2.20969
2.79712 2.20566
2.80081 2.20569
2.82179 2.20964
2.79555 2.19975
2.79858 2.20539
2.82069 2.21006
2.82193 2.20959
2.82183 2.20963
2.79615 2.19925
2.82188 2.20961
2.79641 2.19919
2.82093 2.20985
2.82169 2.20968
2.82186 2.20962
2.79745 2.20551
2.82153 2.20975
2.82092 2.20985
2.82157 2.20974
2.8237 2.20886
2.81169 2.20072
2.82071 2.20994
2.82113 2.20992
2.82197 2.20957
2.82201 2.20955
2.82175 2.20966
2.81222 2.18989
2.82176 2.20966
2.79635 2.19922
2.79767 2.20552
2.8015 2.20533
2.82165 2.2097
2.79789 2.20546
2.82039 2.21007
2.82169 2.20969
2.80272 2.19562
2.82179 2.20965
2.82201 2.20955
2.8257 2.19385
2.82183 2.20963
2.79967 2.20642
2.82097 2.20983
2.79842 2.1982
2.82088 2.20987
2.80027 2.20498
2.822 2.20956
2.79769 2.20551
2.79812 2.20533
2.82444 2.2084
2.82152 2.20961
2.82049 2.21003
2.82568 2.20789
2.82303 2.20899
2.82095 2.20984
2.82126 2.20983
2.81116 2.19054
2.82552 2.19395
2.8185 2.21086
2.79658 2.19911
2.82448 2.20839
2.82564 2.20791
2.82186 2.20947
2.79912 2.20655
2.82094 2.20985
2.81154 2.20079
2.82583 2.20783
2.82122 2.20985
2.84582 2.18386
2.82089 2.20987
2.82549 2.20797
2.82123 2.20984
2.81327 2.18925
2.79958 2.20643
2.82076 2.20992
2.79883 2.20523
2.82089 2.20987
2.79768 2.2055
2.82771 2.18027
2.82091 2.20986
2.82512 2.20812
2.79984 2.20633
2.8212 2.20974
2.8206 2.20999
2.82103 2.20992
2.82262 2.20916
2.79968 2.20626
2.82283 2.20907
2.82362 2.20874
2.81256 2.18968
2.7989 2.20675
2.81656 2.19839
2.82091 2.20986
2.79628 2.19916
2.81913 2.2106
2.79599 2.19948
2.81981 2.21032
2.82092 2.20985
2.79648 2.19915
2.79938 2.20642
2.81925 2.21055
2.79979 2.20636
2.82438 2.20843
2.80765 2.20313
2.82488 2.20822
2.82427 2.20847
2.82065 2.20997
2.79801 2.20543
2.82477 2.20827
2.82135 2.20979
2.82147 2.20963
2.81909 2.18566
2.82522 2.20808
2.8044 2.2043
2.82552 2.20796
2.82524 2.20807
2.82349 2.19495
2.82081 2.2099
2.82063 2.20997
2.79854 2.19812
2.82151 2.20962
2.82098 2.1962
2.82025 2.21013
2.82159 2.20958
2.79781 2.20557
2.79799 2.20543
2.8216 2.20958
2.79759 2.20552
2.82133 2.2098
2.79933 2.20655
2.81991 2.21027
2.79929 2.20646
2.82291 2.19524
2.82081 2.2099
2.79882 2.19775
2.79687 2.19894
2.82092 2.20986
2.80797 2.19249
2.8208 2.20991
2.80286 2.20506
2.82127 2.20982
2.79986 2.20633
2.82122 2.20973
2.82084 2.20989
2.82051 2.21003
2.82062 2.20998
2.79684 2.19896
2.79758 2.20547
2.79635 2.19922
2.82095 2.20985
2.82707 2.19318
2.82082 2.2099
2.79982 2.20635
2.82109 2.20979
2.82126 2.20972
2.82134 2.20969
2.82122 2.20973
2.82137 2.20967
2.79695 2.19888
2.82181 2.20961
2.79921 2.2065
2.82144 2.20965
2.82089 2.20997
2.82089 2.20987
2.80864 2.20288
2.82077 2.20992
2.81041 2.19101
2.82025 2.21013
2.8209 2.20997
2.82453 2.20854
2.82085 2.20988
2.80205 2.20545
2.82097 2.20983
2.82015 2.21018
2.79759 2.1985
2.8206 2.20999
2.79943 2.2065
2.82044 2.21005
2.82091 2.20997
2.79983 2.20634
2.82049 2.21003
2.79637 2.19921
2.82073 2.20993
2.8208 2.20991
2.8209 2.20986
2.82092 2.20986
2.82094 2.20985
2.82078 2.20991
2.82088 2.20987
2.82062 2.20998
2.81277 2.18956
2.79978 2.20634
2.79752 2.20549
2.8213 2.20981
2.79594 2.19938
2.8209 2.20986
2.8206 2.20999
2.8004 2.20589
2.8209 2.20986
2.82081 2.2099
2.82077 2.20991
2.79831 2.20711
2.82127 2.20983
2.82087 2.20987
2.80859 2.20289
2.79947 2.20652
2.82082 2.20989
2.82127 2.20982
2.82091 2.20986
2.82063 2.20997
2.82045 2.21005
2.82083 2.20989
2.79743 2.20551
2.82171 2.20965
2.82083 2.20989
2.79937 2.20642
2.82091 2.20986
2.82095 2.20984
2.80012 2.2062
2.79938 2.20641
2.80792 2.20306
2.82179 2.20962
2.82455 2.20853
2.80889 2.20281
2.82636 2.19353
2.81974 2.21043
2.79751 2.20549
2.82064 2.21007
2.80255 2.19572
2.79916 2.20525
2.79806 2.20535
2.80383 2.20434
2.8245 2.20855
2.82691 2.18077
2.82134 2.2098
2.81105 2.20103
2.82122 2.20984
2.82013 2.21028
2.82149 2.20974
2.80367 2.20467
2.82125 2.20983
2.82132 2.20981
2.8214 2.20977
2.8266 2.19341
2.79904 2.20527
2.82466 2.20848
2.79635 2.19922
2.8012 2.20566
2.7993 2.20645
2.82263 2.20929
2.8225 2.20934
2.82271 2.20926
2.80291 2.20503
2.8236 2.20891
2.79824 2.20538
2.80117 2.20568
2.82102 2.20992
2.82016 2.21026
2.82061 2.21008
2.82024 2.21023
2.82359 2.20891
2.79773 2.2055
2.82392 2.20878
2.82433 2.20861
2.8242 2.20867
2.81233 2.18982
2.82424 2.20865
2.79752 2.20549
2.82587 2.19377
2.8033 2.20484
2.82117 2.20986
2.79934 2.20643
2.82435 2.2086
2.80087 2.20566
2.81151 2.19033
2.82134 2.2098
2.82114 2.20987
2.82148 2.20974
2.79618 2.19936
2.82132 2.20981
2.79855 2.19791
2.79767 2.20551
2.79637 2.19921
2.8213 2.20981
2.82175 2.20964
2.8185 2.18602
2.82176 2.20963
2.82029 2.21021
2.82133 2.2098
2.80333 2.20483
2.82163 2.20968
2.79653 2.19914
2.82156 2.20971
2.81333 2.18922
2.80345 2.20477
2.82115 2.20987
2.80041 2.197
2.81273 2.18958
2.79933 2.20644
2.82137 2.20978
2.79748 2.2055
2.82136 2.20979
2.82147 2.20975
2.82155 2.20971
2.82169 2.20966
2.81366 2.18901
2.82649 2.19346
2.8217 2.20966
2.82117 2.20986
2.8217 2.20966
2.8286 2.19242
2.8205 2.21013
2.81179 2.19016
2.79954 2.20645
2.82139 2.20978
2.82128 2.20982
2.81453 2.18848
2.81055 2.20128
2.82057 2.2101
2.82106 2.2099
2.79757 2.19836
2.79856 2.20692
2.82122 2.20985
2.82647 2.19347
2.82135 2.20979
2.82134 2.2098
2.82135 2.20979
2.79876 2.19799
2.8212 2.20985
2.81049 2.20131
2.82139 2.20978
2.80327 2.20486
2.82137 2.20979
2.82126 2.20983
2.82117 2.20986
2.82109 2.2099
2.82082 2.21
2.79679 2.19897
2.79953 2.20646
2.82131 2.20981
2.82136 2.20979
2.80321 2.20489
2.8212 2.20985
2.79765 2.20545
2.82114 2.20988
2.82116 2.20987
2.79761 2.20552
2.82134 2.20979
2.81266 2.18962
2.82129 2.20981
2.79954 2.20645
2.80083 2.20584
2.82131 2.20981
2.82132 2.2098
2.82135 2.20979
2.79861 2.19808
2.80009 2.20621
2.80295 2.20502
2.82134 2.20979
2.79914 2.20654
2.82134 2.2098
2.82139 2.20978
2.80222 2.20537
2.79941 2.20519
2.82104 2.20991
2.80861 2.20288
2.82475 2.19433
2.82137 2.20979
2.7985 2.19815
2.8214 2.20977
2.8213 2.20981
2.80344 2.20454
2.82125 2.20983
2.82127 2.20982
2.82139 2.20978
2.8213 2.20981
2.79955 2.20645
2.82133 2.2098
2.79942 2.20651
2.82135 2.20979
2.79914 2.20654
2.8032 2.20489
2.82138 2.20978
2.82139 2.20977
2.79638 2.1992
2.8214 2.20977
2.79958 2.20643
2.82783 2.1928
2.82911 2.19217
2.8268 2.19331
2.79966 2.20628
2.83006 2.1917
2.8044 2.20397
2.79857 2.1981
2.80022 2.20615
2.84443 2.18456
2.79955 2.20648
2.85081 2.18138
2.84363 2.18496
2.82569 2.19386
2.79942 2.2064
2.82984 2.19181
2.79653 2.19915
2.84784 2.18286
2.79928 2.20646
2.82458 2.19441
2.79782 2.20721
2.7969 2.19892
2.79855 2.20684
2.8514 2.18108
2.82689 2.19326
2.79932 2.20645
2.85162 2.18097
2.79915 2.20653
2.79924 2.20649
2.82693 2.19324
2.7963 2.19916
2.82654 2.19344
2.79951 2.20647
2.79922 2.20523
2.80361 2.20469
2.81039 2.20136
2.83021 2.19162
2.7964 2.19909
2.79956 2.20644
2.80345 2.20477
2.79731 2.19868
2.79643 2.19918
2.79989 2.20631
2.84143 2.18605
2.79774 2.2055
2.80316 2.20491
2.80806 2.20303
2.80089 2.20581
2.81474 2.19929
2.82146 2.19596
2.82713 2.19314
2.79749 2.20549
2.79996 2.20649
2.79903 2.20528
2.79908 2.20527
2.82606 2.19367
2.79887 2.20682
2.82715 2.19313
2.79938 2.20641
2.82951 2.19197
2.82488 2.19426
2.80281 2.20485
2.82469 2.19435
2.82581 2.1938
2.80825 2.20241
2.84461 2.18447
2.79863 2.19807
2.79954 2.20645
2.79944 2.20654
2.8504 2.18158
2.80312 2.20493
2.82284 2.18332
2.79767 2.20552
2.80336 2.20481
2.80318 2.2049
2.79901 2.20676
2.8265 2.19345
2.79627 2.19927
2.79955 2.20645
2.82674 2.19334
2.83153 2.19097
2.8514 2.18109
2.79623 2.1992
2.79914 2.20664
2.80183 2.20516
2.80425 2.20438
2.79654 2.19912
2.7972 2.20561
2.79949 2.20647
2.79898 2.20529
2.81688 2.19822
2.82524 2.19408
2.79979 2.20633
2.80293 2.20502
2.81765 2.19785
2.84965 2.18196
2.79982 2.20634
2.80333 2.20483
2.82592 2.19374
2.8029 2.19551
2.80304 2.20497
2.79635 2.19922
2.79979 2.20636
2.81787 2.18642
2.80342 2.20479
2.79935 2.19764
2.84034 2.18659
2.79772 2.20551
2.80395 2.20453
2.79967 2.20627
2.7993 2.20657
2.79831 2.19826
2.79642 2.19918
2.79984 2.20634
2.80344 2.20477
2.79937 2.20642
2.79751 2.20549
2.7991 2.20656
2.79636 2.19925
2.80255 2.20521
2.8079 2.20307
2.85173 2.18092
2.802 2.20548
2.80335 2.20482
2.80336 2.20481
2.7976 2.20552
2.85041 2.18157
2.82127 2.19605
2.79846 2.20542
2.82625 2.19358
2.83534 2.18908
2.79835 2.19804
2.80007 2.20643
2.79836 2.20694
2.79951 2.2065
2.84199 2.18577
2.79938 2.20642
2.79989 2.20631
2.8403 2.18661
2.84412 2.18471
2.82377 2.19481
2.79901 2.2066
2.79973 2.20639
2.79769 2.20551
2.80441 2.2043
2.84664 2.18346
2.79683 2.19896
2.82613 2.19364
2.80861 2.20289
2.82697 2.19322
2.80838 2.20294
2.8436 2.18497
2.82708 2.19317
2.79659 2.19911
2.82548 2.19396
2.81142 2.19039
2.79959 2.20643
2.79936 2.20643
2.80344 2.20477
2.79781 2.20548
2.84608 2.18374
2.79639 2.1992
2.79627 2.19927
2.7992 2.2065
2.84982 2.18187
2.82665 2.19338
2.82641 2.19351
2.79907 2.20527
2.80304 2.20497
2.84931 2.18212
2.79983 2.20634
2.84916 2.1822
2.80324 2.20487
2.79934 2.20643
2.84814 2.18271
2.79756 2.20553
2.84843 2.18256
2.82691 2.19325
2.81138 2.20087
2.79967 2.20642
2.84932 2.18212
2.79933 2.20644
2.85129 2.18114
2.79988 2.20631
2.79919 2.20667
2.79639 2.1992
2.80237 2.2053
2.80061 2.20617
2.79871 2.20676
2.82777 2.19283
2.81682 2.19826
2.79925 2.20648
2.79947 2.20649
2.79904 2.20527
2.82671 2.19335
2.82542 2.194
2.79928 2.20646
2.8264 2.19351
2.82983 2.19181
2.8294 2.19202
2.80286 2.20506
2.82347 2.19496
2.79743 2.19845
2.79957 2.20644
2.82667 2.19337
2.79637 2.19921
2.80931 2.20189
2.8289 2.19227
2.82645 2.19348
2.8098 2.20165
2.79731 2.19867
2.80331 2.20484
2.82833 2.19256
2.80365 2.20443
2.8275 2.19297
2.80751 2.20317
2.79876 2.20673
2.82474 2.19433
2.7978 2.20558
2.80106 2.20573
2.82649 2.19346
2.79989 2.20631
2.82987 2.19179
2.82677 2.19333
2.79938 2.20642
2.82751 2.19296
2.81711 2.2006
2.79752 2.20554
2.83017 2.19164
2.81431 2.18861
2.79935 2.20643
2.81407 2.18876
2.82634 2.19354
2.79616 2.19924
2.79757 2.20552
2.80915 2.20197
2.79656 2.19912
2.80314 2.20469
2.82536 2.18174
2.82767 2.19288
2.79767 2.20552
2.8007 2.20574
2.81165 2.20074
2.82629 2.19356
2.79931 2.20645
2.80447 2.20427
2.80258 2.2052
2.8299 2.19178
2.80451 2.20425
2.82692 2.19325
2.82907 2.19219
2.80309 2.20495
2.79757 2.20554
2.82657 2.19342
2.80342 2.20478
2.7994 2.20652
2.7998 2.20635
2.79653 2.19915
2.80328 2.20485
2.79641 2.19909
2.79978 2.20636
2.82674 2.19334
2.81401 2.1888
2.79936 2.20643
2.79964 2.20628
2.8301 2.19168
2.79948 2.20648
2.8301 2.19168
2.79965 2.20643
2.82267 2.19535
2.80974 2.19142
2.79968 2.20627
2.80625 2.2034
2.82712 2.19315
2.8127 2.18959
2.80206 2.20545
2.79921 2.2065
2.79926 2.20648
2.80448 2.20427
2.79866 2.19805
2.80184 2.20516
2.82679 2.19331
2.82295 2.19522
2.82441 2.19449
2.79739 2.19863
2.82465 2.19437
2.82128 2.19605
2.79932 2.20644
2.82515 2.19413
2.8262 2.19361
2.82542 2.19399
2.80898 2.20205
2.7991 2.20526
2.82613 2.19364
2.79814 2.20705
2.82579 2.19381
2.7998 2.20635
2.79607 2.19943
2.82712 2.19315
2.79646 2.19906
2.79976 2.20635
2.79929 2.20646
2.79623 2.1992
2.80439 2.20431
2.79915 2.20525
2.80318 2.2049
2.7991 2.20526
2.79938 2.20642
2.82579 2.19381
2.8262 2.19361
2.79942 2.20654
2.79895 2.20678
2.79964 2.20628
2.80063 2.20595
2.80019 2.20617
2.82682 2.1933
2.79607 2.19929
2.82633 2.19354
2.80844 2.20232
2.79947 2.20649
2.82707 2.19318
2.79958 2.20647
2.79769 2.20551
2.82565 2.19388
2.79972 2.20637
2.79738 2.20559
2.82284 2.19527
2.82611 2.19365
2.82699 2.19321
2.80336 2.20481
2.79978 2.20636
2.79932 2.20645
2.7965 2.19916
2.79754 2.19838
2.82673 2.19334
2.82482 2.19429
2.79942 2.20518
2.82628 2.19357
2.80272 2.2049
2.80107 2.20573
2.80237 2.20507
2.79919 2.20651
2.82531 2.19405
2.80228 2.20512
2.79958 2.20644
2.79944 2.2065
2.8257 2.19385
2.79969 2.20638
2.82674 2.19334
2.82587 2.19377
2.80343 2.20478
2.80319 2.20489
2.79933 2.20644
2.81125 2.20093
2.82603 2.19369
2.80314 2.20492
2.79733 2.19851
2.82608 2.19366
2.82636 2.19352
2.79915 2.20668
2.81083 2.20114
2.79918 2.20667
2.82645 2.19348
2.80342 2.20478
2.79901 2.2067
2.82537 2.19402
2.79984 2.20633
2.82448 2.19446
2.79628 2.19916
2.79953 2.20646
2.80264 2.20494
2.8262 2.19361
2.79921 2.20651
2.82668 2.19337
2.82449 2.19445
2.8029 2.20504
2.82481 2.19429
2.79836 2.19823
2.80154 2.20549
2.80307 2.20496
2.79937 2.20642
2.7995 2.20647
2.79958 2.20632
2.80437 2.20432
2.79753 2.20553
2.79888 2.20677
2.79747 2.20555
2.79977 2.20634
2.82639 2.19351
2.79987 2.20632
2.82661 2.1934
2.82678 2.19332
2.79861 2.19808
2.82698 2.19322
2.8068 2.19321
2.7995 2.20647
2.82699 2.19321
2.80226 2.20536
2.79982 2.20619
2.80384 2.20434
2.81036 2.19103
2.79859 2.19809
2.82713 2.19314
2.80288 2.20505
2.79981 2.20635
2.80344 2.20477
2.81039 2.20136
2.79919 2.20651
2.80315 2.20491
2.7983 2.2073
2.80341 2.20479
2.80264 2.20494
2.80347 2.20476
2.81292 2.18946
2.79623 2.19919
2.8069 2.20308
2.79863 2.19806
2.80771 2.20268
2.79936 2.20679
2.79641 2.19922
2.80789 2.20259
2.80349 2.20475
2.80496 2.20403
2.81214 2.18994
2.80328 2.20485
2.79837 2.20727
2.79786 2.2054
2.80307 2.20496
2.80372 2.20464
2.811 2.20106
2.80172 2.20562
2.79924 2.20649
2.80981 2.20164
2.80658 2.20324
2.8035 2.20475
2.80678 2.20314
2.80072 2.20589
2.81691 2.20066
2.79985 2.20633
2.80331 2.20484
2.79642 2.19918
2.8004 2.20627
2.79904 2.20527
2.8025 2.20524
2.79647 2.19905
2.80517 2.20378
2.80154 2.20571
2.80338 2.2048
2.80319 2.2049
2.82692 2.18076
2.79622 2.1992
2.80788 2.20259
2.79936 2.20642
2.79869 2.19803
2.7975 2.20549
2.80272 2.20513
2.80999 2.20155
2.7967 2.20576
2.79768 2.2055
2.80347 2.20476
2.80294 2.20502
2.79942 2.2064
2.79755 2.20555
2.80333 2.20483
2.80326 2.20486
2.79626 2.19918
2.79737 2.20557
2.80127 2.20584
2.81089 2.20111
2.8016 2.20528
2.79982 2.20635
2.79965 2.20643
2.80216 2.2054
2.80336 2.20481
2.79627 2.19917
2.81559 2.18783
2.79961 2.20642
2.79916 2.20653
2.79625 2.19928
2.79753 2.20548
2.79813 2.2072
2.79986 2.20633
2.79953 2.20646
2.80439 2.20431
2.79797 2.20544
2.80227 2.20535
2.80073 2.20611
2.7976 2.20552
2.79634 2.19923
2.79667 2.19906
2.79932 2.20656
2.80851 2.20291
2.79977 2.20637
2.80332 2.20483
2.79932 2.20644
2.80171 2.20563
2.79871 2.19802
2.80408 2.20446
2.81555 2.20103
2.79923 2.2066
2.79899 2.20529
2.79961 2.20642
2.79914 2.20525
2.79912 2.20526
2.80338 2.2048
2.80389 2.20456
2.80205 2.19602
2.80312 2.20493
2.80325 2.20487
2.80269 2.20515
2.7965 2.19916
2.81887 2.1858
2.79948 2.20651
2.79996 2.20628
2.79748 2.2055
2.7995 2.20651
2.79956 2.20644
2.7986 2.19808
2.79989 2.20631
2.79937 2.20642
2.80398 2.20451
2.79979 2.20636
2.79765 2.20552
2.802 2.20526
2.79908 2.20657
2.79887 2.20532
2.79987 2.20632
2.80408 2.20446
2.79928 2.20646
2.7996 2.2063
2.79972 2.2064
2.79632 2.19914
2.80389 2.20456
2.80165 2.20525
2.80423 2.20439
2.80173 2.20521
2.79628 2.19916
2.80414 2.20444
2.80222 2.19592
2.79974 2.20639
2.80126 2.20585
2.80338 2.20481
2.79983 2.20634
2.79965 2.20643
2.8031 2.20494
2.8175 2.20049
2.80228 2.20535
2.79929 2.20646
2.79751 2.20549
2.80144 2.20576
2.79954 2.20645
2.80209 2.20544
2.79902 2.2066
2.79838 2.19822
2.80266 2.20516
2.79976 2.20638
2.80209 2.20544
2.81189 2.1901
2.79931 2.20656
2.79904 2.20659
2.80274 2.20512
2.80292 2.20503
2.80342 2.20478
2.80725 2.19293
2.80313 2.20492
2.79977 2.20634
2.79912 2.20525
2.80301 2.20498
2.80315 2.20492
2.80332 2.20483
2.79773 2.2055
2.80255 2.20521
2.79745 2.2055
2.80394 2.20429
2.80339 2.2048
2.8029 2.20504
2.80323 2.20487
2.80338 2.2048
2.79855 2.20692
2.80139 2.19641
2.79923 2.20649
2.79944 2.20638
2.79884 2.20523
2.80335 2.20482
2.79968 2.20639
2.79873 2.19801
2.79783 2.20735
2.81291 2.18947
2.80013 2.20617
2.81209 2.18997
2.79931 2.20645
2.79952 2.20646
2.80323 2.20488
2.79934 2.20644
2.79945 2.20653
2.80103 2.20557
2.79635 2.19922
2.80324 2.20487
2.80337 2.20481
2.79747 2.2055
2.80148 2.20534
2.79928 2.20646
2.80278 2.20487
2.80834 2.20296
2.82626 2.18118
2.80034 2.20609
2.8016 2.20546
2.80029 2.20611
2.79621 2.19931
2.79942 2.20654
2.79943 2.20651
2.79925 2.20648
2.79913 2.20654
2.80174 2.20521
2.79852 2.20686
2.79988 2.20632
2.81267 2.18962
2.80209 2.20521
2.79971 2.2064
2.7996 2.20646
2.80399 2.20426
2.80334 2.20459
2.80377 2.20437
2.79958 2.20647
2.79977 2.20637
2.80397 2.20427
2.80144 2.20554
2.80097 2.20577
2.79989 2.20631
2.79892 2.2068
2.80334 2.20458
2.79671 2.19904
2.79957 2.20632
2.79898 2.19786
2.80301 2.20475
2.79962 2.20645
2.79636 2.19922
2.79934 2.20655
2.80101 2.20576
2.8003 2.20611
2.80359 2.20446
2.79938 2.20641
2.81228 2.18985
2.80356 2.20447
2.79984 2.20633
2.80339 2.20456
2.80367 2.20442
2.79878 2.20687
2.80717 2.20326
2.79703 2.20568
2.80359 2.20446
2.79959 2.20647
2.79979 2.20636
2.79923 2.20664
2.79928 2.20662
2.80041 2.20606
2.79647 2.19916
2.79639 2.1992
2.799 2.20676
2.79749 2.20549
2.79957 2.20647
2.79983 2.20634
2.79986 2.20633
2.8004 2.20606
2.79937 2.20642
2.7983 2.19827
2.7994 2.20656
2.79754 2.20555
2.79998 2.20627
2.80019 2.20616
2.7998 2.20636
2.80009 2.20621
2.80027 2.20611
2.79974 2.20636
2.80022 2.20615
2.79909 2.20526
2.80027 2.20612
2.79938 2.20641
2.79626 2.19918
2.79947 2.20648
2.79921 2.19772
2.80033 2.20609
2.80039 2.20607
2.7977 2.20551
2.79965 2.20628
2.79933 2.20659
2.79962 2.20641
2.79621 2.19931
2.79984 2.20634
2.7992 2.20666
2.82744 2.18043
2.79892 2.2068
2.79989 2.20631
2.79955 2.20645
2.79987 2.20632
2.79961 2.20645
2.79968 2.20641
2.79967 2.20642
2.79736 2.19864
2.79883 2.19795
2.79974 2.20639
2.79988 2.20631
2.80037 2.20591
2.79762 2.20546
2.7996 2.20645
2.79945 2.2065
2.80043 2.20603
2.79885 2.20669
2.79918 2.20667
2.80198 2.20456
2.79918 2.20524
2.79641 2.19919
2.79981 2.20635
2.80144 2.20469
2.79764 2.20552
2.82566 2.18155
2.79975 2.20638
2.79959 2.20646
2.79968 2.20641
2.7998 2.20635
2.79769 2.2055
2.79973 2.20639
2.79923 2.2066
2.7998 2.20635
2.79984 2.20633
2.79608 2.1993
2.79982 2.20634
2.79965 2.20643
2.79935 2.20643
2.79967 2.20642
2.80058 2.20596
2.79987 2.20632
2.79955 2.20645
2.80181 2.20517
2.79972 2.2064
2.79626 2.19918
2.79971 2.2064
2.79973 2.20639
2.7999 2.20631
2.79981 2.20635
2.79911 2.20655
2.79933 2.20644
2.79736 2.19865
2.79759 2.20552
2.7991 2.20656
2.79989 2.20631
2.79957 2.20644
2.79989 2.20631
2.79895 2.20663
2.79914 2.20654
2.79949 2.20636
2.79936 2.20642
2.80065 2.20577
2.80113 2.20552
2.81263 2.18964
2.80171 2.20522
2.79832 2.19826
2.79733 2.19866
2.79925 2.20648
2.80858 2.20289
2.79928 2.20646
2.80163 2.20526
2.7995 2.20647
2.79927 2.20647
2.81391 2.20148
2.79934 2.20644
2.79753 2.20549
2.7993 2.20646
2.79832 2.20696
2.79652 2.19912
2.79905 2.20527
2.79941 2.20652
2.80031 2.20594
2.8007 2.20574
2.80121 2.20566
2.79934 2.20644
2.79845 2.20689
2.80133 2.20542
2.80103 2.20557
2.79921 2.2065
2.79962 2.20629
2.8018 2.20518
2.79929 2.20646
2.79935 2.20643
2.79969 2.20626
2.79885 2.20669
2.79935 2.20643
2.79929 2.20646
2.79931 2.20645
2.79963 2.20641
2.79943 2.20639
2.79953 2.20634
2.79952 2.20635
2.7995 2.20636
2.80676 2.19323
2.79932 2.20644
2.80097 2.20578
2.79637 2.19921
2.79933 2.20644
2.81208 2.18998
2.79893 2.20664
2.79873 2.19801
2.79927 2.20647
2.79926 2.20647
2.79911 2.20655
2.79752 2.20549
2.79931 2.20645
2.79656 2.19912
2.79918 2.20652
2.79929 2.20646
2.79934 2.20654
2.79925 2.20648
2.79764 2.20551
2.79935 2.20643
2.79868 2.20536
2.79936 2.20643
2.7992 2.20651
2.79954 2.20645
2.79952 2.20646
2.7993 2.20645
2.79958 2.20643
2.79931 2.20645
2.79975 2.20636
2.79624 2.19919
2.79938 2.20641
2.79946 2.20649
2.79876 2.20682
2.79921 2.20661
2.79955 2.20645
2.7995 2.20647
2.80837 2.20295
2.79895 2.20673
2.79761 2.20547
2.82646 2.18105
2.79963 2.20641
2.79958 2.20643
2.79909 2.20526
2.80054 2.20598
2.79949 2.20647
2.80085 2.20583
2.79955 2.20645
2.80123 2.20565
2.81265 2.18963
2.80122 2.20565
2.8002 2.20614
2.80069 2.20591
2.79758 2.20547
2.7992 2.20662
2.79975 2.20635
2.801 2.20576
2.79736 2.20553
2.79952 2.20646
2.80099 2.20577
2.79738 2.20559
2.8011 2.20571
2.80107 2.20573
2.79956 2.20644
2.79636 2.19925
2.79955 2.20645
2.79954 2.20645
2.79764 2.20546
2.79903 2.20669
2.79956 2.20644
2.79957 2.20644
2.79958 2.20644
2.79948 2.20648
2.79974 2.20636
2.79943 2.20651
2.79918 2.20662
2.79931 2.20656
2.79941 2.20652
2.79942 2.20651
2.79959 2.20643
2.79958 2.20643
2.79948 2.20648
2.81076 2.19079
2.79957 2.20644
2.79956 2.20644
2.80858 2.20289
2.79956 2.20644
2.79618 2.19923
2.79949 2.20648
2.79957 2.20644
2.79765 2.20552
2.79766 2.20551
2.79939 2.20652
2.79858 2.20529
2.79947 2.20648
2.79956 2.20644
2.79943 2.2065
2.79766 2.20552
2.7993 2.20656
2.79873 2.20526
2.79955 2.20644
2.79955 2.20645
2.79957 2.20644
2.79946 2.20649
2.79947 2.20648
2.79956 2.20644
2.79954 2.20645
2.79957 2.20644
2.79959 2.20643
2.79957 2.20644
2.79958 2.20643
2.79954 2.20645
2.79959 2.20643
2.79959 2.20643
2.79641 2.19919
2.80361 2.19508
2.79916 2.20515
2.79894 2.2053
2.81274 2.18957
2.79646 2.19905
2.8147 2.18837
2.82332 2.18302
2.82715 2.18062
2.82482 2.18208
2.81457 2.18846
2.79865 2.19806
2.79964 2.19747
2.82416 2.1825
2.79769 2.19828
2.81214 2.18994
2.82703 2.18069
2.8128 2.18954
2.82764 2.18031
2.79725 2.19871
2.79917 2.20524
2.81259 2.18967
2.79577 2.19961
2.81284 2.18951
2.81479 2.18832
2.79635 2.19926
2.79758 2.20552
2.81275 2.18956
2.82054 2.18476
2.79913 2.20525
2.7966 2.1991
2.7972 2.19874
2.80827 2.20298
2.79859 2.19809
2.81295 2.18945
2.80372 2.19507
2.79817 2.19834
2.81296 2.18944
2.79829 2.19828
2.7963 2.19915
2.79905 2.19782
2.79898 2.20529
2.81438 2.18857
2.82343 2.18295
2.81132 2.19045
2.80739 2.19285
2.81261 2.18966
2.7964 2.19919
2.79632 2.19924
2.79862 2.19808
2.79761 2.20552
2.81291 2.18947
2.8275 2.18039
2.81288 2.18949
2.79712 2.19878
2.79876 2.19799
2.81276 2.18956
2.8066 2.19333
2.79872 2.19801
2.82087 2.18455
2.81231 2.18984
2.80863 2.20288
2.79904 2.19783
2.79633 2.19927
2.80976 2.19141
2.79915 2.20525
2.79657 2.19912
2.79873 2.19801
2.79742 2.1986
2.79613 2.19926
2.7982 2.19832
2.81269 2.1896
2.81148 2.19035
2.7965 2.19914
2.79929 2.19768
2.80776 2.19263
2.79642 2.19921
2.80911 2.20276
2.79787 2.19852
2.79869 2.19804
2.79868 2.19804
2.7975 2.20549
2.79868 2.19804
2.81273 2.18958
2.81453 2.18848
2.79671 2.19922
2.79621 2.19921
2.81219 2.18991
2.79827 2.19828
2.82085 2.18457
2.79651 2.19916
2.7963 2.19916
2.79651 2.19916
2.82465 2.18219
2.79605 2.1994
2.81234 2.18981
2.81251 2.18972
2.79861 2.19808
2.80895 2.19189
2.79751 2.20549
2.82573 2.18151
2.7987 2.19802
2.8035 2.19515
2.79864 2.19806
2.82626 2.18118
2.79809 2.19839
2.79589 2.19941
2.79638 2.19921
2.81055 2.19091
2.81243 2.18976
2.79734 2.1985
2.81192 2.19008
2.81457 2.18846
2.79768 2.20552
2.79838 2.19822
2.81075 2.1908
2.79872 2.19801
2.81066 2.19085
2.80226 2.1959
2.79573 2.19952
2.79865 2.19805
2.81172 2.1902
2.81316 2.18932
2.79638 2.19921
2.81151 2.19033
2.79626 2.19918
2.81459 2.18844
2.81284 2.18952
2.79627 2.19917
2.79621 2.19921
2.81361 2.18905
2.79627 2.19917
2.79638 2.1992
2.79846 2.20524
2.79658 2.19911
2.81428 2.18863
2.81383 2.18891
2.79621 2.19921
2.79822 2.19832
2.81411 2.18874
2.79852 2.19813
2.79776 2.2055
2.79751 2.20554
2.79872 2.19801
2.79822 2.19831
2.79653 2.19914
2.7962 2.19934
2.79604 2.19932
2.7972 2.20561
2.81271 2.18959
2.80856 2.2029
2.79774 2.2055
2.79645 2.19906
2.79875 2.19799
2.81472 2.18836
2.81294 2.18945
2.80826 2.20298
2.79654 2.19911
2.81042 2.19099
2.79631 2.19924
2.79758 2.20554
2.81282 2.18952
2.79641 2.19919
2.8128 2.18953
2.79935 2.19764
2.81043 2.19099
2.7964 2.1992
2.81292 2.18946
2.79863 2.19807
2.80943 2.1916
2.79622 2.19933
2.81295 2.18944
2.8025 2.19575
2.81176 2.19018
2.8116 2.19027
2.81235 2.18982
2.79652 2.19912
2.79857 2.1981
2.81236 2.18981
2.81256 2.18968
2.81239 2.18979
2.79632 2.19927
2.79604 2.19945
2.81269 2.1896
2.79678 2.19899
2.81276 2.18956
2.79868 2.19804
2.79752 2.20549
2.79635 2.19922
2.79753 2.20549
2.81291 2.18947
2.79641 2.19922
2.81189 2.19009
2.81205 2.18999
2.81292 2.18946
2.7965 2.19914
2.79868 2.19803
2.79631 2.19924
2.79653 2.19914
2.81191 2.19008
2.81156 2.1903
2.7964 2.19922
2.81037 2.19102
2.79629 2.19916
2.79624 2.19932
2.81126 2.19048
2.81243 2.18976
2.79875 2.19799
2.7983 2.19807
2.81257 2.18968
2.81277 2.18955
2.79809 2.1982
2.81185 2.19012
2.79755 2.20548
2.79803 2.19823
2.79641 2.19919
2.79633 2.19923
2.79793 2.20545
2.79896 2.19766
2.79627 2.19917
2.81179 2.19015
2.79657 2.19912
2.79619 2.19932
2.79652 2.19915
2.81271 2.18959
2.79873 2.19801
2.79858 2.19809
2.80342 2.1952
2.79745 2.2055
2.79827 2.19828
2.79855 2.19811
2.79846 2.19817
2.81254 2.1897
2.80241 2.20445
2.81262 2.18965
2.79642 2.19918
2.79616 2.19924
2.79639 2.1992
2.81257 2.18967
2.81272 2.18959
2.79657 2.19912
2.79629 2.19916
2.79917 2.20524
2.79638 2.19921
2.79825 2.1981
2.7964 2.1992
2.81238 2.18979
2.79619 2.19922
2.79715 2.19862
2.79837 2.19822
2.81288 2.18949
2.79841 2.1982
2.81282 2.18953
2.79889 2.19792
2.79772 2.2055
2.79851 2.19814
2.79639 2.1992
2.79657 2.19912
2.8125 2.18972
2.81237 2.1898
2.79929 2.19768
2.79653 2.19912
2.81255 2.18969
2.79829 2.20537
2.79776 2.19824
2.8125 2.18972
2.81295 2.18944
2.79659 2.19911
2.79866 2.19805
2.81286 2.1895
2.79802 2.19843
2.81295 2.18945
2.7984 2.19821
2.79655 2.19913
2.80348 2.19516
2.79937 2.19763
2.8029 2.19551
2.79818 2.20539
2.79618 2.19923
2.79641 2.19919
2.79871 2.19802
2.79825 2.1981
2.79875 2.198
2.80081 2.19677
2.79872 2.19801
2.79629 2.19916
2.80129 2.19647
2.79628 2.19947
2.8014 2.19641
2.79876 2.19799
2.79763 2.19867
2.79924 2.19771
2.80341 2.1952
2.79863 2.19807
2.79654 2.19914
2.80361 2.19508
2.79634 2.19913
2.79569 2.19983
2.79638 2.19921
2.79851 2.19814
2.80864 2.20288
2.79629 2.19916
2.7989 2.19791
2.79874 2.198
2.80326 2.19529
2.7977 2.19863
2.80061 2.19688
2.80073 2.19681
2.80651 2.20343
2.80173 2.19621
2.7971 2.19879
2.79865 2.19805
2.79627 2.19931
2.79691 2.1991
2.79655 2.19913
2.79759 2.19869
2.79667 2.19906
2.7987 2.19803
2.79858 2.1981
2.79628 2.19916
2.80266 2.19565
2.79843 2.19819
2.79817 2.20539
2.79632 2.19914
2.79882 2.20533
2.79925 2.1977
2.79628 2.19916
2.79641 2.19919
2.79772 2.2055
2.8032 2.19533
2.803 2.19545
2.79639 2.1992
2.8033 2.19527
2.79711 2.2056
2.79629 2.19916
2.80302 2.19543
2.79615 2.19934
2.8032 2.19533
2.79763 2.19832
2.79796 2.19847
2.79634 2.19926
2.79859 2.19809
2.79861 2.19808
2.79593 2.19951
2.7977 2.20551
2.79628 2.19917
2.7971 2.19898
2.79867 2.19804
2.79626 2.19927
2.79769 2.19863
2.79911 2.19778
2.79862 2.19807
2.80703 2.20329
2.79854 2.19812
2.79505 2.20005
2.79828 2.19828
2.79642 2.19918
2.79839 2.19821
2.79626 2.19917
2.79664 2.19908
2.79931 2.19766
2.79641 2.19919
2.79765 2.20546
2.7966 2.1991
2.79887 2.19793
2.79654 2.19914
2.79787 2.19833
2.79642 2.19918
2.79915 2.20525
2.79912 2.19778
2.79931 2.19766
2.79868 2.19803
2.7965 2.19916
2.799 2.19785
2.79568 2.19955
2.8086 2.20289
2.79742 2.19879
2.79869 2.19803
2.79916 2.19776
2.79935 2.19764
2.79875 2.19799
2.79825 2.19829
2.79614 2.19925
2.79875 2.198
2.79753 2.19873
2.79639 2.1992
2.79792 2.19849
2.79826 2.19828
2.79783 2.20548
2.79652 2.19915
2.79792 2.19849
2.79616 2.19924
2.79636 2.19925
2.79625 2.19928
2.79743 2.19844
2.79842 2.19819
2.79872 2.19801
2.79855 2.19812
2.79844 2.19818
2.79627 2.19917
2.79863 2.19807
2.79653 2.19912
2.79857 2.1981
2.79847 2.19816
2.7987 2.19803
2.79699 2.19886
2.79868 2.19804
2.7987 2.19803
2.79642 2.19918
2.79856 2.19811
2.79865 2.19805
2.799 2.20519
2.79866 2.19805
2.7982 2.19832
2.79903 2.19762
2.798 2.19844
2.79875 2.198
2.79625 2.19928
2.79634 2.19926
2.79857 2.1981
2.79861 2.19808
2.79753 2.20548
2.79751 2.20549
2.79742 2.19845
2.79869 2.19803
2.79621 2.19921
2.79633 2.19913
2.79868 2.19804
2.79647 2.19915
2.79762 2.19833
2.79536 2.19986
2.79625 2.19918
2.79847 2.19816
2.7985 2.19815
2.7987 2.19802
2.79606 2.19931
2.79627 2.19917
2.79728 2.19854
2.79855 2.19812
2.79629 2.19916
2.7958 2.19954
2.79869 2.19803
2.79756 2.19837
2.79736 2.20553
2.79876 2.19799
2.79638 2.19924
2.7969 2.19892
2.79624 2.19919
2.81523 2.20112
2.79833 2.19805
2.79687 2.19894
2.79755 2.20553
2.7968 2.19898
2.79763 2.19848
2.79893 2.19768
2.79759 2.20552
2.79632 2.19927
2.79903 2.19762
2.79632 2.19924
2.7973 2.19868
2.79756 2.20554
2.79632 2.19924
2.79647 2.19918
2.79622 2.1992
2.79615 2.19925
2.79771 2.19827
2.79688 2.19893
2.79792 2.1983
2.79836 2.20527
2.79885 2.19773
2.79626 2.19918
2.79649 2.19917
2.79629 2.19916
2.79643 2.19921
2.79632 2.19924
2.79654 2.19914
2.79893 2.19768
2.79648 2.19917
2.79753 2.19854
2.79748 2.19841
2.79743 2.1986
2.79725 2.19871
2.7966 2.1991
2.7966 2.1991
2.79568 2.19967
2.79736 2.20557
2.79602 2.19946
2.79657 2.19912
2.79867 2.19784
2.79858 2.19789
2.79574 2.19963
2.79633 2.19924
2.80911 2.20276
2.79763 2.19832
2.79675 2.19901
2.7963 2.19916
2.79685 2.19895
2.79657 2.19912
2.7987 2.19782
2.80765 2.20314
2.79887 2.19772
2.79594 2.19951
2.7971 2.20574
2.79882 2.19775
2.79639 2.1992
2.79654 2.19914
2.79557 2.19973
2.80878 2.20284
2.79652 2.19915
2.79626 2.19918
2.79654 2.19914
2.79687 2.19894
2.79624 2.19933
2.79627 2.19917
2.79644 2.19907
2.79655 2.19913
2.79607 2.19943
2.79672 2.19903
2.79653 2.19915
2.79642 2.19918
2.79578 2.19948
2.79688 2.19894
2.79629 2.19916
2.79631 2.19928
2.79664 2.19908
2.79678 2.19899
2.79672 2.19903
2.79683 2.19895
2.7968 2.19898
2.79683 2.19896
2.79687 2.19894
2.7977 2.20551
2.79657 2.19912
2.79618 2.19936
2.79635 2.19925
2.79602 2.19946
2.7966 2.1991
2.79639 2.1992
2.79638 2.19924
2.79633 2.19927
2.79761 2.20553
2.79659 2.19911
2.79643 2.1992
2.80851 2.20291
2.79648 2.19918
2.79647 2.19918
2.79625 2.19919
2.79651 2.19916
2.79656 2.19913
2.79624 2.19919
2.79601 2.19942
2.79643 2.1992
2.79656 2.19912
2.79637 2.19924
2.79634 2.19923
2.79693 2.19889
2.79598 2.19936
2.79617 2.19936
2.79771 2.20551
2.79655 2.19913
2.79652 2.19915
2.79536 2.19974
2.79622 2.1992
2.79656 2.19912
2.79658 2.19911
2.7974 2.19862
2.7991 2.20526
2.79649 2.19917
2.79652 2.19915
2.7965 2.19916
2.79654 2.19914
2.79658 2.19911
2.79655 2.19913
2.7962 2.19922
2.79656 2.19912
2.79628 2.19916
2.79651 2.19916
2.79656 2.19913
2.79646 2.19919
2.7966 2.1991
2.79628 2.19917
2.79647 2.19918
2.79909 2.20527
2.79653 2.19915
2.79642 2.19918
2.7964 2.19919
2.79653 2.19914
2.79737 2.20553
2.79651 2.19916
2.79655 2.19913
2.80858 2.20289
2.79629 2.19916
2.79614 2.19925
2.79627 2.19917
2.79913 2.20525
2.79641 2.19919
2.7966 2.1991
2.79615 2.19925
2.79705 2.19868
2.79638 2.19921
2.79555 2.19963
2.79644 2.19907
2.79769 2.19828
2.79656 2.19899
2.79622 2.1992
2.79624 2.19919
2.79629 2.19916
2.79537 2.19974
2.79765 2.19831
2.79637 2.19921
2.79623 2.1992
2.79627 2.19917
2.80754 2.20316
2.79624 2.19919
2.79566 2.19956
2.79754 2.19838
2.79636 2.19912
2.79618 2.19923
2.79679 2.19885
2.79739 2.19863
2.80532 2.20374
2.80834 2.20296
2.79679 2.19885
2.79719 2.1986
2.79574 2.19951
2.79628 2.19917
2.79709 2.19866
2.79731 2.19852
2.79747 2.19842
2.79728 2.19854
2.7959 2.19941
2.79607 2.1993
2.79624 2.19919
2.79619 2.19922
2.79645 2.19906
2.79646 2.19906
2.79812 2.20541
2.79648 2.19904
2.79957 2.20515
2.79597 2.19936
2.79756 2.20548
2.79624 2.19919
2.79628 2.19917
2.79867 2.20537
2.79637 2.19911
2.79617 2.19924
2.79621 2.19921
2.79619 2.19923
2.79628 2.19916
2.79625 2.19919
2.79638 2.1991
2.79638 2.19911
2.7964 2.19909
2.79637 2.19911
2.79626 2.19918
2.80907 2.20277
2.79643 2.19907
2.7962 2.19922
2.79643 2.19907
2.79604 2.19931
2.79603 2.19932
2.79608 2.19929
2.79629 2.19916
2.79613 2.19926
2.79604 2.19931
2.79624 2.19919
2.79613 2.19926
2.79627 2.19917
2.79627 2.19927
2.79615 2.19925
2.79622 2.1992
2.79752 2.20549
2.79626 2.19917
2.79624 2.19919
2.79628 2.19917
2.79627 2.19917
2.79628 2.19917
2.79628 2.19916
2.79604 2.19932
2.79623 2.19919
2.79626 2.19917
2.79613 2.19926
2.79639 2.1992
2.79627 2.19917
2.79618 2.19923
2.79624 2.19919
2.79623 2.19919
2.79625 2.19918
2.79718 2.20564
2.79625 2.19918
2.79638 2.1992
2.79626 2.19917
2.79619 2.19922
2.79614 2.19925
2.79628 2.19916
2.79625 2.19918
2.7975 2.20549
2.79625 2.19918
2.79625 2.19918
2.7963 2.19915
2.79627 2.19917
2.79629 2.19916
2.79609 2.19937
2.79634 2.19923
2.79654 2.19912
2.79737 2.19864
2.79592 2.19947
2.79619 2.19931
2.79735 2.19865
2.7966 2.19908
2.79637 2.19921
2.79645 2.19917
2.79641 2.19919
2.79637 2.19921
2.7974 2.19862
2.79735 2.19865
2.79718 2.19875
2.79695 2.19888
2.79675 2.199
2.81562 2.20101
2.79681 2.19896
2.79641 2.19919
2.79631 2.19925
2.79642 2.19918
2.79721 2.19873
2.79717 2.19876
2.79708 2.19881
2.79727 2.1987
2.79638 2.19921
2.79768 2.20551
2.79726 2.1987
2.79727 2.1987
2.79635 2.19922
2.7964 2.19919
2.79739 2.19863
2.79634 2.19923
2.79644 2.19917
2.7964 2.1992
2.79653 2.19912
2.79627 2.19927
2.7964 2.19919
2.79761 2.20552
2.79649 2.19914
2.80846 2.20292
2.7964 2.19919
2.79646 2.19916
2.79644 2.19917
2.79649 2.19914
2.79752 2.20549
2.7964 2.19919
2.79647 2.19916
2.79651 2.19913
2.79906 2.20527
2.79615 2.19934
2.7964 2.19919
2.79641 2.19919
2.79638 2.1992
2.79759 2.20552
2.79617 2.19932
2.79628 2.19926
2.79631 2.19925
2.79632 2.19924
2.79634 2.19923
2.79641 2.19919
2.79637 2.19921
2.79637 2.19921
2.79641 2.19919
2.7964 2.19919
2.79636 2.19922
2.79641 2.19919
2.7963 2.19925
2.79641 2.19919
2.79633 2.19924
2.7964 2.19919
2.79735 2.2056
2.79639 2.1992
2.79641 2.19919
2.79636 2.19922
2.7964 2.19919
2.79639 2.1992
2.7964 2.19919
2.79639 2.1992
2.7964 2.19919
2.79641 2.19919
2.7964 2.19919
2.79636 2.19922
2.79642 2.19918
2.79633 2.19924
2.79767 2.20552
2.79641 2.19919
2.79642 2.19918
2.79641 2.19919
2.79639 2.1992
2.79638 2.19921
2.79638 2.1992
2.79639 2.1992
2.80695 2.20332
2.7964 2.19919
2.79761 2.20552
2.7964 2.19919
2.79641 2.19919
2.79641 2.19919
2.79642 2.19918
2.79642 2.19918
2.79761 2.20552
2.79848 2.20524
2.80241 2.20445
2.81807 2.20034
2.8085 2.20291
2.79764 2.20546
2.8098 2.20257
2.8181 2.20033
2.79743 2.20551
2.79907 2.20527
2.79761 2.20552
2.80241 2.20448
2.81655 2.20076
2.80823 2.20298
2.79906 2.20527
2.79917 2.20524
2.81834 2.20026
2.7991 2.20526
2.81611 2.20088
2.81802 2.20035
2.80854 2.2029
2.8084 2.20294
2.79705 2.20567
2.81272 2.2018
2.80986 2.20256
2.80786 2.20308
2.79757 2.20554
2.8085 2.20291
2.79773 2.2055
2.81194 2.20201
2.81435 2.20136
2.79813 2.2054
2.80367 2.20416
2.80863 2.20288
2.79776 2.20558
2.80248 2.20446
2.79753 2.20548
2.80958 2.20263
2.79732 2.2056
2.8081 2.20302
2.80181 2.2046
2.80493 2.20384
2.79755 2.20553
2.80788 2.20308
2.80838 2.20294
2.7976 2.20552
2.80847 2.20292
2.81039 2.20242
2.79948 2.20517
2.79757 2.20552
2.80453 2.20394
2.80787 2.20308
2.80484 2.20386
2.79917 2.20524
2.81258 2.20184
2.81764 2.20046
2.79771 2.20551
2.80819 2.20299
2.79829 2.20529
2.79911 2.20526
2.8082 2.20299
2.79755 2.20555
2.7975 2.20554
2.79771 2.20551
2.79915 2.20525
2.79742 2.20551
2.81622 2.20085
2.81847 2.20023
2.79912 2.20526
2.79912 2.20526
2.79751 2.20549
2.80629 2.20349
2.80968 2.2026
2.81234 2.2019
2.81458 2.2013
2.79769 2.2055
2.80813 2.20301
2.79885 2.20532
2.80841 2.20294
2.8139 2.20148
2.81543 2.20106
2.79767 2.20552
2.79767 2.20552
2.81643 2.20079
2.80855 2.2029
2.80797 2.20305
2.79916 2.20525
2.79749 2.20556
2.81621 2.20085
2.80848 2.20292
2.80597 2.20357
2.79907 2.20527
2.79913 2.20525
2.80233 2.20447
2.81751 2.20049
2.8183 2.20027
2.79861 2.20538
2.79754 2.20548
2.79726 2.20555
2.80451 2.20395
2.79757 2.20553
2.80829 2.20297
2.80795 2.20306
2.80194 2.20457
2.79892 2.2053
2.80844 2.20293
2.80711 2.20328
2.8015 2.20467
2.80649 2.20344
2.80934 2.2027
2.8017 2.20462
2.79914 2.20525
2.8081 2.20302
2.79918 2.20524
2.799 2.20528
2.80768 2.20313
2.79885 2.20532
2.79746 2.20555
2.79751 2.20549
2.80837 2.20295
2.79751 2.20549
2.79771 2.20551
2.79774 2.2055
2.8079 2.20307
2.80973 2.20259
2.80849 2.20292
2.79753 2.20549
2.79734 2.20558
2.80878 2.20284
2.79846 2.20524
2.79752 2.20549
2.80985 2.20256
2.80831 2.20296
2.79748 2.2055
2.79904 2.20518
2.79772 2.2055
2.80885 2.20282
2.80244 2.20444
2.80922 2.20273
2.8083 2.20297
2.80918 2.20274
2.79747 2.2055
2.79738 2.20552
2.80934 2.20269
2.7975 2.20549
2.79881 2.20533
2.79958 2.20514
2.80952 2.20265
2.79898 2.20529
2.80941 2.20268
2.79901 2.20528
2.8023 2.20447
2.80938 2.20268
2.79769 2.20551
2.80942 2.20267
2.79761 2.20553
2.80954 2.20264
2.80847 2.20292
2.79764 2.20546
2.80797 2.20305
2.80954 2.20264
2.79757 2.20553
2.80969 2.2026
2.80137 2.20471
2.80982 2.20257
2.80685 2.20334
2.79765 2.20546
2.80596 2.20357
2.80768 2.20313
2.80028 2.20498
2.79976 2.2051
2.80863 2.20288
2.80816 2.203
2.79844 2.20525
2.79786 2.20547
2.80861 2.20288
2.79748 2.2055
2.80855 2.2029
2.7976 2.20552
2.80855 2.2029
2.80617 2.20352
2.79773 2.2055
2.79956 2.20515
2.8085 2.20291
2.80696 2.20332
2.80861 2.20288
2.79917 2.20524
2.79909 2.20526
2.80764 2.20314
2.79746 2.2055
2.79748 2.20556
2.8075 2.20317
2.79751 2.20549
2.80167 2.20463
2.79712 2.20559
2.80715 2.20326
2.80784 2.20309
2.80773 2.20311
2.80826 2.20298
2.80795 2.20306
2.80809 2.20302
2.80863 2.20288
2.79768 2.2055
2.79712 2.20559
2.79953 2.20516
2.79905 2.20527
2.80824 2.20298
2.80838 2.20295
2.79755 2.20555
2.79736 2.20559
2.8085 2.20291
2.79785 2.20547
2.80831 2.20296
2.79756 2.20553
2.80861 2.20288
2.799 2.20529
2.80744 2.20319
2.7976 2.20547
2.79912 2.20525
2.79761 2.20552
2.7975 2.20549
2.79733 2.20558
2.80847 2.20292
2.80771 2.20312
2.80842 2.20293
2.7976 2.20553
2.79767 2.20552
2.79887 2.20522
2.80851 2.20291
2.7982 2.20539
2.79895 2.2053
2.79869 2.20526
2.79755 2.20553
2.79746 2.2055
2.79915 2.20525
2.79931 2.20511
2.79755 2.20553
2.80793 2.20306
2.79768 2.20551
2.80847 2.20292
2.79915 2.20525
2.79906 2.20527
2.80228 2.20448
2.80819 2.20299
2.80832 2.20296
2.80211 2.20452
2.7976 2.20552
2.79745 2.20557
2.80836 2.20295
2.80842 2.20293
2.79915 2.20525
2.80848 2.20292
2.79759 2.20552
2.80845 2.20293
2.80757 2.20315
2.79892 2.2053
2.79894 2.2053
2.79926 2.20522
2.79753 2.20549
2.7986 2.20538
2.79767 2.20552
2.80825 2.20298
2.79952 2.20516
2.80861 2.20288
2.79769 2.2055
2.80836 2.20295
2.79773 2.2055
2.7991 2.20526
2.80849 2.20292
2.80857 2.20289
2.79931 2.20511
2.7977 2.2055
2.7976 2.20552
2.80863 2.20288
2.79888 2.20532
2.79893 2.2053
2.7977 2.20551
2.80148 2.20468
2.79958 2.20515
2.80193 2.20457
2.79761 2.20552
2.79917 2.20524
2.80054 2.20491
2.80086 2.20483
2.80093 2.20481
2.79917 2.20524
2.79842 2.20543
2.79949 2.20517
2.80228 2.20448
2.79909 2.20526
2.79712 2.20574
2.79901 2.20528
2.79791 2.20555
2.79752 2.20549
2.80218 2.20451
2.8017 2.20462
2.79839 2.20543
2.79918 2.20524
2.80116 2.20476
2.79807 2.20542
2.79772 2.2055
2.7991 2.20526
2.79753 2.20548
2.79878 2.20534
2.79839 2.20543
2.79778 2.20549
2.79913 2.20525
2.79905 2.20527
2.80093 2.20481
2.79752 2.20549
2.80177 2.20461
2.79917 2.20524
2.79749 2.2055
2.79895 2.2053
2.7995 2.20517
2.80213 2.20452
2.802 2.20455
2.79908 2.20527
2.8022 2.2045
2.79829 2.20546
2.80201 2.20455
2.7977 2.20551
2.79864 2.20537
2.79766 2.20551
2.79912 2.20525
2.79762 2.20551
2.79906 2.20527
2.79908 2.20527
2.79772 2.2055
2.79953 2.20516
2.79729 2.20561
2.79869 2.20536
2.79752 2.20549
2.79807 2.20551
2.79771 2.20551
2.7991 2.20526
2.79932 2.20521
2.79903 2.20528
2.79764 2.20552
2.79916 2.20525
2.79886 2.20532
2.79893 2.2053
2.79751 2.20549
2.79776 2.2055
2.79954 2.20516
2.79758 2.20554
2.7976 2.20552
2.79757 2.20553
2.79773 2.2055
2.79925 2.20523
2.79937 2.2052
2.79769 2.20551
2.79761 2.20552
2.79773 2.2055
2.79747 2.20555
2.79941 2.20519
2.79954 2.20515
2.79762 2.20546
2.79943 2.20518
2.79828 2.20546
2.79944 2.20518
2.79895 2.2053
2.79764 2.20552
2.79948 2.20517
2.79957 2.20515
2.79886 2.20532
2.79883 2.20533
2.79902 2.20528
2.79869 2.20536
2.79916 2.20524
2.79771 2.20551
2.79768 2.20551
2.79861 2.20538
2.79744 2.20551
2.79758 2.20554
2.7974 2.20552
2.79887 2.20531
2.79915 2.20525
2.79903 2.20528
2.79896 2.20529
2.79751 2.20549
2.79909 2.20526
2.79769 2.2055
2.79905 2.20527
2.79913 2.20525
2.79904 2.20527
2.7986 2.20538
2.7991 2.20526
2.79911 2.20526
2.7988 2.20533
2.79935 2.2051
2.79913 2.20525
2.79892 2.2053
2.79751 2.20549
2.7975 2.20554
2.79905 2.20527
2.7991 2.20526
2.79828 2.20529
2.79913 2.20525
2.79747 2.2055
2.79765 2.20551
2.79841 2.20526
2.7975 2.20549
2.79759 2.20552
2.79907 2.20527
2.79751 2.20549
2.79773 2.2055
2.79913 2.20525
2.79917 2.20524
2.79759 2.20554
2.79749 2.20549
2.79792 2.20546
2.79786 2.20547
2.79755 2.20555
2.79755 2.20553
2.79671 2.20576
2.79748 2.2055
2.79743 2.20551
2.79847 2.20524
2.79792 2.20546
2.79924 2.20513
2.79766 2.20552
2.79753 2.20549
2.7977 2.20551
2.79938 2.20509
2.79911 2.20516
2.79778 2.20549
2.79929 2.20511
2.79937 2.20509
2.79839 2.20534
2.79771 2.20551
2.79773 2.2055
2.79773 2.2055
2.79734 2.2056
2.79771 2.2055
2.79912 2.20516
2.7976 2.20552
2.79861 2.20528
2.79898 2.20519
2.79716 2.20565
2.79842 2.20525
2.79762 2.20553
2.79921 2.20513
2.79758 2.20554
2.79914 2.20515
2.79925 2.20512
2.79921 2.20513
2.79935 2.2051
2.79759 2.20552
2.79747 2.20557
2.79768 2.20551
2.79762 2.20553
2.79769 2.20551
2.79792 2.20546
2.79749 2.2055
2.79749 2.20556
2.79751 2.20549
2.79794 2.20545
2.7977 2.20551
2.79761 2.20552
2.79771 2.20551
2.79772 2.2055
2.79794 2.20545
2.79781 2.20548
2.79777 2.20549
2.79783 2.20548
2.79785 2.20547
2.79788 2.20547
2.7977 2.20551
2.79787 2.20547
2.79789 2.20546
2.79791 2.20546
2.79766 2.20552
2.79772 2.2055
2.79772 2.2055
2.79764 2.20546
2.79751 2.20556
2.79771 2.20551
2.79746 2.20557
2.79757 2.20554
2.79746 2.20557
2.79759 2.20554
2.79773 2.2055
2.79772 2.2055
2.79762 2.20553
2.79763 2.20553
2.79765 2.20552
2.7975 2.20549
2.79771 2.20551
2.79749 2.2055
2.79773 2.2055
2.79793 2.20538
2.79764 2.20552
2.79771 2.20551
2.79758 2.20554
2.79756 2.20553
2.79795 2.20544
2.79768 2.20551
2.79691 2.20565
2.79761 2.20553
2.79748 2.2055
2.79762 2.20553
2.79772 2.2055
2.79765 2.20552
2.79768 2.20551
2.79759 2.20552
2.79768 2.20551
2.7977 2.20551
2.7977 2.20551
2.79747 2.2055
2.79771 2.20551
2.7976 2.20552
2.79771 2.20551
2.79771 2.20551
2.79773 2.2055
2.79765 2.20552
2.79807 2.20542
2.79756 2.20554
2.79768 2.20551
2.7976 2.20552
2.79766 2.20552
2.79808 2.20541
2.79774 2.2055
2.7977 2.20551
2.79772 2.2055
2.79742 2.20551
2.79751 2.20549
2.79761 2.20552
2.79773 2.2055
2.79822 2.20531
2.79794 2.20538
2.79752 2.20549
2.79804 2.20535
2.79703 2.20562
2.79763 2.20546
2.79771 2.20544
2.7985 2.20523
2.79692 2.20565
2.79843 2.20525
2.79758 2.20552
2.79749 2.2055
2.79751 2.20549
2.79752 2.20549
2.79836 2.20527
2.79757 2.20547
2.7979 2.20539
2.79806 2.20535
2.79826 2.20537
2.79752 2.20549
2.79716 2.20558
2.79718 2.20558
2.79821 2.20531
2.79819 2.20531
2.79746 2.2055
2.79829 2.20529
2.79763 2.20546
2.7975 2.20549
2.79838 2.20526
2.79726 2.20555
2.7985 2.20523
2.7975 2.20549
2.79746 2.2055
2.79738 2.20552
2.79732 2.20554
2.79752 2.20549
2.79749 2.2055
2.7975 2.20549
2.79744 2.20551
2.79746 2.20551
2.79752 2.20549
2.79755 2.20548
2.79759 2.20547
2.79759 2.20547
2.79761 2.20547
2.79762 2.20546
2.79752 2.20554
2.79746 2.2055
2.79816 2.2054
2.79744 2.20551
2.79749 2.2055
2.79738 2.20552
2.79736 2.20553
2.79736 2.20553
2.79745 2.2055
2.79752 2.20549
2.79748 2.2055
2.79751 2.20549
2.79736 2.20553
2.79751 2.20549
2.79751 2.20549
2.79749 2.20549
2.79751 2.20549
2.7975 2.20549
2.79752 2.20549
2.79746 2.2055
2.79752 2.20549
2.7975 2.20549
2.7975 2.20549
2.7975 2.20549
2.79752 2.20549
2.79756 2.20553
2.79824 2.20538
2.79746 2.20555
2.79758 2.20552
2.79758 2.20552
2.79827 2.20537
2.79823 2.20538
2.79812 2.20541
2.79786 2.20546
2.79783 2.20547
2.79788 2.20546
2.79805 2.20542
2.79754 2.20553
2.79761 2.20552
2.79746 2.20555
2.7976 2.20552
2.79796 2.20544
2.79811 2.20541
2.79738 2.20557
2.79805 2.20542
2.79768 2.2055
2.7982 2.20539
2.79818 2.20539
2.79759 2.20552
2.79822 2.20538
2.79757 2.20553
2.7976 2.20552
2.79826 2.20537
2.79761 2.20552
2.79756 2.20553
2.79763 2.20551
2.7976 2.20552
2.79759 2.20552
2.7976 2.20552
2.79765 2.20551
2.7976 2.20552
2.79764 2.20551
2.79763 2.20551
2.79766 2.20551
2.7976 2.20552
2.79767 2.2055
2.79757 2.20553
2.79749 2.20554
2.79755 2.20553
2.7976 2.20552
2.79759 2.20552
2.79752 2.20554
2.7975 2.20554
2.79754 2.20553
2.79761 2.20552
2.79756 2.20553
2.79761 2.20552
2.79758 2.20552
2.79758 2.20552
2.7976 2.20552
2.7976 2.20552
2.7976 2.20552
2.79761 2.20552
2.79759 2.20552
2.79761 2.20552
2.79757 2.20553
2.7976 2.20552
2.7976 2.20552
2.79755 2.20553
2.7975 2.20554
2.7976 2.20552
2.79754 2.20553
2.79756 2.20553
2.79757 2.20553
2.79758 2.20552
2.79759 2.20552
2.7976 2.20552
2.7976 2.20552
2.7976 2.20552
2.7976 2.20552
2.79754 2.20553
2.79758 2.20552
2.79761 2.20552
2.79761 2.20552
2.79759 2.20552
2.79759 2.20552
2.79761 2.20552
2.7976 2.20552
2.79759 2.20552
2.79761 2.20552
2.79761 2.20552
2.79761 2.20552
