2.87839 1.69594
2.78202 1.78317
2.97647 1.59616
2.79245 1.78004
2.88853 1.68581
2.87987 1.69461
2.77961 1.78557
2.97689 1.59573
2.88629 1.68776
2.77962 1.78555
3.03994 1.53114
3.02509 1.54637
2.89388 1.68036
2.79701 1.7757
2.77785 1.78215
2.87848 1.69582
2.77875 1.78127
2.78203 1.78316
2.87887 1.69532
2.87687 1.69735
2.77795 1.78211
2.88123 1.69304
2.77814 1.78187
2.77796 1.78209
2.9765 1.59612
2.89179 1.68249
2.77975 1.78549
2.77938 1.78582
2.88068 1.69361
2.89196 1.68232
2.78196 1.78323
3.04892 1.52192
2.87868 1.69561
2.96975 1.60304
2.8921 1.68218
2.77938 1.78588
2.77848 1.78567
2.77861 1.7856
2.97771 1.59489
2.77948 1.78571
2.79313 1.77944
2.79685 1.77586
2.77785 1.78221
2.79606 1.76801
2.9802 1.59235
2.97902 1.59355
2.88919 1.68514
2.79246 1.78003
2.92168 1.65206
2.8781 1.6962
2.82477 1.74801
2.77795 1.78211
2.78209 1.78309
2.88251 1.69162
2.79202 1.78052
2.87839 1.69591
2.77905 1.78523
2.87757 1.69665
2.82905 1.74372
3.06264 1.50784
2.87797 1.69633
2.79437 1.77811
2.89099 1.68311
2.98822 1.58414
2.77959 1.78559
2.77924 1.78514
2.87806 1.69624
2.87876 1.69543
3.0622 1.50829
2.87807 1.69623
2.79137 1.78131
2.77741 1.78268
2.87817 1.69613
2.88 1.6943
2.88369 1.69041
2.89234 1.68193
2.87814 1.69618
2.78108 1.78394
2.89209 1.68219
2.78208 1.78311
2.95725 1.6158
2.7944 1.77818
2.87958 1.69472
3.03884 1.53226
2.87929 1.69501
2.77847 1.78567
2.79311 1.77946
2.88517 1.68904
2.80532 1.76742
2.8785 1.6958
2.77832 1.78581
3.0629 1.50757
2.87624 1.69809
2.97681 1.59581
2.79656 1.77615
2.82561 1.74717
2.89239 1.68188
2.96908 1.60371
2.8784 1.69589
2.88812 1.68622
2.77948 1.78039
2.88137 1.6929
2.77861 1.7856
2.79238 1.7801
2.89251 1.68176
2.7794 1.785
3.03706 1.5341
2.89161 1.68268
2.78156 1.78366
2.97693 1.59569
2.88044 1.69385
2.77856 1.78564
2.87691 1.69732
2.89625 1.67796
2.87754 1.69668
2.79747 1.77524
2.77855 1.78564
2.87938 1.69493
2.97715 1.59546
2.97249 1.60022
2.82584 1.74693
2.97152 1.60122
2.79159 1.78089
2.79283 1.77972
2.92165 1.65215
2.78028 1.78492
2.87777 1.69644
2.78504 1.78027
2.7784 1.78698
2.87847 1.69582
2.77923 1.78056
2.79227 1.77212
2.89155 1.68274
2.77945 1.78495
2.88194 1.69231
2.87958 1.69472
2.77851 1.78564
2.77974 1.7855
2.79292 1.77956
2.98741 1.58497
2.89468 1.67955
2.87942 1.69489
2.79277 1.77978
2.77902 1.78521
3.02325 1.54826
2.79317 1.7794
2.77774 1.78228
2.88146 1.69281
2.89299 1.68127
2.91331 1.66059
2.77843 1.78571
2.8246 1.74817
2.98566 1.58676
2.78748 1.77084
2.77863 1.78559
2.77894 1.78528
3.05223 1.51852
2.8962 1.67801
2.82553 1.74725
2.79624 1.76781
2.8925 1.68177
2.79251 1.77997
2.92073 1.65303
2.78016 1.78506
2.82581 1.74696
2.88626 1.68779
2.89417 1.67987
2.89257 1.68169
2.78681 1.77799
2.79496 1.76921
2.97072 1.60203
2.9685 1.60431
2.88266 1.69158
2.89062 1.68368
2.97691 1.59571
2.79254 1.77994
2.87327 1.70114
2.87478 1.69949
2.9745 1.59817
2.77959 1.78558
2.79752 1.77519
3.06504 1.50537
2.78082 1.78382
2.79358 1.7789
2.91777 1.65605
2.77784 1.78222
2.87922 1.69506
2.89189 1.68239
2.77952 1.78566
2.79179 1.7807
2.88155 1.69271
2.79259 1.77989
2.79254 1.77994
2.79316 1.77941
2.98715 1.58523
2.77788 1.78219
2.92234 1.65145
2.78024 1.7843
2.87794 1.69636
2.78165 1.78357
2.87776 1.69645
2.89144 1.68285
2.79376 1.77882
3.04496 1.52599
2.82673 1.74605
2.97563 1.59702
2.79704 1.77567
2.78206 1.78313
2.79275 1.77982
2.89036 1.68395
2.79135 1.78114
2.88388 1.69021
2.7796 1.78558
2.88741 1.68694
2.77792 1.78213
2.77957 1.7857
3.06583 1.50457
2.77778 1.78223
2.79298 1.77957
2.87914 1.69514
2.79741 1.77517
2.79723 1.77548
2.97332 1.59938
2.85252 1.72014
2.8761 1.69826
2.95372 1.61941
2.87693 1.6973
2.87838 1.69591
2.78771 1.77056
2.89205 1.68222
2.78189 1.78331
2.87941 1.69489
2.88033 1.69397
2.77973 1.7855
2.97696 1.59566
2.79486 1.77761
2.8788 1.69549
2.82634 1.74644
2.77908 1.78074
2.89139 1.6829
2.77838 1.78575
2.77864 1.78557
2.78205 1.78299
2.96756 1.60526
2.79711 1.77547
2.79271 1.77986
2.79743 1.77528
2.77856 1.78563
2.87957 1.69473
2.89293 1.68114
2.77855 1.78564
2.98198 1.59052
2.7925 1.77999
2.8923 1.68197
2.8845 1.68959
2.89193 1.68235
2.79251 1.77998
2.77904 1.78091
2.96247 1.61048
2.78191 1.7833
3.02914 1.54222
2.79303 1.77954
2.77945 1.78496
2.77838 1.78576
2.89255 1.68172
2.87737 1.69685
2.79761 1.77497
2.97555 1.5971
2.98165 1.59086
2.87464 1.69975
2.87928 1.69503
2.8775 1.69681
2.87823 1.69607
2.97626 1.59637
2.7927 1.77985
2.78743 1.7709
3.01451 1.55721
2.7784 1.78576
2.80699 1.76576
2.79187 1.7807
2.87937 1.69493
2.77769 1.78233
2.89218 1.6821
2.87597 1.69835
2.78729 1.77107
2.97442 1.59826
2.97703 1.59558
2.78015 1.78506
2.79366 1.77892
2.77987 1.78537
2.98874 1.5836
2.79258 1.7799
2.87822 1.69607
2.77861 1.78559
2.87392 1.70048
2.77947 1.78494
2.78506 1.78025
2.79283 1.77972
2.77943 1.78033
2.8791 1.69521
2.87808 1.69624
2.79304 1.77953
2.89242 1.68185
2.7851 1.78022
2.77986 1.78537
2.77938 1.78582
3.05435 1.51635
2.82633 1.74645
2.77772 1.7823
2.77991 1.78532
3.00745 1.56445
2.782 1.78319
2.87843 1.69587
2.79269 1.77986
2.77949 1.78486
2.88319 1.69105
2.8901 1.68402
2.78802 1.7702
2.87676 1.69747
2.79283 1.77972
2.78535 1.78001
2.77943 1.78491
2.77852 1.78564
2.89153 1.68275
2.77847 1.78568
2.78001 1.78523
2.87819 1.6961
2.80083 1.7719
2.77794 1.78212
2.77781 1.78226
2.93305 1.64052
2.78493 1.78036
2.7965 1.75988
2.78051 1.78467
2.77846 1.78568
2.97767 1.59493
2.77779 1.78227
2.77983 1.78542
2.87908 1.69523
2.77875 1.78114
2.97576 1.59688
2.7785 1.78565
2.79774 1.76618
2.77949 1.78492
2.7785 1.78565
2.97764 1.59496
2.78505 1.78026
2.97381 1.59887
2.82543 1.74735
2.88261 1.69182
2.97775 1.59485
2.87804 1.69626
2.77974 1.7855
2.98625 1.58616
2.78205 1.78314
2.8937 1.68035
2.96811 1.60471
2.94654 1.62676
2.77769 1.78234
2.96887 1.60393
2.82496 1.74782
2.87766 1.69655
2.78005 1.78518
2.89077 1.68352
2.87592 1.69845
2.78235 1.78267
2.87901 1.6953
2.793 1.77957
2.79662 1.77609
2.87911 1.6952
2.82296 1.74983
2.88587 1.68818
2.78765 1.77063
2.77991 1.78532
2.77906 1.78617
2.97291 1.59979
2.89011 1.6842
2.91631 1.65754
2.79292 1.77957
2.87913 1.69518
2.90971 1.66426
2.87938 1.69493
3.04059 1.53047
2.87835 1.69594
2.87771 1.6965
2.96791 1.60491
2.79077 1.77536
2.97252 1.60019
2.89607 1.67814
2.87905 1.69526
2.87836 1.69593
3.06144 1.50907
2.77845 1.78569
2.77771 1.78231
2.79594 1.76058
2.77813 1.7818
2.77854 1.78565
2.89123 1.68306
2.9084 1.66559
2.77977 1.78548
2.97656 1.59607
2.77974 1.78551
2.87826 1.69594
2.77928 1.7805
2.79234 1.78023
2.77928 1.7851
2.8918 1.68248
2.88348 1.69076
2.88434 1.68989
2.87842 1.69588
2.89301 1.68126
2.98406 1.5884
2.94435 1.62899
2.77956 1.78561
2.77901 1.78095
2.77786 1.78221
2.95843 1.61461
2.89208 1.68219
2.82362 1.74916
2.79319 1.77938
2.85291 1.71975
2.79745 1.77526
2.77856 1.78563
2.97087 1.60189
2.78514 1.78019
2.77971 1.78552
2.97541 1.59724
2.87838 1.69591
2.77988 1.78537
2.97312 1.59958
2.78506 1.78025
2.97711 1.59551
2.79713 1.77558
2.77924 1.78068
2.97625 1.59638
2.87626 1.69798
2.77974 1.78552
2.99352 1.57871
2.87792 1.69637
2.77926 1.78066
2.79584 1.77687
2.97533 1.59732
2.77856 1.78563
2.79557 1.76854
2.89044 1.68386
2.77958 1.78566
2.77967 1.78559
2.87765 1.69656
2.79241 1.78007
2.97767 1.59493
2.97743 1.59517
2.96753 1.6053
2.77777 1.78224
2.79659 1.77611
3.06502 1.5054
2.80736 1.76539
2.87941 1.6949
2.89528 1.67894
2.78092 1.78436
2.785 1.7803
2.87953 1.69478
2.79524 1.76889
2.79252 1.77996
2.87872 1.69559
2.87861 1.6957
2.89037 1.68394
2.78693 1.7715
2.87769 1.69652
2.78147 1.78327
2.8777 1.69652
2.87924 1.69507
2.79725 1.77546
2.87817 1.69613
2.94078 1.63263
2.77974 1.7855
2.87758 1.69663
2.8792 1.6951
2.78382 1.78131
2.77949 1.78569
2.95361 1.61953
2.82591 1.74687
2.78745 1.77088
2.88522 1.68886
2.78193 1.78327
2.97085 1.60191
2.97753 1.59508
2.77795 1.7821
2.79267 1.77981
2.77986 1.78538
2.97729 1.59532
2.78215 1.7772
2.79744 1.77527
2.77908 1.78086
2.87839 1.6959
2.88575 1.68845
2.94352 1.62983
2.89255 1.68172
2.87621 1.69815
2.77984 1.78539
2.77971 1.78555
2.78199 1.78321
2.89029 1.68402
2.78725 1.77112
2.87719 1.69704
2.8781 1.6962
2.79722 1.77549
2.77974 1.7855
3.0132 1.55855
2.7785 1.78566
2.77968 1.78556
2.89522 1.67901
2.87811 1.69618
2.805 1.76775
2.77781 1.78225
2.97658 1.59604
2.89585 1.67837
3.05874 1.51184
2.87646 1.69778
2.82514 1.74764
2.7942 1.77849
2.77792 1.78214
2.87929 1.69501
2.87764 1.69658
2.87936 1.69495
2.77864 1.78557
2.87442 1.69997
2.87715 1.69716
2.89238 1.68189
2.97522 1.59744
2.79746 1.77525
2.77987 1.78537
2.77784 1.78222
2.97369 1.59899
2.77951 1.78567
2.88291 1.6912
2.89128 1.68301
2.88977 1.68454
2.87918 1.69511
2.77921 1.78072
2.97653 1.5961
2.77922 1.78071
2.79595 1.76812
2.9743 1.59838
2.79259 1.7799
2.7776 1.7825
2.89094 1.68335
2.8231 1.74968
2.78162 1.78361
2.87625 1.698
2.97459 1.59807
2.88454 1.68968
2.77987 1.78536
2.79608 1.76798
2.89198 1.6823
2.93961 1.63383
2.77857 1.78563
2.79388 1.76308
2.7819 1.7833
2.97489 1.59777
2.80258 1.77015
2.79709 1.77562
2.9566 1.61647
2.8923 1.68198
2.77975 1.78549
2.87829 1.69601
2.79711 1.76688
3.02521 1.54624
2.77796 1.7821
2.79319 1.77937
2.97383 1.59886
2.78193 1.78326
2.7974 1.77532
2.77971 1.78552
2.87903 1.69528
2.89421 1.68003
2.82456 1.74821
2.90775 1.66626
2.77845 1.78569
2.89144 1.68285
2.82549 1.74729
2.77973 1.78551
2.92155 1.6522
2.87798 1.69635
2.78763 1.77067
2.95854 1.61449
2.77784 1.78222
2.82552 1.74726
2.89132 1.68278
2.7928 1.77975
2.87711 1.69711
2.89239 1.68169
2.7797 1.78556
2.87748 1.69683
2.92208 1.65166
2.89377 1.68028
2.77805 1.78198
2.79726 1.77545
2.78045 1.78474
2.82507 1.7477
2.77932 1.78507
2.96457 1.60833
2.87942 1.69488
2.97503 1.59763
2.87675 1.69748
2.77861 1.78559
2.87776 1.69645
2.97544 1.59721
2.77917 1.78519
2.79273 1.77984
2.77974 1.7855
2.82417 1.7486
3.04594 1.52498
2.79628 1.76776
2.8215 1.75128
2.88918 1.68515
2.77929 1.78509
2.77857 1.78563
2.80691 1.76583
2.8915 1.68279
2.82564 1.74714
2.79199 1.78055
2.87775 1.69646
2.82551 1.74727
2.97614 1.59649
3.06623 1.50415
2.85072 1.72195
2.78199 1.78321
2.96331 1.60962
2.88544 1.68863
2.77973 1.7855
2.87777 1.69645
2.88721 1.68715
2.79583 1.77688
2.96887 1.60393
2.77839 1.78158
2.77914 1.7808
2.89219 1.68209
2.87826 1.69606
2.78536 1.7734
2.7779 1.78214
2.87848 1.69581
2.7795 1.78492
2.89469 1.67954
2.89572 1.6785
2.77969 1.78554
2.87836 1.69594
2.97528 1.59738
2.77739 1.78278
2.79229 1.7721
2.77779 1.78228
2.77825 1.78175
2.89333 1.68093
2.79313 1.77944
2.79062 1.77548
2.89213 1.68215
2.87725 1.69697
2.87901 1.6953
2.87881 1.69551
2.98861 1.58374
2.77815 1.78187
2.78454 1.78069
2.87746 1.69676
2.77952 1.78484
2.77856 1.78563
2.89205 1.68223
2.87798 1.69634
2.97074 1.60201
2.7786 1.78561
2.96931 1.60348
2.77972 1.78551
2.87855 1.69577
3.05217 1.51859
2.87754 1.69667
2.77974 1.7855
2.77802 1.78213
2.97587 1.59676
2.77948 1.7857
2.77861 1.7856
3.06149 1.50902
2.82488 1.7479
2.87961 1.69469
2.95658 1.6165
2.7817 1.78352
2.79281 1.77974
2.9764 1.59623
2.89256 1.68171
2.78513 1.7802
2.79226 1.78022
2.78457 1.78067
2.87818 1.69615
2.77921 1.78071
3.00722 1.56468
2.79275 1.7798
2.88026 1.69421
2.87725 1.69697
2.89312 1.68094
2.79522 1.76145
2.77961 1.78556
2.87821 1.69609
2.8779 1.69631
2.87822 1.69611
2.976 1.59664
2.79745 1.77526
3.01102 1.56079
2.89784 1.67634
2.78744 1.77089
2.82547 1.74731
2.8794 1.69491
2.97743 1.59517
2.77992 1.78532
2.88949 1.68464
2.77847 1.78572
3.03117 1.54013
2.87749 1.69673
2.79074 1.78175
2.87793 1.6964
2.87923 1.69508
2.79022 1.77583
2.97314 1.59956
2.77793 1.78213
2.80899 1.75396
2.87388 1.70069
2.79258 1.7799
2.78068 1.78449
2.79618 1.76788
2.88962 1.6847
2.79615 1.76791
2.8767 1.69753
2.97573 1.59692
2.7816 1.78362
2.84305 1.72967
2.78514 1.78018
2.79283 1.77973
2.89205 1.68222
2.96559 1.60729
2.79459 1.76222
2.87905 1.69526
2.77956 1.78562
2.78206 1.78313
2.7927 1.77984
2.78709 1.77132
2.89191 1.68237
3.0479 1.52297
2.82232 1.75046
2.77837 1.78579
2.97998 1.59257
2.79616 1.7679
2.87763 1.69658
2.97406 1.59862
3.03694 1.53421
2.77928 1.78593
2.77949 1.7857
2.87914 1.69514
2.77815 1.78599
2.97691 1.5957
2.87905 1.69526
2.88457 1.68964
2.97407 1.59861
2.77919 1.78074
2.97171 1.60103
2.87768 1.69653
2.82522 1.74756
2.79283 1.77973
2.96915 1.60365
2.7923 1.78018
2.89239 1.68188
3.04588 1.52504
2.77786 1.78221
2.87916 1.69513
2.79417 1.77831
2.89248 1.68179
2.87741 1.69681
2.82302 1.74976
2.77962 1.78562
3.05935 1.51122
2.87689 1.69734
2.79257 1.77991
2.79736 1.77535
2.87957 1.69473
2.79029 1.77577
2.97592 1.59672
2.97633 1.5963
2.77973 1.7855
2.87845 1.69584
2.77923 1.78069
2.87826 1.69604
2.79244 1.78004
2.98645 1.58595
2.8785 1.69579
2.79823 1.77449
2.80124 1.76239
2.78765 1.77064
2.79695 1.77576
2.89292 1.68115
2.9205 1.65327
2.97507 1.59759
2.77984 1.7854
2.77924 1.78068
2.87875 1.69556
2.78711 1.7713
2.89095 1.68335
2.87829 1.69601
2.89174 1.68254
3.05753 1.51309
2.77845 1.78569
3.05697 1.51366
3.05396 1.51675
2.78077 1.78429
2.79766 1.77505
2.79272 1.77983
2.7819 1.77751
2.89167 1.68261
2.79607 1.768
2.79261 1.77994
2.87823 1.6961
2.82132 1.75146
2.79518 1.77752
2.77793 1.78212
2.82542 1.74736
2.98755 1.58483
2.77862 1.7856
2.78196 1.78323
2.77991 1.78533
2.89188 1.68241
2.7785 1.78565
3.05331 1.51742
2.79013 1.78244
2.87761 1.6966
2.79746 1.77526
2.77891 1.7853
2.89488 1.67935
2.8916 1.68269
2.88962 1.68469
2.79486 1.77772
2.77776 1.78225
2.87825 1.69604
2.82571 1.74707
2.77944 1.78496
2.77901 1.78532
2.89219 1.68208
2.92097 1.65279
2.77796 1.78209
2.77916 1.78077
2.77973 1.78543
2.89399 1.68026
2.79243 1.78005
2.89185 1.68243
2.77896 1.78531
2.77986 1.78537
2.8841 1.69013
2.77857 1.78563
2.77972 1.78551
2.7792 1.7806
2.77856 1.78564
3.05756 1.51305
2.77982 1.78543
2.79602 1.76804
3.06465 1.50578
2.96787 1.60495
2.78516 1.78017
2.82486 1.74791
2.77849 1.78566
2.79294 1.77954
2.87708 1.69727
2.91529 1.65857
2.98835 1.58401
2.79752 1.7752
2.88218 1.69226
2.88749 1.68687
2.77924 1.78068
2.8771 1.69724
2.77862 1.78559
2.77858 1.78562
2.77986 1.78538
2.8022 1.76134
2.87536 1.6989
2.87953 1.69477
2.78469 1.78057
2.9754 1.59725
2.82568 1.7471
2.77784 1.78222
2.7925 1.78005
2.94055 1.63287
2.77848 1.78567
2.87794 1.69636
2.79254 1.77995
2.97459 1.59808
2.7786 1.78561
2.82546 1.74732
2.785 1.7803
2.79312 1.76402
2.78024 1.77949
2.77859 1.78558
2.97615 1.59648
2.79794 1.77464
2.79318 1.77939
2.89572 1.6785
2.84665 1.72605
2.79725 1.77546
2.79711 1.7756
2.87921 1.69509
2.77788 1.78211
2.77924 1.78056
2.9715 1.60124
2.7875 1.77082
2.8934 1.68086
2.91741 1.65641
2.77831 1.78168
2.87703 1.69719
2.82513 1.74764
2.78731 1.77104
2.91235 1.66157
2.89025 1.68406
2.87835 1.69595
2.8774 1.69682
2.78203 1.78316
2.82469 1.74809
2.77855 1.78564
2.9874 1.58498
2.77959 1.78559
2.96451 1.6084
2.77953 1.78034
2.77784 1.78222
2.77748 1.7826
2.79875 1.77397
2.77859 1.78124
2.77784 1.78221
2.79786 1.76606
2.94784 1.62542
2.87694 1.69729
2.87817 1.69613
2.79161 1.78093
2.88384 1.6904
2.96396 1.60895
2.97713 1.59548
2.77794 1.78212
2.89114 1.68315
2.77852 1.78564
2.9758 1.59684
2.7796 1.78557
2.91353 1.66037
2.87435 1.69993
2.77858 1.78558
2.8919 1.68238
2.77897 1.781
2.77949 1.7857
2.97659 1.59603
2.87742 1.69692
2.77966 1.7856
2.89227 1.682
2.77961 1.78564
2.78494 1.78036
2.7799 1.78534
2.87899 1.6953
2.79303 1.77954
2.9729 1.59981
2.79373 1.77884
2.80731 1.76543
2.79359 1.77898
2.77952 1.78035
2.79276 1.77979
2.97034 1.60243
2.87825 1.69605
2.87907 1.69524
2.89097 1.68332
2.87756 1.69666
2.7785 1.78565
2.97626 1.59637
2.78769 1.77059
2.87809 1.69621
2.78209 1.78309
2.97898 1.59359
2.87772 1.69649
2.87555 1.6987
2.97186 1.60087
2.79715 1.77556
2.79312 1.77945
2.78012 1.785
2.79047 1.77562
2.87584 1.69841
2.77979 1.78537
2.96907 1.60373
2.7799 1.78534
2.87886 1.69546
2.77795 1.7821
2.79625 1.7678
2.87756 1.69666
2.79307 1.77125
2.79073 1.7738
2.97536 1.59729
2.78482 1.78046
2.79735 1.77536
2.77922 1.7807
2.77892 1.78534
2.77982 1.78541
2.97717 1.59544
2.77775 1.78226
2.8775 1.69672
2.89256 1.68171
2.97416 1.59852
2.89044 1.68386
2.9758 1.59685
2.77975 1.78548
2.87961 1.69469
2.77876 1.78548
2.78065 1.78452
2.77966 1.78558
2.89542 1.67881
2.97107 1.60169
2.80324 1.7695
2.7928 1.77975
2.79344 1.77913
2.97638 1.59625
2.77846 1.78571
2.892 1.68228
2.87566 1.6986
2.88853 1.68562
2.77905 1.78091
2.79738 1.77533
2.8775 1.6968
2.77792 1.78213
2.97706 1.59556
2.79281 1.77974
2.77992 1.78532
2.87709 1.69725
2.7777 1.7824
2.88306 1.69118
2.87775 1.69646
2.7792 1.78073
2.79314 1.77943
2.78753 1.77078
2.87685 1.69738
2.87763 1.69658
2.78717 1.77122
2.87605 1.69827
2.96874 1.60406
2.88145 1.693
2.77784 1.78223
2.87864 1.69567
2.77949 1.78039
2.88306 1.69118
2.78753 1.77079
2.88615 1.6879
2.87765 1.69657
2.79764 1.77494
2.7961 1.76796
2.97482 1.59785
2.87883 1.69536
2.82457 1.74821
2.78682 1.77164
2.88899 1.68533
2.77857 1.78564
2.79287 1.77961
2.87728 1.69694
2.87957 1.69473
2.82481 1.74798
2.87743 1.69691
2.79606 1.77651
2.77939 1.78581
2.91295 1.66096
2.77855 1.78564
2.78826 1.7699
2.87759 1.69662
2.78197 1.78323
2.96697 1.60587
2.89213 1.68214
2.8788 1.69551
2.87949 1.69482
2.97399 1.59869
2.87848 1.69572
2.97961 1.59294
2.78506 1.78025
2.8854 1.68867
2.77944 1.78032
2.89612 1.67809
2.82411 1.74867
2.77794 1.78211
2.88139 1.69288
2.89382 1.68023
2.92194 1.6518
2.97232 1.60039
2.77815 1.78179
2.98297 1.58951
2.78095 1.78409
2.78217 1.78301
2.79596 1.76811
2.87028 1.70419
2.97566 1.59699
2.87802 1.69619
2.77925 1.78067
2.78465 1.7806
2.7797 1.78555
2.77901 1.78526
2.87766 1.69655
2.77972 1.78554
2.8793 1.69501
2.97465 1.59802
2.98263 1.58985
2.77843 1.78573
2.79251 1.77997
2.77787 1.7822
2.87644 1.6978
2.77781 1.78226
2.87843 1.69586
2.77862 1.78559
2.89197 1.6823
2.77856 1.78563
2.98408 1.58838
2.78461 1.78064
2.82862 1.74415
2.87857 1.69563
2.87906 1.69523
2.87753 1.69669
2.87951 1.6948
2.77952 1.78567
2.88929 1.68503
2.77976 1.78549
2.77853 1.78566
2.87733 1.69689
2.79533 1.76132
2.98763 1.58474
2.79538 1.77709
2.8893 1.68502
2.77914 1.7808
2.98196 1.59054
2.87771 1.6966
2.77972 1.78551
2.87846 1.69586
2.88454 1.68987
2.88431 1.68992
2.8776 1.69662
2.77856 1.78564
2.79614 1.76792
2.97751 1.59509
2.78219 1.77716
2.80815 1.75487
2.89084 1.68345
2.87948 1.69482
2.97764 1.59496
2.78208 1.78311
2.87829 1.696
2.79311 1.77946
2.87772 1.6965
2.98465 1.58779
2.87844 1.69585
2.89111 1.68319
2.88074 1.69341
2.89048 1.68382
2.78139 1.78334
2.98443 1.58801
2.79608 1.76798
2.87742 1.6968
2.7957 1.76839
2.89231 1.68196
2.88355 1.69068
2.79292 1.77965
2.77777 1.78224
2.88139 1.69288
2.77786 1.78222
2.88972 1.6846
2.87707 1.69715
2.87715 1.69707
2.77886 1.78535
2.79109 1.7734
2.87408 1.70021
2.89181 1.68247
2.78082 1.78424
2.79473 1.77785
2.89051 1.6838
2.77973 1.78551
2.97145 1.60129
2.98478 1.58765
2.87622 1.69802
2.79278 1.77977
2.98585 1.58656
2.87829 1.69601
2.7797 1.78554
2.79277 1.77978
2.79683 1.77588
2.77789 1.7821
2.88969 1.68462
2.87872 1.69548
2.87841 1.69579
2.77853 1.78566
2.97169 1.60105
2.98584 1.58657
2.7971 1.77561
2.80432 1.76842
2.82312 1.74966
2.78075 1.78431
2.7932 1.77937
2.97772 1.59488
2.79215 1.78034
2.87947 1.69483
2.87811 1.69618
2.8811 1.69305
2.77971 1.78553
2.79333 1.77924
2.96435 1.60855
2.98716 1.58522
2.79264 1.77993
2.98834 1.58402
2.87796 1.69634
2.8256 1.74717
2.78656 1.77195
2.77793 1.78212
2.88646 1.68758
2.96162 1.61134
2.80718 1.76556
2.97725 1.59536
2.87711 1.6972
2.79574 1.76836
2.87883 1.69536
2.77894 1.78104
2.77776 1.78226
2.97488 1.59778
2.77795 1.7821
2.90248 1.67162
2.7955 1.77698
2.89028 1.68402
2.78377 1.78135
2.79621 1.76785
2.87924 1.69505
2.82542 1.74736
2.87882 1.69537
2.97594 1.5967
2.77786 1.78222
2.78208 1.7831
2.77783 1.78223
2.97343 1.59927
2.89237 1.6819
2.79279 1.77976
2.96255 1.6104
2.79609 1.76798
2.79302 1.77955
2.79539 1.77731
2.87938 1.69493
2.90484 1.66922
2.87898 1.69531
2.88457 1.68983
2.79811 1.77461
2.82541 1.74737
2.77939 1.78501
2.88074 1.69355
2.77861 1.78559
2.77963 1.78555
2.9775 1.5951
2.97132 1.60143
2.79506 1.7691
2.97479 1.59787
2.87805 1.69625
2.97251 1.60021
2.77851 1.78564
2.79309 1.77123
2.82351 1.74927
2.89528 1.67894
2.79728 1.77543
2.77804 1.78199
2.97682 1.5958
2.78502 1.78029
2.82914 1.74363
2.87703 1.69732
2.87948 1.69482
2.88662 1.68742
2.77811 1.78183
2.92048 1.65329
2.77987 1.78538
2.95551 1.61759
2.78497 1.78033
2.77965 1.78558
2.87633 1.69791
2.8775 1.69672
2.79626 1.76018
2.79589 1.76819
2.97646 1.59617
2.78747 1.77086
2.7879 1.77034
2.8793 1.69501
2.96261 1.61034
2.87757 1.69664
2.79219 1.7803
2.89176 1.68252
2.79507 1.7774
2.79315 1.77942
2.87715 1.69708
2.87733 1.69701
2.77974 1.78549
2.78749 1.77083
2.91499 1.65889
2.87851 1.69578
2.97054 1.60222
2.77958 1.78028
2.87943 1.69487
2.87691 1.6974
2.79274 1.77981
2.79928 1.77344
2.77789 1.78218
2.96957 1.60321
2.97432 1.59835
2.82074 1.75204
2.91231 1.66161
2.97284 1.59987
2.77791 1.78214
2.79254 1.77994
2.79461 1.77796
2.78236 1.78266
2.87929 1.69502
2.79264 1.77991
2.78764 1.77066
2.77983 1.78541
2.8958 1.67841
2.78129 1.77823
2.92088 1.65288
2.87871 1.69548
2.78023 1.78498
2.89143 1.68285
2.79633 1.77638
2.97282 1.59989
2.79591 1.76817
2.87897 1.69534
2.78675 1.77172
2.91039 1.66357
2.97537 1.59728
2.7795 1.78491
2.79625 1.76779
2.97431 1.59836
2.87832 1.69597
2.77776 1.78225
2.88225 1.69201
2.7986 1.77412
2.78097 1.77862
2.77852 1.78564
2.79307 1.7795
2.9765 1.59612
2.77788 1.7821
2.79255 1.77993
2.87833 1.69597
2.77955 1.78571
2.87953 1.69477
2.82576 1.74701
2.79252 1.77997
2.77974 1.78549
2.87944 1.69486
2.79694 1.76705
2.97616 1.59647
2.77901 1.78623
2.7827 1.78244
2.87841 1.6958
2.77857 1.78563
2.89357 1.68048
2.77866 1.78115
2.78539 1.77953
2.79308 1.7795
2.89207 1.6822
2.878 1.69621
2.77907 1.78625
2.77855 1.78564
2.87807 1.69622
2.77958 1.78559
2.97744 1.59516
2.87848 1.69584
2.91739 1.65644
2.90241 1.6717
2.97751 1.5951
2.77951 1.78568
2.97717 1.59544
2.88459 1.6895
2.87846 1.69583
2.77958 1.7856
2.96217 1.61078
2.77931 1.78508
2.79281 1.77974
2.88777 1.68658
2.87738 1.69684
2.8792 1.6951
2.89057 1.68373
2.77893 1.78534
2.89217 1.6821
2.87754 1.69668
2.79684 1.77587
2.77775 1.78232
2.87844 1.69576
2.87771 1.6965
2.7973 1.77542
2.82584 1.74694
2.87943 1.69488
2.87768 1.69683
2.87788 1.69642
2.79243 1.78005
2.87642 1.69793
2.79283 1.77972
2.97622 1.59641
2.77971 1.78552
2.87696 1.69727
2.78748 1.77084
2.77788 1.78219
2.96935 1.60344
2.77957 1.7857
2.79857 1.77415
2.87842 1.6959
2.89129 1.68299
2.77917 1.78513
2.79514 1.769
2.79449 1.77808
2.96223 1.61071
2.77769 1.78234
2.79263 1.77985
2.88119 1.69308
2.77791 1.78214
2.78198 1.78322
2.87831 1.69599
2.77864 1.78557
2.78757 1.77073
2.87775 1.69646
2.87709 1.69714
2.79486 1.76931
2.77976 1.7854
2.79731 1.7754
2.78501 1.78029
2.89105 1.68325
2.88799 1.68636
2.89136 1.68293
2.82583 1.74694
2.88981 1.68432
2.97421 1.59846
2.79761 1.76633
2.97662 1.596
2.77793 1.78213
2.78199 1.78321
2.79523 1.77724
2.77795 1.78211
2.87817 1.69604
2.88078 1.69351
2.8905 1.6838
2.79328 1.7793
2.88271 1.69154
2.9711 1.60165
2.87679 1.69744
2.79248 1.78009
2.88819 1.68596
2.8764 1.69795
2.87886 1.69543
2.78695 1.77785
2.87917 1.69512
2.77837 1.7858
2.97132 1.60142
2.88479 1.68929
2.89235 1.68192
2.79278 1.77977
2.8785 1.69579
2.78566 1.77304
2.97371 1.59898
2.77875 1.78548
2.87777 1.69644
2.97388 1.5988
2.77856 1.7856
2.91899 1.6548
2.97522 1.59743
2.9757 1.59695
2.87851 1.69578
2.77864 1.78558
2.87846 1.69583
2.77849 1.78566
2.77961 1.78556
2.87954 1.69476
2.77854 1.78566
2.77971 1.78552
2.87835 1.69595
2.78689 1.77156
2.87819 1.69611
2.87938 1.69492
2.97575 1.59689
2.89232 1.68195
2.7787 1.78552
2.97629 1.59634
2.84628 1.72642
2.77977 1.78548
2.88951 1.68462
2.91958 1.6542
2.79796 1.77476
2.87715 1.69708
2.77947 1.78494
2.87994 1.69436
2.97604 1.5966
2.77918 1.78076
2.87722 1.69712
2.97748 1.59512
2.77851 1.78568
2.78207 1.78312
2.96816 1.60466
2.87751 1.6968
2.89024 1.68406
2.79269 1.77988
2.8756 1.69877
2.89104 1.68325
2.77773 1.78229
2.78269 1.78246
2.88097 1.69331
2.79239 1.78009
2.87346 1.70095
2.87762 1.6966
2.82538 1.74739
2.87932 1.69499
2.78331 1.77587
2.879 1.69531
2.87711 1.69712
2.97501 1.59765
2.87848 1.69582
2.97528 1.59738
2.78695 1.77785
2.87983 1.69447
2.77881 1.78549
2.77854 1.78565
2.88658 1.68746
2.78504 1.78027
2.8776 1.69661
2.79646 1.77625
2.77846 1.78161
2.77937 1.7804
2.97501 1.59765
2.97639 1.59624
2.82572 1.74705
2.87838 1.69592
2.87847 1.69574
2.79675 1.77596
2.88618 1.6882
2.77882 1.78543
2.87755 1.69675
2.79734 1.77524
2.88991 1.6844
2.89238 1.68189
2.87748 1.69682
2.79295 1.77961
2.79595 1.76812
2.81948 1.75331
2.89227 1.682
2.77979 1.78537
2.89248 1.68179
2.89248 1.68179
2.8786 1.69569
2.7942 1.77837
2.78499 1.78031
2.79459 1.7696
2.79282 1.77975
2.87752 1.69669
2.77851 1.78564
2.79406 1.77018
2.77785 1.78223
2.88575 1.68863
2.89178 1.6825
2.79399 1.77025
2.87917 1.69514
2.79287 1.77969
2.77909 1.78085
2.79207 1.78041
2.87763 1.69659
2.78028 1.78492
2.87921 1.6951
2.88939 1.68493
2.8918 1.68248
2.77863 1.78558
2.88442 1.68981
2.92167 1.65207
2.87411 1.70045
2.79309 1.77948
2.87952 1.69478
2.90367 1.67041
2.87839 1.69591
2.79598 1.76809
2.87951 1.6948
2.7797 1.78554
2.79694 1.77577
2.78188 1.78332
2.88124 1.69304
2.79433 1.77824
2.79654 1.77617
2.77847 1.78568
2.77986 1.78539
2.88117 1.69328
2.77882 1.78118
2.87771 1.6965
2.77792 1.78212
2.8779 1.6964
2.77795 1.7821
2.78067 1.7844
2.89243 1.68184
2.79314 1.77943
2.79306 1.77951
2.89176 1.68253
2.77961 1.78556
2.88752 1.68684
2.87725 1.69697
2.77795 1.7821
2.78155 1.78368
2.91531 1.65855
2.78012 1.785
2.89147 1.68282
2.88522 1.68885
2.77974 1.78549
2.87729 1.69693
2.79698 1.77573
2.79525 1.77733
2.88553 1.68885
2.77905 1.78519
2.79293 1.77963
2.89417 1.67987
2.79266 1.77991
2.87841 1.69588
2.89258 1.68168
2.77947 1.78572
2.78044 1.78474
2.79478 1.7778
2.9044 1.66966
2.77852 1.78564
2.78091 1.78414
2.88259 1.69166
2.77777 1.78224
2.78462 1.78063
2.79465 1.77792
2.77793 1.78213
2.87845 1.69587
2.89097 1.68333
2.7785 1.78568
2.77856 1.78564
2.88978 1.68453
2.8923 1.68197
2.87947 1.69483
2.87751 1.69671
2.78124 1.7783
2.79273 1.77984
2.79259 1.77989
2.87962 1.69468
2.88553 1.68886
2.88003 1.69426
2.89217 1.68211
2.88969 1.68463
2.90836 1.66563
2.79262 1.77993
2.87874 1.69546
2.79625 1.7678
2.87769 1.69652
2.79268 1.77987
2.79738 1.77533
2.91597 1.65789
2.79314 1.77943
2.88384 1.69039
2.88072 1.69344
2.87758 1.69664
2.79727 1.77544
2.79705 1.77566
2.77823 1.78178
2.77854 1.7813
2.8925 1.68177
2.87943 1.69487
2.87849 1.69581
2.77857 1.78563
2.8779 1.69631
2.89548 1.67874
2.79676 1.77595
2.82564 1.74713
2.77899 1.78524
2.87845 1.69584
2.91918 1.65462
2.79737 1.77535
2.79569 1.7684
2.7986 1.77412
2.7793 1.78061
2.87744 1.69678
2.77757 1.78248
2.7957 1.76087
2.78255 1.78261
2.91799 1.65583
2.79259 1.7799
2.77776 1.78226
2.79303 1.77952
2.87831 1.69599
2.87851 1.69578
2.89174 1.68254
2.91978 1.654
2.78503 1.78028
2.82539 1.74739
2.87774 1.69647
2.88396 1.69027
2.91812 1.65569
2.78775 1.77052
2.77972 1.78552
2.91919 1.6546
2.79279 1.77976
2.88575 1.68831
2.77704 1.7832
2.87795 1.69635
2.87933 1.69497
2.77959 1.78558
2.79686 1.77585
2.87908 1.6952
2.77856 1.78564
2.87896 1.69533
2.79282 1.77973
2.79262 1.77992
2.78758 1.77073
2.77856 1.78563
2.88018 1.69429
2.78181 1.7834
2.89211 1.68216
2.79205 1.78043
2.87802 1.69631
2.77983 1.7854
2.8786 1.69569
2.78128 1.78343
2.78207 1.7773
2.81352 1.75927
2.87742 1.6968
2.89153 1.68275
2.7791 1.78514
2.89168 1.68261
2.87738 1.69684
2.87949 1.69481
2.77849 1.78566
2.87958 1.69472
2.77851 1.78564
2.79255 1.77993
2.79659 1.77612
2.77775 1.78226
2.8943 1.67974
2.77859 1.78561
2.77918 1.78075
2.77956 1.78561
2.8958 1.67842
2.88817 1.68618
2.82477 1.74801
2.7779 1.78217
2.77756 1.7825
2.89193 1.68234
2.78076 1.78429
2.87754 1.69667
2.82722 1.74556
2.77949 1.78493
2.87865 1.69555
2.77873 1.7855
2.77871 1.78547
2.77856 1.78563
2.79252 1.77996
2.79321 1.77937
2.8925 1.68177
2.82509 1.74769
2.87792 1.69641
2.79746 1.77525
2.77774 1.78227
2.87837 1.69592
2.79374 1.77883
2.88614 1.68824
2.77809 1.78193
2.89399 1.68025
2.85383 1.71882
2.79237 1.78018
2.77971 1.78474
2.87836 1.69594
2.82082 1.75196
2.7778 1.78221
2.77837 1.78576
2.7961 1.76796
2.89124 1.68305
2.79179 1.7807
2.78021 1.78501
2.89169 1.6826
2.78192 1.78328
2.8785 1.6958
2.82592 1.74686
2.77974 1.78549
2.87746 1.69675
2.7792 1.78073
2.79606 1.77665
2.79284 1.77971
2.87984 1.69446
2.77988 1.78536
2.77942 1.78498
2.87818 1.69615
2.80242 1.76111
2.87843 1.69586
2.7799 1.78533
2.79481 1.76936
2.87959 1.69472
2.79243 1.78006
2.79265 1.7799
2.8932 1.68106
2.89432 1.67992
2.79249 1.78005
2.79265 1.7799
2.79316 1.77941
2.88104 1.69324
2.87923 1.69507
2.77965 1.78559
2.88721 1.68696
2.87926 1.69505
2.89588 1.67834
2.89209 1.68219
2.7945 1.7697
2.77933 1.785
2.87898 1.69533
2.82546 1.74731
2.87406 1.70023
2.89481 1.67942
2.82252 1.75026
2.80659 1.76615
2.88392 1.69032
2.77975 1.78548
2.87748 1.69674
2.79203 1.78054
2.77788 1.78219
2.77777 1.78223
2.89215 1.68212
2.89493 1.6793
2.89056 1.68374
2.79356 1.77901
2.77846 1.78572
2.89133 1.68296
2.88399 1.6901
2.87829 1.69604
2.78003 1.78532
2.89257 1.6817
2.8794 1.6949
2.89611 1.6781
2.79277 1.77972
2.87917 1.69514
2.79316 1.77941
2.77957 1.78479
2.77775 1.78226
2.8895 1.68482
2.77851 1.78564
2.87223 1.70208
2.88819 1.68615
2.79512 1.76902
2.79741 1.76655
2.87852 1.6958
2.88937 1.68495
2.87682 1.69741
2.87815 1.69618
2.79251 1.77997
2.79743 1.77528
2.79251 1.77997
2.88517 1.68922
2.79592 1.77678
2.78175 1.78347
2.77762 1.78247
2.87939 1.69492
2.79258 1.7799
2.87774 1.69647
2.79241 1.78014
2.77961 1.78556
2.77789 1.78218
2.77796 1.78209
2.88754 1.68682
2.88958 1.68474
2.77838 1.787
2.87878 1.69551
2.79282 1.77973
2.87917 1.69514
2.77846 1.78568
2.87777 1.69644
2.79564 1.76846
2.87753 1.69668
2.87914 1.69517
2.79314 1.77943
2.7882 1.76998
2.85501 1.71764
2.87697 1.69726
2.87827 1.69602
2.89018 1.68413
2.78414 1.78103
2.79735 1.76661
2.77853 1.78566
2.89411 1.67994
2.78758 1.77072
2.78181 1.7834
2.87656 1.69768
2.77874 1.78549
2.78183 1.78338
2.8239 1.74888
2.77784 1.78222
2.88986 1.68446
2.88459 1.68949
2.77947 1.78494
2.82861 1.74416
2.88326 1.69098
2.87763 1.69659
2.87812 1.69617
2.89179 1.68249
2.82569 1.74709
2.89084 1.68346
2.7796 1.78558
2.7965 1.77607
2.88739 1.68696
2.89135 1.68293
2.89192 1.68236
2.87844 1.69586
2.77853 1.78566
2.78583 1.77905
2.87746 1.69676
2.79307 1.7795
2.7796 1.78557
2.87955 1.69475
2.87836 1.69594
2.78201 1.78318
2.89249 1.68178
2.79271 1.77985
2.89221 1.68206
2.77865 1.78117
2.88415 1.69008
2.87694 1.69741
2.8914 1.68288
2.8776 1.69674
2.89163 1.68265
2.77852 1.78564
2.79604 1.77667
2.77971 1.78553
2.78758 1.77072
2.85312 1.71954
2.79132 1.78117
2.89192 1.68236
2.79255 1.77994
2.82152 1.75126
2.77861 1.7856
2.89215 1.68212
2.77957 1.78561
2.87723 1.69699
2.79376 1.7705
2.77776 1.78225
2.7799 1.78534
2.78087 1.78418
2.79282 1.77975
2.87884 1.69545
2.8857 1.68836
2.77856 1.78563
2.87875 1.69557
2.79291 1.77957
2.87218 1.70226
2.87827 1.69603
2.89201 1.68226
2.77858 1.78558
2.78208 1.7831
2.82575 1.74703
2.88048 1.69379
2.7843 1.7809
2.89083 1.68346
2.87739 1.69695
2.8922 1.68208
2.87826 1.69604
2.79746 1.77511
2.8788 1.69549
2.87703 1.69728
2.78065 1.78442
2.89163 1.68266
2.78739 1.77095
2.77962 1.78556
2.78096 1.78408
2.88371 1.6904
2.7794 1.78049
2.77937 1.78583
2.89127 1.68302
2.87482 1.69951
2.89167 1.68261
2.77791 1.78215
2.89213 1.68214
2.88533 1.68874
2.79298 1.77959
2.87723 1.69708
2.77989 1.78535
2.88999 1.68413
2.79726 1.77545
2.87915 1.69516
2.79369 1.76331
2.79251 1.77997
2.87478 1.69956
2.87906 1.69523
2.87959 1.69471
2.87794 1.69636
2.79073 1.78184
2.78489 1.7804
2.87882 1.69549
2.8805 1.69379
2.87039 1.70407
2.77894 1.78104
2.79453 1.77804
2.87731 1.69691
2.83582 1.73693
2.77775 1.78233
2.88127 1.693
2.7797 1.78547
2.88754 1.68663
2.87754 1.69668
2.79279 1.77976
2.82549 1.74729
2.77827 1.78172
2.87895 1.69536
2.77975 1.78548
2.87927 1.69504
2.79252 1.77997
2.87961 1.69469
2.87936 1.69495
2.77786 1.78221
2.79483 1.77765
2.77937 1.78503
2.77971 1.78552
2.87949 1.69481
2.81037 1.75246
2.79334 1.77923
2.87396 1.70033
2.87828 1.69601
2.87792 1.69638
2.82438 1.7484
2.79605 1.76802
2.89437 1.67967
2.77863 1.78558
2.79235 1.78013
2.79258 1.77991
2.89203 1.68206
2.77983 1.78541
2.89358 1.68047
2.7973 1.77541
2.78583 1.7796
2.87819 1.6961
2.77857 1.78562
2.87851 1.69581
2.797 1.77558
2.87889 1.69543
2.79459 1.76222
2.87847 1.69585
2.77896 1.78531
2.79584 1.76825
2.88348 1.69075
2.77845 1.7857
2.8783 1.696
2.82427 1.74851
2.77962 1.78555
2.88553 1.68867
2.87961 1.69469
2.79308 1.77949
2.87704 1.69731
2.87406 1.70034
2.82733 1.74545
2.79599 1.76808
2.8761 1.69827
2.87942 1.69489
2.77953 1.78565
2.78247 1.78269
2.89204 1.68204
2.88752 1.68665
2.77766 1.78238
2.79316 1.77941
2.89149 1.68261
2.89083 1.68328
2.79398 1.77859
2.77894 1.78532
2.88576 1.6883
2.79236 1.78013
2.87862 1.6957
2.77863 1.78559
2.78008 1.78513
2.89098 1.68312
2.87859 1.69573
2.87774 1.69647
2.80451 1.76823
2.80279 1.76995
2.77856 1.7856
2.79722 1.77549
2.88108 1.6932
2.78822 1.77756
2.89283 1.68124
2.78691 1.77153
2.77972 1.78552
2.87819 1.69614
2.78876 1.7693
2.79342 1.77927
2.77856 1.78563
2.79213 1.78035
2.89233 1.68175
2.77874 1.78127
2.89222 1.68186
2.82511 1.74767
2.77991 1.78533
2.89323 1.68084
2.87562 1.69875
2.87743 1.69679
2.77961 1.78557
2.87343 1.70098
2.77783 1.78223
2.77967 1.7855
2.82882 1.74396
2.87924 1.69507
2.78514 1.78019
2.8791 1.69521
2.87757 1.69664
2.88168 1.69258
2.77807 1.78196
2.87858 1.69574
2.80766 1.75541
2.87923 1.69508
2.78415 1.78103
2.79253 1.77996
2.88614 1.68791
2.88119 1.69309
2.79679 1.77593
2.82921 1.74356
2.79403 1.77854
2.8259 1.74687
2.79302 1.77955
2.79294 1.77954
2.79265 1.7799
2.77796 1.7821
2.77784 1.78221
2.87737 1.69685
2.87762 1.69659
2.87819 1.69611
2.88033 1.69396
2.78738 1.77096
2.79639 1.77631
2.79249 1.78
2.87918 1.69513
2.78196 1.78324
2.78198 1.78322
2.79588 1.76821
2.88126 1.69302
2.7778 1.78226
2.8794 1.69491
2.87952 1.69478
2.88143 1.69284
2.82291 1.74987
2.87331 1.70099
2.87928 1.69502
2.77994 1.7853
2.87783 1.6965
2.79281 1.77974
2.88028 1.69402
2.88068 1.69361
2.79807 1.77465
2.77847 1.78572
2.88094 1.69334
2.79251 1.77997
2.88097 1.6933
2.8808 1.69349
2.77975 1.78548
2.8028 1.76993
2.88098 1.6933
2.79849 1.77422
2.87777 1.69644
2.87809 1.69621
2.87932 1.69498
2.77952 1.78566
2.87891 1.69541
2.82564 1.74714
2.7791 1.78072
2.77777 1.78224
2.87875 1.69544
2.79752 1.7752
2.87573 1.69853
2.88419 1.69003
2.87812 1.6962
2.78183 1.78338
2.80184 1.76174
2.79373 1.77884
2.79307 1.7795
2.77891 1.78642
2.87962 1.69468
2.7928 1.77975
2.87936 1.69495
2.77958 1.78028
2.87604 1.69828
2.79331 1.77926
2.8243 1.74847
2.88132 1.69283
2.87925 1.69504
2.82395 1.74883
2.78076 1.78441
2.87858 1.69574
2.87802 1.69628
2.78209 1.7831
2.87773 1.69648
2.87585 1.6984
2.78228 1.78274
2.87931 1.69499
2.87217 1.70216
2.82486 1.74791
2.79227 1.78021
2.87875 1.69556
2.87842 1.69588
2.77993 1.78529
2.87759 1.69662
2.77774 1.78236
2.77846 1.78568
2.87855 1.69576
2.87885 1.69546
2.77982 1.78541
2.87895 1.69536
2.79675 1.77596
2.77961 1.78482
2.79282 1.77973
2.79235 1.78022
2.87915 1.69516
2.87922 1.69508
2.77769 1.78241
2.87724 1.69707
2.77826 1.78589
2.79236 1.78021
2.87768 1.69653
2.87934 1.69497
2.78687 1.77157
2.87882 1.6955
2.88208 1.69218
2.79319 1.77938
2.87827 1.69602
2.87904 1.69527
2.87803 1.6963
2.7876 1.77069
2.77899 1.78523
2.77855 1.78564
2.87897 1.69534
2.79294 1.77963
2.79298 1.77959
2.78734 1.77101
2.87962 1.69468
2.87444 1.69984
2.77923 1.78598
2.87775 1.69646
2.77841 1.78573
2.78195 1.78325
2.87681 1.69742
2.82553 1.74725
2.87759 1.69663
2.77908 1.78527
2.8051 1.76764
2.77855 1.78564
2.87846 1.69583
2.7779 1.78217
2.78197 1.78323
2.8865 1.68754
2.79717 1.77554
2.82496 1.74781
2.77917 1.78076
2.77972 1.78551
2.88622 1.68783
2.88145 1.69269
2.85501 1.71763
2.78715 1.77124
2.77853 1.78562
2.77956 1.78487
2.77876 1.78548
2.8777 1.69651
2.81551 1.75728
2.79576 1.76833
2.79317 1.7794
2.87832 1.69598
2.88232 1.6918
2.87566 1.69859
2.79276 1.77979
2.87765 1.69656
2.82087 1.75192
2.77991 1.78532
2.87862 1.69557
2.7981 1.77448
2.88406 1.69004
2.87935 1.69483
2.77935 1.78504
2.8865 1.68754
2.8781 1.6962
2.87729 1.69693
2.77981 1.78543
2.79281 1.77974
2.79752 1.77519
2.78508 1.78024
2.87821 1.69609
2.79727 1.77544
2.78231 1.78286
2.87765 1.69657
2.87708 1.69714
2.79191 1.78058
2.87786 1.69644
2.88252 1.6916
2.87764 1.69657
2.78222 1.78296
2.79485 1.77785
2.79015 1.77589
2.88312 1.691
2.87764 1.69658
2.78706 1.77777
2.88489 1.68919
2.87838 1.69591
2.77987 1.78535
2.78105 1.78398
2.87465 1.69962
2.79388 1.77037
2.82538 1.74739
2.87717 1.69705
2.81102 1.76177
2.88594 1.68812
2.79774 1.77484
2.87537 1.69889
2.87713 1.69709
2.79076 1.77536
2.87766 1.69655
2.79734 1.77537
2.77911 1.78621
2.79207 1.7805
2.77796 1.7821
2.87874 1.69546
2.77942 1.78498
2.77955 1.78563
2.79248 1.78007
2.77846 1.78569
2.79273 1.77982
2.87645 1.69779
2.78012 1.7851
2.87629 1.69803
2.77851 1.78564
2.8782 1.69601
2.77776 1.78225
2.79625 1.7678
2.87728 1.69694
2.87691 1.69732
2.78573 1.77296
2.87771 1.69651
2.79617 1.76788
2.79281 1.77975
2.87886 1.69533
2.77783 1.78223
2.79764 1.76629
2.87796 1.69625
2.79727 1.77544
2.79261 1.77996
2.8783 1.69591
2.8782 1.69601
2.79459 1.7696
2.79847 1.77425
2.80683 1.76592
2.77784 1.78222
2.77969 1.78557
2.87859 1.69561
2.77862 1.7812
2.87717 1.69705
2.87858 1.69561
2.87616 1.69808
2.78616 1.77243
2.77985 1.78539
2.82945 1.74332
2.77967 1.78556
2.87691 1.69732
2.77937 1.78503
2.87734 1.69688
2.87752 1.69669
2.77796 1.78209
2.82803 1.74475
2.78583 1.7796
2.78774 1.77053
2.82565 1.74712
2.79481 1.77777
2.87775 1.69646
2.7938 1.77878
2.77975 1.78548
2.87625 1.69799
2.77962 1.78555
2.87705 1.69717
2.87743 1.69679
2.87679 1.69744
2.87764 1.69667
2.80147 1.77126
2.79666 1.77592
2.87689 1.69734
2.79281 1.77974
2.87731 1.69691
2.77849 1.78566
2.87758 1.69664
2.77856 1.78563
2.77962 1.78555
2.87743 1.69679
2.87765 1.69656
2.87763 1.69659
2.79232 1.78016
2.87766 1.69656
2.78848 1.76964
2.78169 1.78354
2.87769 1.69652
2.79319 1.77938
2.87622 1.69802
2.77902 1.78093
2.87741 1.69681
2.79316 1.77941
2.79737 1.77534
2.77856 1.78563
2.87758 1.69664
2.8764 1.69784
2.77986 1.78538
2.87834 1.69596
2.84964 1.72304
2.82529 1.74748
2.77948 1.78493
2.87761 1.6966
2.87707 1.69715
2.79295 1.7796
2.87745 1.69677
2.87739 1.69683
2.77791 1.78214
2.87748 1.69674
2.7965 1.77621
2.78715 1.77847
2.87713 1.69709
2.79726 1.77545
2.87769 1.69652
2.87749 1.69673
2.8775 1.69672
2.79275 1.7798
2.77767 1.78236
2.79525 1.77745
2.87753 1.69669
2.82384 1.74894
2.77847 1.78571
2.87916 1.69513
2.87772 1.6965
2.79584 1.77686
2.77911 1.78083
2.79562 1.76849
2.87798 1.69632
2.87833 1.69597
2.79247 1.78001
2.77851 1.78565
2.87828 1.69602
2.87921 1.69507
2.88418 1.69005
2.77919 1.78074
2.87711 1.6972
2.77986 1.78538
2.87554 1.69879
2.8841 1.69013
2.77735 1.78283
2.793 1.77957
2.87957 1.69471
2.77987 1.78536
2.77793 1.78213
2.77785 1.78223
2.87836 1.69593
2.7928 1.77978
2.77997 1.78526
2.88433 1.68989
2.82494 1.74784
2.78644 1.7721
2.87838 1.69592
2.77882 1.78118
2.77958 1.78559
2.77987 1.78537
2.87851 1.69578
2.8185 1.75429
2.77786 1.7822
2.78913 1.77677
2.88439 1.68984
2.88073 1.69353
2.77925 1.78067
2.8805 1.69378
2.7796 1.78558
2.78158 1.78364
2.88088 1.69339
2.77985 1.78539
2.87843 1.69587
2.88247 1.69178
2.79257 1.77991
2.87838 1.69591
2.79869 1.77403
2.77794 1.78211
2.87784 1.69646
2.79778 1.77494
2.8785 1.6958
2.87843 1.69586
2.88167 1.69259
2.883 1.69125
2.8058 1.76694
2.77783 1.78223
2.87644 1.69788
2.77918 1.78075
2.79271 1.77984
2.87894 1.69535
2.78858 1.76951
2.88246 1.69179
2.78144 1.7833
2.78249 1.78267
2.8791 1.69519
2.79313 1.77944
2.8838 1.69043
2.77776 1.78226
2.8836 1.69064
2.78068 1.78449
2.77935 1.78504
2.88362 1.69061
2.8784 1.69589
2.87806 1.69624
2.79522 1.76892
2.77857 1.78563
2.87867 1.69563
2.87834 1.69596
2.87763 1.69667
2.79646 1.77625
2.79732 1.77539
2.7779 1.78215
2.78771 1.77057
2.87652 1.69779
2.77784 1.78222
2.87844 1.69586
2.79786 1.77472
2.87847 1.69582
2.87844 1.69585
2.79739 1.77532
2.77934 1.78592
2.82463 1.74815
2.87864 1.69565
2.79863 1.77409
2.87894 1.69535
2.77934 1.78505
2.79574 1.77697
2.77784 1.78222
2.87842 1.69587
2.82531 1.74747
2.87904 1.69524
2.77903 1.7852
2.798 1.77472
2.7789 1.78643
2.87922 1.69506
2.77973 1.78543
2.87744 1.69686
2.796 1.77671
2.87691 1.6974
2.8784 1.6959
2.7931 1.77947
2.87846 1.69583
2.87831 1.69599
2.78472 1.78055
2.87786 1.69644
2.87792 1.69638
2.79247 1.78002
2.87847 1.69582
2.79242 1.78007
2.87762 1.69668
2.78416 1.78102
2.80696 1.76579
2.77898 1.78099
2.78209 1.78309
2.87841 1.69588
2.79189 1.7806
2.87842 1.69588
2.87816 1.69614
2.79718 1.77553
2.79106 1.77511
2.77929 1.78509
2.8785 1.69579
2.78023 1.78498
2.87846 1.69583
2.79313 1.77945
2.78203 1.78316
2.8778 1.6965
2.87848 1.69582
2.87841 1.69588
2.87839 1.6959
2.87784 1.69646
2.7972 1.77551
2.77771 1.78232
2.87836 1.69593
2.79465 1.76954
2.82583 1.74695
2.8776 1.69671
2.78072 1.78445
2.87805 1.69625
2.87825 1.69605
2.77851 1.78574
2.7974 1.77531
2.77984 1.7854
2.87843 1.69586
2.87842 1.69587
2.87841 1.69588
2.8255 1.74727
2.77955 1.78563
2.87787 1.69643
2.77976 1.7854
2.8785 1.69579
2.78679 1.77802
2.87852 1.69578
2.82941 1.74336
2.78717 1.77122
2.87844 1.69585
2.79281 1.77967
2.87833 1.69596
2.8785 1.69579
2.87835 1.69594
2.87833 1.69596
2.79369 1.77057
2.87843 1.69587
2.78765 1.77064
2.80592 1.76682
2.77993 1.78531
2.7924 1.78009
2.87848 1.69582
2.79306 1.77951
2.87851 1.69578
2.7818 1.78341
2.82362 1.74916
2.77792 1.78214
2.77976 1.78549
2.87851 1.69578
2.77772 1.78231
2.78761 1.77068
2.79283 1.77973
2.79257 1.77991
2.79543 1.77705
2.7877 1.77058
2.82325 1.74954
2.80723 1.76552
2.7785 1.78565
2.79464 1.77794
2.77874 1.7855
2.85421 1.71844
2.79271 1.77986
2.79115 1.78141
2.77851 1.78564
2.8543 1.71835
2.79525 1.77723
2.79478 1.7778
2.84569 1.72702
2.82303 1.74975
2.79318 1.77939
2.7799 1.78534
2.79247 1.78002
2.7923 1.78018
2.79299 1.77957
2.77931 1.78507
2.78512 1.7802
2.82572 1.74706
2.79518 1.76897
2.82416 1.74861
2.7972 1.77551
2.80722 1.76557
2.85074 1.72193
2.7975 1.77521
2.79307 1.77948
2.77911 1.78514
2.82283 1.74995
2.77934 1.78499
2.84832 1.72437
2.78485 1.78043
2.78016 1.78506
2.85407 1.71858
2.85528 1.71737
2.79136 1.78113
2.77963 1.78554
2.79231 1.78017
2.7796 1.78557
2.78675 1.77806
2.82507 1.7477
2.77974 1.7855
2.78373 1.78132
2.82518 1.74759
2.79155 1.78102
2.79274 1.77981
2.83817 1.73457
2.82958 1.74319
2.82357 1.74921
2.78737 1.77098
2.79314 1.77943
2.84108 1.73164
2.79739 1.77532
2.79718 1.77553
2.79496 1.77751
2.79211 1.78037
2.80544 1.76731
2.79282 1.77973
2.81908 1.7537
2.82589 1.74689
2.79305 1.7795
2.79329 1.7794
2.77941 1.78579
2.79339 1.7793
2.77897 1.7853
2.78769 1.77059
2.80745 1.76534
2.79259 1.77989
2.79683 1.77588
2.78258 1.78257
2.82875 1.74402
2.7967 1.77588
2.79731 1.7754
2.82296 1.74982
2.78653 1.7783
2.79197 1.7806
2.84686 1.72583
2.82264 1.75015
2.77852 1.78564
2.85381 1.71884
2.79708 1.77563
2.78584 1.77959
2.77926 1.78066
2.78203 1.78316
2.81478 1.75801
2.78453 1.78071
2.77782 1.78226
2.79299 1.77956
2.79265 1.7799
2.77854 1.78565
2.79736 1.77535
2.79225 1.78023
2.82521 1.74757
2.79279 1.77976
2.77964 1.7856
2.83117 1.74159
2.78171 1.78351
2.77855 1.78564
2.82581 1.74697
2.77948 1.78494
2.79843 1.77429
2.79272 1.77983
2.7928 1.77975
2.81359 1.7592
2.79257 1.77991
2.81451 1.75828
2.8417 1.73103
2.83773 1.73501
2.82444 1.74834
2.79208 1.7804
2.79308 1.77949
2.79699 1.77572
2.77965 1.78558
2.79733 1.77538
2.77949 1.78493
2.77975 1.78548
2.8132 1.75959
2.79699 1.767
2.82527 1.74751
2.77778 1.78228
2.79282 1.77973
2.84174 1.73099
2.82461 1.74817
2.81951 1.75327
2.82732 1.74546
2.79746 1.77525
2.84865 1.72404
2.77853 1.78566
2.77771 1.7824
2.85541 1.71723
2.79309 1.77948
2.79738 1.77534
2.79735 1.77536
2.77989 1.78535
2.79736 1.77535
2.79277 1.77978
2.81886 1.75393
2.82483 1.74795
2.77793 1.78213
2.77958 1.78479
2.83574 1.73701
2.79712 1.77559
2.79242 1.78007
2.79548 1.76863
2.79267 1.7799
2.78495 1.78034
2.77968 1.78555
2.79274 1.77983
2.83701 1.73574
2.77975 1.78548
2.7802 1.78515
2.84372 1.72899
2.79278 1.77977
2.79654 1.77617
2.82524 1.74754
2.82186 1.75092
2.79301 1.77956
2.78153 1.77795
2.8493 1.72338
2.78183 1.78324
2.8257 1.74707
2.79603 1.76804
2.79742 1.77529
2.84565 1.72706
2.77938 1.78038
2.79256 1.77992
2.77849 1.7857
2.78841 1.76973
2.84863 1.72406
2.77952 1.78576
2.82544 1.74733
2.77968 1.78556
2.82502 1.74776
2.79129 1.78139
2.77937 1.78583
2.7926 1.77995
2.79277 1.77978
2.79698 1.77573
2.79319 1.77938
2.77773 1.78229
2.85251 1.72015
2.85232 1.72034
2.79618 1.77653
2.77971 1.78553
2.85132 1.72135
2.78497 1.78033
2.79283 1.77972
2.79729 1.77542
2.77973 1.78551
2.77966 1.78558
2.8511 1.72157
2.78589 1.77955
2.7786 1.7856
2.79284 1.77971
2.79319 1.77938
2.79389 1.77868
2.81791 1.75488
2.78719 1.7712
2.85145 1.72122
2.78257 1.78258
2.77975 1.78548
2.82251 1.75027
2.79309 1.77948
2.77799 1.78205
2.85488 1.71776
2.82918 1.74359
2.79236 1.78021
2.77852 1.78564
2.79406 1.77864
2.82666 1.74612
2.77968 1.78477
2.77823 1.78592
2.8211 1.75168
2.77861 1.7856
2.82383 1.74895
2.82501 1.74777
2.77987 1.78537
2.79269 1.77986
2.82913 1.74364
2.79349 1.77907
2.79676 1.77595
2.81595 1.75684
2.78205 1.78314
2.79231 1.78017
2.78183 1.78324
2.79743 1.77528
2.79147 1.7811
2.77748 1.78264
2.79259 1.77989
2.82533 1.74745
2.82527 1.74751
2.82802 1.74476
2.77911 1.78514
2.77958 1.78559
2.8243 1.74848
2.79145 1.78104
2.79424 1.77834
2.77785 1.78223
2.79742 1.77529
2.82345 1.74934
2.7816 1.78362
2.79752 1.77519
2.79442 1.77815
2.82305 1.74973
2.79251 1.77997
2.79185 1.78064
2.82512 1.74766
2.77783 1.78223
2.7932 1.77937
2.79584 1.77673
2.7799 1.78534
2.79716 1.77556
2.77779 1.78227
2.82428 1.7485
2.77914 1.7808
2.77945 1.78496
2.7925 1.77998
2.82369 1.74909
2.77965 1.78559
2.79411 1.77837
2.79258 1.7799
2.78125 1.78387
2.7821 1.78309
2.82954 1.74323
2.79721 1.7755
2.79254 1.78
2.79738 1.77533
2.79255 1.77993
2.79731 1.7754
2.77771 1.78237
2.7785 1.78565
2.7798 1.78543
2.79253 1.77995
2.79257 1.77998
2.79738 1.77533
2.7791 1.78073
2.79316 1.77941
2.78201 1.78318
2.79309 1.77948
2.82654 1.74624
2.82766 1.74512
2.77953 1.78489
2.82754 1.74523
2.78201 1.78318
2.79248 1.78001
2.79242 1.78007
2.78196 1.78324
2.79251 1.77998
2.79643 1.77628
2.78102 1.78401
2.79485 1.77773
2.78262 1.78253
2.82855 1.74422
2.79695 1.77576
2.77851 1.78564
2.82822 1.74456
2.82814 1.74463
2.77851 1.78564
2.79744 1.77528
2.77791 1.78216
2.7931 1.77947
2.7925 1.78004
2.79657 1.77614
2.79284 1.77972
2.79643 1.77627
2.79234 1.78014
2.82826 1.74451
2.79312 1.77945
2.79207 1.78041
2.77854 1.78565
2.79276 1.77979
2.79256 1.77992
2.77856 1.78563
2.79622 1.76784
2.79291 1.77958
2.77857 1.78563
2.82377 1.74901
2.77954 1.78564
2.77757 1.78249
2.82389 1.74888
2.82905 1.74372
2.77941 1.78035
2.79131 1.77317
2.80412 1.76862
2.82945 1.74332
2.82054 1.75224
2.79305 1.77953
2.77986 1.78537
2.77863 1.78558
2.79294 1.77954
2.81787 1.75492
2.77785 1.78221
2.82588 1.74689
2.77782 1.78226
2.79308 1.77948
2.82531 1.74746
2.82448 1.7483
2.79806 1.77452
2.78681 1.77165
2.79786 1.77472
2.78508 1.78024
2.79549 1.77699
2.82085 1.75194
2.77782 1.78226
2.77784 1.78221
2.77851 1.78564
2.79358 1.77899
2.77945 1.78495
2.79318 1.77939
2.79871 1.77401
2.82581 1.74697
2.82417 1.74861
2.79554 1.77694
2.79699 1.77572
2.78886 1.76918
2.82262 1.75016
2.7794 1.78494
2.78041 1.78478
2.77857 1.78564
2.7796 1.78483
2.79725 1.77546
2.82358 1.7492
2.77865 1.78117
2.77875 1.78549
2.81887 1.75392
2.79238 1.7801
2.79266 1.77989
2.79244 1.78013
2.77974 1.7855
2.82145 1.75133
2.79786 1.76606
2.79314 1.77943
2.78555 1.77936
2.7794 1.785
2.82319 1.74959
2.77951 1.78567
2.82477 1.748
2.78771 1.77056
2.8041 1.76863
2.77929 1.78592
2.82469 1.74809
2.77794 1.78212
2.7931 1.77947
2.77855 1.78564
2.7798 1.78543
2.77993 1.78531
2.82588 1.7469
2.77859 1.78562
2.79305 1.77951
2.7796 1.78483
2.79109 1.78148
2.77959 1.78559
2.79714 1.77557
2.8058 1.76695
2.78173 1.78349
2.82472 1.74806
2.82512 1.74765
2.7798 1.78543
2.79264 1.77993
2.77825 1.78165
2.79435 1.77822
2.7796 1.78557
2.79408 1.77849
2.78763 1.77066
2.78163 1.7836
2.8255 1.74727
2.79356 1.77901
2.78505 1.78026
2.79736 1.77535
2.79812 1.77446
2.79749 1.77522
2.77961 1.78557
2.82493 1.74785
2.77785 1.78221
2.79283 1.77974
2.78757 1.77074
2.78208 1.7831
2.82563 1.74715
2.793 1.77956
2.7928 1.77968
2.7851 1.78022
2.78076 1.7844
2.77855 1.78564
2.78226 1.78277
2.82466 1.74811
2.82572 1.74705
2.77961 1.78476
2.78679 1.77168
2.79282 1.77973
2.82072 1.75206
2.82382 1.74896
2.7794 1.7858
2.77901 1.78631
2.82525 1.74752
2.77794 1.78212
2.77981 1.78535
2.79281 1.77976
2.7966 1.77598
2.82554 1.74723
2.79618 1.7764
2.77948 1.78493
2.77761 1.78249
2.8237 1.74908
2.79266 1.77989
2.78065 1.78396
2.79792 1.77465
2.79259 1.77989
2.7796 1.78557
2.82377 1.74901
2.7797 1.78556
2.82542 1.74735
2.82437 1.74841
2.78865 1.76944
2.80683 1.76591
2.77794 1.78212
2.79692 1.77578
2.78125 1.78401
2.79831 1.77441
2.80633 1.76641
2.80604 1.7667
2.79857 1.77415
2.7796 1.78557
2.78221 1.77714
2.82523 1.74754
2.79232 1.78017
2.82514 1.74763
2.79299 1.77958
2.82525 1.74753
2.79528 1.76885
2.79314 1.77943
2.78479 1.78048
2.79208 1.7804
2.8227 1.75008
2.79238 1.7801
2.77992 1.78532
2.7961 1.76796
2.82535 1.74743
2.7943 1.77818
2.82272 1.75006
2.79681 1.7759
2.79709 1.77562
2.79131 1.78126
2.78635 1.77849
2.77795 1.7821
2.79257 1.77991
2.77983 1.7854
2.78 1.78523
2.79274 1.77981
2.79279 1.77976
2.78483 1.78045
2.79307 1.77948
2.7958 1.7769
2.79283 1.77966
2.77973 1.7855
2.825 1.74777
2.82474 1.74804
2.79291 1.76427
2.82584 1.74694
2.78156 1.78367
2.77908 1.78516
2.79306 1.7795
2.7786 1.7856
2.78087 1.78418
2.77974 1.78549
2.7959 1.76818
2.82509 1.74769
2.78029 1.78426
2.78217 1.77723
2.79553 1.77695
2.77865 1.78117
2.825 1.74778
2.80869 1.75428
2.79279 1.77976
2.79518 1.77753
2.82589 1.74689
2.79664 1.77607
2.78555 1.77317
2.79679 1.77592
2.80444 1.7683
2.77856 1.78564
2.7975 1.77521
2.79873 1.77399
2.77814 1.78188
2.77762 1.78242
2.78069 1.78448
2.79283 1.77972
2.791 1.77515
2.77963 1.78554
2.7965 1.77608
2.79749 1.77522
2.80161 1.77112
2.77961 1.78557
2.79256 1.78013
2.80722 1.76552
2.77926 1.78066
2.80387 1.75952
2.79702 1.77569
2.79317 1.7794
2.7987 1.77402
2.79372 1.77897
2.7978 1.77492
2.77906 1.7809
2.79748 1.77524
2.79306 1.77952
2.77993 1.78531
2.80653 1.76622
2.79725 1.77546
2.77776 1.78225
2.8051 1.76764
2.79735 1.77536
2.79279 1.77976
2.8008 1.77193
2.80122 1.77151
2.77968 1.78556
2.78008 1.78514
2.78096 1.78432
2.79753 1.77518
2.80346 1.76927
2.7973 1.77541
2.79382 1.77888
2.79718 1.77553
2.79256 1.77992
2.78191 1.78315
2.7975 1.77521
2.7785 1.78568
2.79246 1.78002
2.79263 1.77985
2.77947 1.78494
2.79732 1.77539
2.79282 1.77973
2.80639 1.76635
2.7975 1.77521
2.78729 1.77107
2.806 1.76675
2.79486 1.77784
2.7923 1.78024
2.8064 1.76635
2.79287 1.77969
2.79723 1.77549
2.77839 1.78575
2.79187 1.7807
2.79296 1.77961
2.77857 1.78563
2.79255 1.77993
2.78021 1.785
2.77991 1.78533
2.79313 1.77945
2.79733 1.77538
2.79827 1.77445
2.77775 1.78226
2.79252 1.78003
2.77974 1.78549
2.78162 1.78361
2.79731 1.7754
2.79538 1.77732
2.78694 1.7779
2.79823 1.77449
2.7967 1.77601
2.79708 1.77563
2.77776 1.78225
2.79009 1.78248
2.77962 1.78022
2.79256 1.77992
2.79746 1.77525
2.79594 1.76814
2.79253 1.77996
2.79328 1.77929
2.77774 1.78233
2.77894 1.78533
2.79862 1.7741
2.77856 1.78564
2.79767 1.77505
2.77961 1.78556
2.78208 1.7831
2.79773 1.77498
2.79308 1.77949
2.79574 1.77684
2.77975 1.78548
2.79286 1.77963
2.798 1.77472
2.77851 1.78565
2.79841 1.77431
2.79829 1.77442
2.77947 1.78494
2.77838 1.78576
2.79302 1.77955
2.79843 1.77429
2.77794 1.78211
2.78759 1.77071
2.77888 1.78537
2.79656 1.77614
2.79606 1.77664
2.77812 1.78202
2.78576 1.77966
2.79228 1.7802
2.79749 1.77522
2.79506 1.77764
2.79278 1.77978
2.78697 1.77146
2.78483 1.78044
2.77861 1.78559
2.79653 1.77618
2.79273 1.77985
2.7947 1.77788
2.7925 1.78005
2.78749 1.77083
2.79673 1.77598
2.79687 1.77584
2.79286 1.77962
2.79306 1.7795
2.79715 1.77557
2.79739 1.77532
2.7958 1.77691
2.79712 1.77559
2.79477 1.77781
2.79279 1.77976
2.7964 1.77631
2.7802 1.78502
2.79806 1.77452
2.79074 1.7669
2.7975 1.77521
2.7974 1.77531
2.77928 1.78593
2.79231 1.78026
2.79681 1.77589
2.77859 1.78562
2.77784 1.78224
2.79619 1.76786
2.79713 1.77558
2.77947 1.78494
2.79721 1.7755
2.77869 1.78553
2.79267 1.77982
2.77909 1.78085
2.7974 1.77531
2.79275 1.7798
2.7807 1.78448
2.78513 1.78019
2.77859 1.78558
2.79457 1.77791
2.77949 1.78576
2.79511 1.77737
2.79752 1.77519
2.79292 1.77965
2.79276 1.77981
2.78021 1.785
2.79379 1.77878
2.79294 1.77963
2.79247 1.78001
2.77829 1.78583
2.79375 1.77883
2.79597 1.76811
2.79512 1.76902
2.79159 1.78094
2.79295 1.77962
2.7979 1.77468
2.79368 1.77889
2.79263 1.77992
2.77876 1.78553
2.79244 1.78005
2.77822 1.7819
2.79229 1.78019
2.79525 1.77723
2.79542 1.77706
2.79771 1.77487
2.79389 1.77867
2.79258 1.7799
2.77974 1.78542
2.77871 1.78656
2.79285 1.77972
2.79264 1.77991
2.77974 1.78549
2.79214 1.78043
2.79282 1.77975
2.79506 1.77752
2.79449 1.77808
2.77985 1.7854
2.79518 1.7774
2.79313 1.77944
2.77764 1.78245
2.7932 1.77937
2.7932 1.77937
2.77787 1.78212
2.79135 1.78122
2.79735 1.77523
2.81044 1.75238
2.79584 1.77674
2.78772 1.77056
2.77852 1.78564
2.79716 1.77542
2.78776 1.7705
2.79694 1.77564
2.7935 1.77907
2.79287 1.7797
2.77973 1.7855
2.79699 1.77559
2.77775 1.78227
2.77952 1.78573
2.79369 1.77888
2.77856 1.78563
2.79764 1.77494
2.79744 1.77514
2.77862 1.78559
2.78054 1.78464
2.79314 1.77943
2.77786 1.78214
2.79804 1.77454
2.79277 1.77978
2.78752 1.77079
2.7789 1.78536
2.79248 1.78001
2.79225 1.78023
2.79241 1.78016
2.7786 1.7856
2.79114 1.78143
2.79319 1.77938
2.79252 1.77996
2.79286 1.77971
2.79247 1.7801
2.78492 1.78037
2.78171 1.78351
2.79254 1.77994
2.79382 1.77875
2.79312 1.77945
2.7931 1.77947
2.77874 1.78127
2.78605 1.77882
2.79299 1.77958
2.79213 1.78044
2.78202 1.78317
2.77796 1.78209
2.79344 1.77913
2.79284 1.77974
2.79375 1.77882
2.79317 1.7794
2.79381 1.77876
2.79629 1.76776
2.77771 1.78231
2.79258 1.7799
2.77969 1.78557
2.79343 1.77915
2.79348 1.77909
2.78509 1.78023
2.77862 1.78559
2.79365 1.77893
2.79366 1.77891
2.7936 1.77897
2.79366 1.77892
2.78476 1.78051
2.77863 1.78119
2.77971 1.78553
2.79287 1.7797
2.7927 1.77985
2.7938 1.77878
2.79311 1.77946
2.77846 1.78571
2.77799 1.78217
2.77857 1.78563
2.79297 1.7796
2.78883 1.76921
2.77784 1.78215
2.79253 1.78004
2.79237 1.7802
2.7792 1.78073
2.79203 1.78054
2.79279 1.77976
2.79266 1.77991
2.79317 1.7794
2.78708 1.77132
2.79286 1.77971
2.78505 1.78026
2.79288 1.77969
2.77855 1.7815
2.79246 1.7801
2.77846 1.78569
2.79268 1.77987
2.79295 1.77962
2.79293 1.77964
2.78437 1.78084
2.77927 1.78603
2.79308 1.77949
2.7925 1.77998
2.77977 1.78539
2.79319 1.77938
2.79201 1.78053
2.77962 1.78556
2.7928 1.77975
2.79377 1.77871
2.79291 1.77966
2.77857 1.78563
2.79286 1.77971
2.77948 1.78494
2.78754 1.77077
2.79312 1.77945
2.77821 1.78179
2.77852 1.78566
2.7797 1.78553
2.79274 1.77983
2.77845 1.78569
2.79267 1.77988
2.79385 1.77872
2.77739 1.78288
2.79195 1.78054
2.77957 1.78567
2.78487 1.78041
2.79303 1.77954
2.79072 1.78177
2.79284 1.77973
2.79285 1.77972
2.7796 1.78557
2.77972 1.78552
2.79313 1.77944
2.79305 1.77952
2.78178 1.77766
2.79304 1.77953
2.77962 1.78555
2.78493 1.78037
2.793 1.77957
2.77827 1.78588
2.78049 1.7846
2.79307 1.7795
2.77733 1.78286
2.77915 1.78521
2.79241 1.78013
2.79316 1.77941
2.7931 1.77947
2.77769 1.78234
2.79313 1.77944
2.77784 1.78221
2.79256 1.77992
2.79302 1.77955
2.79311 1.77946
2.77847 1.78568
2.79292 1.77965
2.79255 1.77993
2.79294 1.77963
2.79422 1.77835
2.78701 1.77777
2.79243 1.78006
2.79268 1.77989
2.79318 1.77939
2.79321 1.77936
2.79305 1.77952
2.78733 1.77102
2.79306 1.77951
2.77781 1.78225
2.7786 1.78561
2.7809 1.78415
2.79299 1.77958
2.77873 1.78549
2.79223 1.78025
2.79301 1.77956
2.78163 1.77783
2.79307 1.7795
2.79321 1.77936
2.79542 1.7687
2.7931 1.77947
2.7798 1.78544
2.79258 1.7799
2.77905 1.78091
2.79253 1.77995
2.78016 1.78437
2.7932 1.77937
2.77861 1.7856
2.77887 1.78533
2.79466 1.77782
2.79291 1.77957
2.7923 1.78019
2.79541 1.77707
2.79382 1.77867
2.79257 1.77992
2.79276 1.77979
2.7867 1.77179
2.79531 1.76882
2.7911 1.78139
2.77795 1.78211
2.79469 1.77779
2.79538 1.7771
2.79312 1.77937
2.77947 1.78572
2.79257 1.77992
2.78693 1.77787
2.7955 1.77698
2.79273 1.77982
2.80749 1.75559
2.79253 1.77995
2.79529 1.77719
2.79274 1.77981
2.78796 1.77027
2.77975 1.78549
2.79246 1.78003
2.7793 1.78502
2.79253 1.77995
2.77861 1.7856
2.79662 1.75974
2.79255 1.77994
2.79507 1.77741
2.7799 1.78533
2.79272 1.77976
2.79236 1.78012
2.79262 1.77993
2.79357 1.77891
2.77981 1.78535
2.7937 1.77878
2.79417 1.77831
2.78754 1.77078
2.77934 1.78592
2.78994 1.77465
2.79255 1.77994
2.77777 1.78224
2.79148 1.78101
2.77759 1.78254
2.79189 1.7806
2.79255 1.77993
2.77789 1.78217
2.77963 1.78555
2.79155 1.78094
2.77987 1.78537
2.79463 1.77785
2.78459 1.78065
2.79493 1.77755
2.79456 1.77792
2.79239 1.78009
2.77881 1.78543
2.79486 1.77762
2.79281 1.77974
2.79288 1.7796
2.79145 1.76604
2.79513 1.77735
2.78264 1.7825
2.79531 1.77717
2.79515 1.77733
2.79409 1.77014
2.79249 1.78
2.79238 1.78011
2.77912 1.78082
2.7929 1.77958
2.79258 1.77178
2.79215 1.78034
2.79295 1.77953
2.77868 1.78559
2.7788 1.78544
2.79296 1.77953
2.77855 1.78564
2.7928 1.77975
2.7796 1.78564
2.79195 1.78054
2.77958 1.7856
2.79375 1.77052
2.79249 1.78
2.77929 1.78049
2.77812 1.7819
2.79255 1.77993
2.78478 1.77409
2.79248 1.78001
2.78171 1.7835
2.79276 1.77979
2.77991 1.78532
2.79273 1.77975
2.7925 1.77998
2.7923 1.78018
2.79237 1.78012
2.7781 1.78192
2.77855 1.78561
2.77781 1.78225
2.79257 1.77992
2.79624 1.76781
2.79249 1.77999
2.77989 1.78535
2.79265 1.77983
2.79275 1.77973
2.7928 1.77968
2.79273 1.77975
2.79282 1.77966
2.77817 1.78184
2.79308 1.77947
2.77953 1.78565
2.79286 1.77962
2.79253 1.78001
2.79253 1.77995
2.78518 1.78015
2.79246 1.78002
2.78625 1.77233
2.79215 1.78033
2.79254 1.78001
2.79472 1.77786
2.79251 1.77998
2.78123 1.78402
2.79258 1.7799
2.79209 1.7804
2.77855 1.78138
2.79236 1.78012
2.77966 1.78558
2.79226 1.78022
2.79255 1.78
2.7799 1.78534
2.7923 1.78019
2.77782 1.78224
2.79244 1.78005
2.79248 1.78001
2.79254 1.77994
2.79255 1.77993
2.79256 1.77992
2.79247 1.78001
2.79253 1.77996
2.79237 1.78011
2.78766 1.77063
2.77987 1.78536
2.77851 1.78564
2.79278 1.77977
2.77757 1.78249
2.79254 1.77994
2.79236 1.78013
2.78024 1.78487
2.79254 1.77994
2.79248 1.78
2.79246 1.78002
2.77899 1.78634
2.79276 1.77979
2.79252 1.77996
2.78515 1.78017
2.77968 1.78558
2.79249 1.77999
2.79276 1.77979
2.79254 1.77994
2.79238 1.78011
2.79227 1.78021
2.7925 1.77999
2.77846 1.78569
2.79303 1.77953
2.7925 1.77998
2.77962 1.78555
2.79255 1.77994
2.79257 1.77991
2.78007 1.78515
2.77963 1.78554
2.78475 1.78051
2.79307 1.77948
2.79473 1.77785
2.78533 1.78002
2.79581 1.76827
2.79185 1.78069
2.77851 1.78565
2.79238 1.78016
2.78153 1.77795
2.7795 1.78492
2.77883 1.78537
2.7823 1.78273
2.7947 1.77788
2.79614 1.76032
2.79281 1.77975
2.78663 1.77819
2.79273 1.77982
2.79208 1.78046
2.79289 1.77966
2.7822 1.78298
2.79275 1.7798
2.79279 1.77976
2.79284 1.77971
2.79596 1.76811
2.77943 1.78498
2.7948 1.77778
2.77781 1.78225
2.78072 1.78445
2.77958 1.7856
2.79358 1.77898
2.7935 1.77906
2.79363 1.77894
2.78175 1.78347
2.79416 1.77841
2.77895 1.78532
2.7807 1.78447
2.79261 1.77994
2.7921 1.78044
2.79237 1.78018
2.79215 1.7804
2.79415 1.77842
2.77864 1.78558
2.79435 1.77822
2.7946 1.77798
2.79452 1.77806
2.7874 1.77094
2.79454 1.77803
2.77851 1.78564
2.79552 1.76859
2.78198 1.78321
2.7927 1.77985
2.7796 1.78557
2.79461 1.77796
2.78052 1.78456
2.78691 1.77153
2.7928 1.77975
2.79269 1.77986
2.79289 1.77966
2.77771 1.78239
2.79279 1.77976
2.77913 1.78069
2.7786 1.7856
2.77782 1.78224
2.79278 1.77977
2.79305 1.77951
2.7911 1.76647
2.79305 1.7795
2.79217 1.78037
2.7928 1.77975
2.782 1.7832
2.79298 1.77958
2.77792 1.78214
2.79293 1.77962
2.788 1.77022
2.78207 1.78312
2.79269 1.77986
2.78025 1.77948
2.78764 1.77065
2.7796 1.78558
2.79282 1.77973
2.77849 1.78566
2.79281 1.77974
2.79288 1.77967
2.79293 1.77962
2.79301 1.77954
2.7882 1.76998
2.7959 1.76819
2.79302 1.77954
2.7927 1.77985
2.79302 1.77954
2.79716 1.76681
2.7923 1.78024
2.78707 1.77133
2.77973 1.78551
2.79283 1.77972
2.79277 1.77978
2.78872 1.76935
2.78633 1.77851
2.79234 1.7802
2.79264 1.77991
2.77854 1.7813
2.77914 1.78614
2.79273 1.77982
2.79588 1.7682
2.79281 1.77974
2.7928 1.77975
2.79281 1.77974
2.77926 1.78066
2.79272 1.77983
2.78629 1.77855
2.79283 1.77972
2.78196 1.78324
2.79282 1.77973
2.79276 1.77979
2.7927 1.77985
2.79265 1.7799
2.79249 1.78005
2.77807 1.78195
2.77972 1.78552
2.79279 1.77976
2.79281 1.77974
2.78193 1.78328
2.79272 1.77983
2.77859 1.78557
2.79268 1.77987
2.7927 1.77985
2.77857 1.78563
2.79281 1.77974
2.78759 1.7707
2.79278 1.77977
2.77972 1.78551
2.7805 1.78469
2.79278 1.77977
2.79279 1.77976
2.79281 1.77974
2.77916 1.78077
2.78006 1.78517
2.78177 1.78344
2.79281 1.77974
2.77948 1.7857
2.7928 1.77975
2.79283 1.77972
2.78133 1.78392
2.77965 1.78479
2.79263 1.77992
2.78517 1.78016
2.79485 1.76932
2.79282 1.77973
2.7791 1.78085
2.79284 1.77971
2.79278 1.77977
2.78207 1.78298
2.79275 1.7798
2.79276 1.77979
2.79283 1.77972
2.79278 1.77977
2.77973 1.7855
2.7928 1.77976
2.77965 1.78559
2.79281 1.77974
2.77948 1.78571
2.78192 1.78328
2.79283 1.77973
2.79284 1.77971
2.77783 1.78223
2.79284 1.77971
2.77975 1.78549
2.7967 1.76732
2.79746 1.76649
2.79608 1.76799
2.77979 1.78536
2.79804 1.76587
2.78264 1.7823
2.77914 1.78079
2.78013 1.78509
2.80666 1.7565
2.77973 1.78552
2.81048 1.75234
2.80618 1.75702
2.79542 1.7687
2.77965 1.78552
2.7979 1.76601
2.77792 1.78215
2.80871 1.75427
2.77957 1.78561
2.79475 1.76943
2.77869 1.78657
2.77814 1.78188
2.77913 1.78609
2.81084 1.75195
2.79614 1.76792
2.77959 1.78559
2.81097 1.75181
2.77949 1.7857
2.77954 1.78564
2.79616 1.7679
2.77778 1.78223
2.79593 1.76815
2.7797 1.78553
2.77953 1.78489
2.78217 1.78302
2.78624 1.77862
2.79812 1.76577
2.77784 1.78216
2.77973 1.7855
2.78207 1.78312
2.77838 1.78159
2.77786 1.7822
2.77993 1.78531
2.80486 1.75846
2.77864 1.78557
2.7819 1.7833
2.78483 1.78045
2.78053 1.78465
2.78884 1.77584
2.79288 1.77146
2.79628 1.76777
2.7785 1.78566
2.77998 1.78538
2.77942 1.78498
2.77945 1.78496
2.79564 1.76847
2.77932 1.78597
2.79629 1.76775
2.77963 1.78554
2.79771 1.76622
2.79493 1.76923
2.78168 1.7834
2.79481 1.76936
2.79549 1.76863
2.78495 1.78
2.80676 1.75638
2.77918 1.78075
2.77973 1.78551
2.77966 1.7856
2.81024 1.7526
2.78187 1.78333
2.79371 1.7633
2.7786 1.78561
2.78201 1.78318
2.78191 1.78329
2.7794 1.78588
2.7959 1.76818
2.77776 1.78231
2.77973 1.7855
2.79604 1.76803
2.79892 1.76491
2.81084 1.75195
2.77774 1.78228
2.77948 1.78577
2.7811 1.78393
2.78255 1.7826
2.77792 1.78212
2.77832 1.78583
2.77969 1.78554
2.77939 1.78501
2.79013 1.77444
2.79514 1.769
2.77988 1.78535
2.78176 1.78345
2.79059 1.77395
2.80979 1.75309
2.77989 1.78535
2.782 1.78319
2.79555 1.76856
2.78174 1.7777
2.78182 1.78338
2.77781 1.78225
2.77987 1.78537
2.79072 1.76693
2.78205 1.78314
2.77961 1.78024
2.8042 1.75917
2.77863 1.78558
2.78237 1.7828
2.7798 1.78535
2.77958 1.78566
2.77899 1.78098
2.77785 1.78221
2.7799 1.78533
2.78206 1.78313
2.77962 1.78555
2.77851 1.78564
2.77946 1.78573
2.77781 1.78227
2.78153 1.7837
2.78474 1.78053
2.81104 1.75173
2.7812 1.78406
2.78201 1.78318
2.78201 1.78318
2.77856 1.78563
2.81025 1.75259
2.79276 1.77159
2.77908 1.78527
2.79575 1.76834
2.8012 1.76243
2.77901 1.78083
2.78004 1.78531
2.77901 1.78622
2.7797 1.78555
2.8052 1.75809
2.77963 1.78555
2.77993 1.7853
2.80418 1.75919
2.80647 1.7567
2.79426 1.76996
2.77941 1.78579
2.77984 1.78541
2.77861 1.7856
2.78265 1.7825
2.80798 1.75506
2.7781 1.78193
2.79568 1.76842
2.78516 1.78017
2.79618 1.76787
2.78503 1.78028
2.80616 1.75704
2.79625 1.7678
2.77795 1.78211
2.79528 1.76885
2.78685 1.7716
2.77975 1.78548
2.77961 1.78556
2.78206 1.78312
2.77869 1.78554
2.80765 1.75542
2.77783 1.78223
2.77776 1.78231
2.77952 1.78566
2.80989 1.75298
2.79599 1.76809
2.79585 1.76824
2.77944 1.78496
2.78182 1.78338
2.80959 1.75331
2.7799 1.78534
2.8095 1.75341
2.78195 1.78325
2.7796 1.78557
2.80888 1.75408
2.77854 1.78565
2.80906 1.75389
2.79615 1.76791
2.78683 1.77797
2.7798 1.78545
2.80959 1.7533
2.7796 1.78558
2.81078 1.75202
2.77993 1.78531
2.77951 1.78576
2.77784 1.78222
2.78142 1.78382
2.78036 1.78497
2.77923 1.78599
2.79666 1.76736
2.79009 1.77448
2.77955 1.78563
2.77968 1.78555
2.77942 1.78498
2.79602 1.76804
2.79525 1.76889
2.77957 1.78561
2.79584 1.76825
2.7979 1.76601
2.79764 1.76629
2.78172 1.7835
2.79408 1.77015
2.77846 1.7814
2.77974 1.78549
2.796 1.76807
2.77782 1.78224
2.78559 1.77932
2.79734 1.76662
2.79587 1.76821
2.78588 1.779
2.77838 1.78159
2.78198 1.78321
2.797 1.76699
2.78219 1.78285
2.7965 1.76754
2.7845 1.78073
2.77926 1.78595
2.79485 1.76933
2.77868 1.7856
2.78063 1.78454
2.79589 1.76819
2.77994 1.7853
2.79792 1.76599
2.79606 1.76801
2.77962 1.78555
2.7965 1.76753
2.79026 1.77579
2.77851 1.78567
2.7981 1.76579
2.78859 1.76951
2.77961 1.78557
2.78844 1.76968
2.7958 1.76829
2.77769 1.78233
2.77854 1.78565
2.78549 1.77942
2.77794 1.78212
2.78189 1.78318
2.79522 1.76146
2.7966 1.76742
2.7786 1.78561
2.78042 1.78468
2.78699 1.7778
2.79578 1.76832
2.77959 1.78559
2.78268 1.78246
2.78155 1.78368
2.79794 1.76597
2.78271 1.78243
2.79615 1.76791
2.79744 1.76651
2.78185 1.78335
2.77854 1.78566
2.79594 1.76813
2.78205 1.78314
2.77964 1.7856
2.77988 1.78536
2.77791 1.78215
2.78197 1.78323
2.77785 1.78215
2.77987 1.78537
2.79604 1.76802
2.78841 1.76973
2.77962 1.78556
2.77979 1.78537
2.79806 1.76584
2.77969 1.78555
2.79806 1.76584
2.77979 1.78546
2.7936 1.77067
2.78584 1.77282
2.77981 1.78535
2.78375 1.78131
2.79627 1.76777
2.78762 1.77067
2.78124 1.78402
2.77953 1.78566
2.77956 1.78562
2.78269 1.78245
2.77919 1.78073
2.7811 1.78392
2.79608 1.76799
2.79377 1.77049
2.79465 1.76954
2.77843 1.78153
2.79479 1.76938
2.79277 1.77158
2.77959 1.78558
2.79509 1.76906
2.79572 1.76838
2.79525 1.76888
2.78539 1.77954
2.77946 1.78495
2.79568 1.76842
2.77888 1.78637
2.79547 1.76864
2.77988 1.78536
2.77764 1.78248
2.79627 1.76778
2.77788 1.78211
2.77986 1.78537
2.77957 1.78561
2.77774 1.78228
2.78263 1.78251
2.77949 1.78492
2.78191 1.7833
2.77946 1.78495
2.77963 1.78555
2.79547 1.76865
2.79572 1.76838
2.77965 1.78561
2.77937 1.78592
2.77979 1.78537
2.78038 1.78482
2.78011 1.78511
2.79609 1.76797
2.77764 1.78239
2.7958 1.76829
2.78507 1.77988
2.77968 1.78556
2.79624 1.76781
2.77975 1.78551
2.77861 1.7856
2.79539 1.76873
2.77983 1.7854
2.77843 1.78575
2.79371 1.77056
2.79567 1.76843
2.79619 1.76786
2.78202 1.78318
2.77987 1.78537
2.77959 1.78559
2.7779 1.78216
2.77852 1.78132
2.79604 1.76803
2.79489 1.76927
2.77965 1.78479
2.79577 1.76832
2.78163 1.78345
2.78064 1.78454
2.78142 1.78368
2.77951 1.78567
2.79518 1.76896
2.78137 1.78374
2.77974 1.78549
2.77966 1.78558
2.79542 1.7687
2.77981 1.78542
2.79604 1.76802
2.79552 1.76859
2.78206 1.78313
2.78192 1.78328
2.7796 1.78558
2.78675 1.77806
2.79562 1.76848
2.78188 1.78332
2.7784 1.78148
2.79565 1.76845
2.79582 1.76827
2.77949 1.78579
2.7865 1.77833
2.7795 1.78577
2.79587 1.76821
2.78205 1.78314
2.77941 1.78585
2.79522 1.76892
2.7799 1.78533
2.79469 1.7695
2.77777 1.78224
2.77972 1.78552
2.78159 1.7835
2.79572 1.76838
2.77953 1.78566
2.79601 1.76806
2.79469 1.76949
2.78174 1.78347
2.79488 1.76928
2.77902 1.78094
2.78092 1.78423
2.78184 1.78337
2.77962 1.78555
2.7797 1.78553
2.77975 1.78542
2.78262 1.78253
2.77852 1.78566
2.77933 1.78593
2.77848 1.7857
2.77986 1.78536
2.79583 1.76825
2.77992 1.78532
2.79597 1.76811
2.79607 1.768
2.77917 1.78077
2.79619 1.76787
2.78408 1.77494
2.7797 1.78554
2.7962 1.76786
2.78135 1.78389
2.77989 1.78526
2.7823 1.78272
2.78622 1.77237
2.77915 1.78078
2.79628 1.76777
2.78173 1.78349
2.77989 1.78535
2.78206 1.78313
2.78623 1.77862
2.77951 1.78567
2.78189 1.78331
2.77898 1.78646
2.78205 1.78314
2.78158 1.78351
2.78208 1.78311
2.78775 1.77052
2.77774 1.78228
2.78414 1.78088
2.77918 1.78075
2.78463 1.78036
2.77961 1.78578
2.77785 1.78223
2.78473 1.78024
2.78209 1.7831
2.78297 1.78214
2.78728 1.77108
2.78197 1.78323
2.77902 1.78642
2.77872 1.78547
2.78184 1.78337
2.78223 1.78294
2.7866 1.77822
2.78103 1.78424
2.77954 1.78564
2.78589 1.77899
2.78395 1.78109
2.7821 1.78309
2.78407 1.78096
2.78043 1.78476
2.79014 1.77589
2.77991 1.78533
2.78198 1.78321
2.77785 1.78221
2.78024 1.7851
2.77942 1.78498
2.7815 1.78374
2.77788 1.7821
2.7831 1.78191
2.78092 1.78436
2.78203 1.78316
2.78191 1.78329
2.79615 1.76032
2.77773 1.78228
2.78473 1.78025
2.77962 1.78556
2.77921 1.78071
2.7785 1.78565
2.78163 1.78359
2.78599 1.77888
2.77802 1.7861
2.77861 1.78559
2.78208 1.7831
2.78176 1.78345
2.77965 1.78552
2.77853 1.78566
2.782 1.7832
2.78196 1.78324
2.77775 1.78226
2.77842 1.78575
2.78076 1.78453
2.78653 1.7783
2.78096 1.78408
2.77989 1.78535
2.77979 1.78546
2.78129 1.78396
2.78202 1.78317
2.77776 1.78225
2.78935 1.76859
2.77977 1.78547
2.7795 1.78569
2.77775 1.78233
2.77852 1.78564
2.77888 1.78646
2.77992 1.78532
2.77971 1.78552
2.78263 1.78251
2.77878 1.78546
2.78136 1.78389
2.78044 1.78489
2.77856 1.78563
2.77781 1.78226
2.778 1.78205
2.77959 1.78565
2.78511 1.78021
2.77986 1.78538
2.78199 1.78321
2.77959 1.78558
2.78102 1.78425
2.77923 1.78069
2.78245 1.78271
2.78933 1.7766
2.77954 1.78571
2.7794 1.785
2.77977 1.78547
2.77948 1.78493
2.77947 1.78494
2.78203 1.78316
2.78233 1.78284
2.78123 1.77831
2.78187 1.78333
2.78195 1.78325
2.78162 1.78361
2.7779 1.78216
2.79132 1.7662
2.77969 1.78557
2.77997 1.78526
2.77849 1.78566
2.7797 1.78556
2.77974 1.78549
2.77916 1.78077
2.77993 1.7853
2.77962 1.78555
2.78239 1.78278
2.77987 1.78537
2.77859 1.78561
2.7812 1.78392
2.77945 1.78574
2.77932 1.78507
2.77992 1.78532
2.78245 1.78271
2.77957 1.78561
2.77976 1.7854
2.77983 1.78541
2.77779 1.78222
2.78233 1.78284
2.78099 1.78405
2.78254 1.78262
2.78104 1.78399
2.77777 1.78224
2.78248 1.78268
2.78133 1.77819
2.77984 1.7854
2.78076 1.78454
2.78203 1.78317
2.7799 1.78534
2.77979 1.78546
2.78186 1.78335
2.7905 1.77558
2.78137 1.78388
2.77957 1.7856
2.7785 1.78565
2.78086 1.78443
2.77972 1.78551
2.78126 1.784
2.77941 1.78579
2.77903 1.78093
2.7816 1.78363
2.77986 1.78539
2.78125 1.784
2.78713 1.77126
2.77958 1.78566
2.77943 1.78577
2.78164 1.78358
2.78175 1.78346
2.78205 1.78314
2.78435 1.77461
2.78188 1.78332
2.77986 1.78536
2.77947 1.78494
2.78181 1.7834
2.78189 1.78331
2.78199 1.7832
2.77864 1.78558
2.78153 1.7837
2.77847 1.78568
2.78236 1.78266
2.78203 1.78316
2.78174 1.78347
2.78194 1.78326
2.78203 1.78316
2.77913 1.78614
2.78084 1.77878
2.77954 1.78564
2.77967 1.7855
2.7793 1.78502
2.78201 1.78318
2.77981 1.78542
2.77924 1.78068
2.7787 1.78665
2.78775 1.77052
2.78008 1.78513
2.78725 1.77112
2.77959 1.78559
2.77971 1.78552
2.78194 1.78326
2.7796 1.78557
2.77967 1.78559
2.78062 1.78446
2.77781 1.78225
2.78194 1.78325
2.78202 1.78317
2.77848 1.78567
2.78089 1.78416
2.77957 1.78561
2.78166 1.78342
2.785 1.7803
2.79575 1.7608
2.78021 1.78501
2.78096 1.78419
2.78017 1.78504
2.77772 1.78236
2.77965 1.78561
2.77966 1.78558
2.77955 1.78563
2.77948 1.78571
2.78104 1.78399
2.77911 1.78612
2.77992 1.78531
2.7876 1.7707
2.78126 1.78386
2.77982 1.78542
2.77976 1.78549
2.7824 1.78262
2.782 1.78305
2.78226 1.78276
2.77975 1.78551
2.77986 1.78538
2.78238 1.78263
2.78086 1.78429
2.78058 1.7846
2.77994 1.7853
2.77935 1.78594
2.78201 1.78304
2.77803 1.78201
2.77974 1.78542
2.77939 1.7805
2.7818 1.78327
2.77977 1.78548
2.77782 1.78225
2.7796 1.78564
2.7806 1.78457
2.78018 1.78504
2.78215 1.78288
2.77963 1.78554
2.78737 1.77097
2.78214 1.7829
2.77991 1.78533
2.78204 1.78301
2.7822 1.78283
2.77927 1.78603
2.7843 1.7809
2.77822 1.78593
2.78215 1.78288
2.77975 1.7855
2.77988 1.78536
2.77954 1.78573
2.77957 1.7857
2.78024 1.78497
2.77788 1.78217
2.77783 1.78222
2.7794 1.78589
2.7785 1.78566
2.77974 1.78551
2.7799 1.78534
2.77992 1.78532
2.78024 1.78497
2.77962 1.78555
2.77898 1.78099
2.77964 1.78562
2.77852 1.78567
2.77999 1.78524
2.78011 1.78511
2.77988 1.78536
2.78005 1.78517
2.78016 1.78505
2.77984 1.78538
2.78013 1.78509
2.77945 1.78495
2.78016 1.78505
2.77963 1.78554
2.77775 1.78226
2.77968 1.78556
2.77953 1.78034
2.7802 1.78502
2.78023 1.78498
2.77862 1.78559
2.77979 1.78536
2.7796 1.78567
2.77977 1.78546
2.77772 1.78236
2.7799 1.78534
2.77952 1.78576
2.79646 1.75993
2.77935 1.78594
2.77994 1.7853
2.77973 1.78551
2.77992 1.78532
2.77976 1.78549
2.77981 1.78544
2.7798 1.78545
2.77842 1.78155
2.7793 1.78061
2.77984 1.7854
2.77993 1.78531
2.78022 1.78489
2.77857 1.78559
2.77976 1.78549
2.77967 1.78557
2.78026 1.78494
2.77931 1.7859
2.77951 1.78577
2.78118 1.78351
2.7795 1.78491
2.77785 1.78221
2.77989 1.78535
2.78086 1.78378
2.77858 1.78562
2.7954 1.76124
2.77985 1.78539
2.77975 1.7855
2.77981 1.78544
2.77988 1.78536
2.77861 1.78559
2.77984 1.78541
2.77954 1.78571
2.77988 1.78536
2.7799 1.78534
2.77765 1.78239
2.77989 1.78535
2.77979 1.78546
2.77961 1.78556
2.7798 1.78544
2.78035 1.78485
2.77992 1.78531
2.77973 1.7855
2.78108 1.78394
2.77983 1.78542
2.77775 1.78226
2.77983 1.78542
2.77984 1.7854
2.77994 1.7853
2.77988 1.78536
2.77947 1.78572
2.7796 1.78558
2.77841 1.78155
2.77856 1.78564
2.77946 1.78573
2.77993 1.7853
2.77974 1.78549
2.77993 1.7853
2.77937 1.78583
2.77948 1.78571
2.77969 1.78547
2.77962 1.78556
2.78039 1.78471
2.78068 1.78439
2.78758 1.77073
2.78102 1.78401
2.77899 1.78098
2.7784 1.78157
2.77955 1.78563
2.78514 1.78018
2.77957 1.78561
2.78098 1.78406
2.7797 1.78553
2.77956 1.78562
2.78835 1.77744
2.7796 1.78557
2.77852 1.78564
2.77958 1.7856
2.77899 1.78625
2.77791 1.78213
2.77943 1.78497
2.77964 1.7856
2.78018 1.78493
2.78042 1.78467
2.78072 1.78445
2.77961 1.78557
2.77907 1.78616
2.7808 1.78426
2.78062 1.78446
2.77953 1.78565
2.77977 1.78539
2.78108 1.78395
2.77958 1.7856
2.77961 1.78556
2.77981 1.78534
2.77931 1.7859
2.77961 1.78557
2.77957 1.78561
2.77958 1.78559
2.77978 1.78545
2.77966 1.78551
2.77972 1.78545
2.77971 1.78546
2.7797 1.78547
2.78406 1.77497
2.77959 1.78558
2.78058 1.7846
2.77782 1.78224
2.7796 1.78558
2.78725 1.77112
2.77936 1.78584
2.77924 1.78068
2.77956 1.78561
2.77956 1.78562
2.77946 1.78572
2.77851 1.78564
2.77959 1.78559
2.77794 1.78212
2.77951 1.78568
2.77957 1.78561
2.77961 1.78564
2.77955 1.78563
2.77859 1.78561
2.77961 1.78556
2.77921 1.78516
2.77962 1.78556
2.77952 1.78566
2.77972 1.78551
2.77971 1.78552
2.77958 1.7856
2.77975 1.78549
2.77958 1.78559
2.77985 1.78538
2.77774 1.78227
2.77963 1.78554
2.77968 1.78556
2.77926 1.78601
2.77953 1.78572
2.77973 1.78551
2.7797 1.78554
2.78502 1.78029
2.77937 1.78589
2.77857 1.7856
2.79587 1.76065
2.77978 1.78545
2.77975 1.78548
2.77945 1.78495
2.78032 1.78487
2.77969 1.78554
2.78051 1.78467
2.77973 1.78551
2.78074 1.78443
2.78759 1.77071
2.78073 1.78444
2.78012 1.78509
2.78041 1.78478
2.77855 1.78561
2.77952 1.78573
2.77985 1.78538
2.7806 1.78458
2.77842 1.78572
2.77971 1.78552
2.78059 1.78459
2.77843 1.78575
2.78066 1.78452
2.78064 1.78454
2.77973 1.7855
2.77781 1.78227
2.77973 1.78551
2.77972 1.78551
2.77858 1.78558
2.77942 1.78583
2.77973 1.7855
2.77974 1.78549
2.77975 1.78549
2.77969 1.78555
2.77984 1.78538
2.77966 1.78558
2.77951 1.78574
2.77958 1.78566
2.77964 1.7856
2.77965 1.78559
2.77975 1.78548
2.77975 1.78549
2.77969 1.78555
2.78646 1.77208
2.77974 1.78549
2.77974 1.7855
2.78515 1.78018
2.77974 1.7855
2.77771 1.78232
2.77969 1.78554
2.77974 1.78549
2.77859 1.78562
2.7786 1.7856
2.77963 1.78561
2.77915 1.78515
2.77968 1.78555
2.77974 1.7855
2.77966 1.78558
2.7786 1.78561
2.77958 1.78566
2.77924 1.78508
2.77973 1.7855
2.77973 1.78551
2.77974 1.78549
2.77967 1.78556
2.77968 1.78556
2.77974 1.7855
2.77972 1.78551
2.77974 1.78549
2.77975 1.78548
2.77974 1.78549
2.77975 1.78548
2.77972 1.78551
2.77975 1.78548
2.77975 1.78548
2.77785 1.78221
2.78217 1.77719
2.77949 1.78486
2.77936 1.78503
2.78765 1.77064
2.77788 1.78211
2.78882 1.76923
2.79399 1.76295
2.79629 1.76014
2.79489 1.76185
2.78874 1.76933
2.77919 1.78074
2.77978 1.78003
2.7945 1.76234
2.77861 1.78121
2.78728 1.77108
2.79622 1.76023
2.78768 1.7706
2.79658 1.75979
2.77835 1.78163
2.7795 1.78492
2.78756 1.77075
2.77746 1.78269
2.7877 1.77057
2.78887 1.76916
2.77781 1.78228
2.77855 1.78564
2.78765 1.77064
2.79232 1.76498
2.77948 1.78493
2.77796 1.78209
2.77832 1.78166
2.78496 1.78034
2.77915 1.78078
2.78777 1.7705
2.78223 1.77715
2.7789 1.78108
2.78777 1.77049
2.77897 1.781
2.77778 1.78223
2.77943 1.78045
2.77939 1.78501
2.78862 1.76946
2.79406 1.76287
2.78679 1.77167
2.78444 1.77451
2.78756 1.77075
2.77784 1.78222
2.77779 1.78227
2.77917 1.78077
2.77857 1.78563
2.78774 1.77053
2.7965 1.75989
2.78773 1.77054
2.77827 1.78172
2.77925 1.78066
2.78766 1.77063
2.78396 1.77508
2.77923 1.78069
2.79252 1.76474
2.78738 1.77096
2.78518 1.78015
2.77942 1.78047
2.7778 1.78229
2.78585 1.7728
2.77949 1.78492
2.77794 1.78211
2.77924 1.78068
2.77845 1.7815
2.77768 1.78236
2.77892 1.78106
2.78761 1.77068
2.78689 1.77156
2.7779 1.78215
2.77957 1.78029
2.78465 1.77425
2.77785 1.78222
2.78547 1.77991
2.77872 1.7813
2.77921 1.78071
2.7792 1.78072
2.7785 1.78565
2.77921 1.78072
2.78764 1.77065
2.78871 1.76936
2.77803 1.78212
2.77773 1.78229
2.78731 1.77104
2.77896 1.78101
2.79251 1.76476
2.7779 1.78216
2.77778 1.78223
2.77791 1.78216
2.79479 1.76198
2.77763 1.78247
2.78741 1.77093
2.78751 1.77081
2.77917 1.78077
2.78537 1.77338
2.77851 1.78565
2.79544 1.76119
2.77922 1.7807
2.7821 1.77727
2.77919 1.78074
2.79576 1.7608
2.77885 1.78114
2.77754 1.78253
2.77783 1.78224
2.78633 1.77223
2.78746 1.77087
2.77841 1.78147
2.78715 1.77124
2.78874 1.76933
2.7786 1.78561
2.77903 1.78093
2.78645 1.77209
2.77923 1.78069
2.7864 1.77215
2.78135 1.77816
2.77744 1.78265
2.77919 1.78074
2.78703 1.77138
2.7879 1.77034
2.77782 1.78224
2.78691 1.77154
2.77775 1.78226
2.78875 1.76931
2.78771 1.77057
2.77776 1.78225
2.77773 1.78229
2.78817 1.77002
2.77776 1.78225
2.77783 1.78223
2.77908 1.78516
2.77795 1.78211
2.78857 1.76954
2.7883 1.76986
2.77772 1.7823
2.77893 1.78105
2.78847 1.76966
2.77911 1.78083
2.77866 1.78556
2.77851 1.78567
2.77923 1.78069
2.77893 1.78105
2.77792 1.78214
2.77772 1.78238
2.77762 1.78242
2.77832 1.78583
2.78763 1.77067
2.78514 1.78019
2.77864 1.78557
2.77787 1.78212
2.77925 1.78067
2.78883 1.76921
2.78776 1.7705
2.78495 1.78034
2.77792 1.78212
2.78625 1.77232
2.77779 1.78228
2.77855 1.78565
2.78769 1.77059
2.77785 1.78221
2.78768 1.7706
2.77961 1.78024
2.78626 1.77231
2.77784 1.78222
2.78775 1.77051
2.77918 1.78076
2.78566 1.77304
2.77773 1.78237
2.78777 1.77049
2.7815 1.77799
2.78705 1.77136
2.78696 1.77147
2.78741 1.77093
2.77791 1.78213
2.77914 1.78079
2.78742 1.77092
2.78754 1.77077
2.78743 1.7709
2.77779 1.78229
2.77762 1.7825
2.78762 1.77068
2.77807 1.78197
2.78766 1.77063
2.77921 1.78072
2.77851 1.78564
2.77781 1.78226
2.77852 1.78564
2.78774 1.77052
2.77785 1.78223
2.78713 1.77126
2.78723 1.77114
2.78775 1.77052
2.7779 1.78215
2.77921 1.78071
2.77779 1.78228
2.77792 1.78214
2.78715 1.77125
2.78694 1.7715
2.77784 1.78223
2.78622 1.77236
2.77778 1.78223
2.77774 1.78235
2.78676 1.77171
2.78746 1.77087
2.77925 1.78067
2.77898 1.78087
2.78754 1.77077
2.78766 1.77062
2.77885 1.78102
2.78711 1.77129
2.77853 1.78563
2.77882 1.78106
2.77785 1.78221
2.7778 1.78227
2.77876 1.78548
2.77938 1.78039
2.77776 1.78225
2.78707 1.77133
2.77794 1.78212
2.77771 1.78237
2.77791 1.78215
2.78763 1.77067
2.77924 1.78069
2.77915 1.78079
2.78205 1.77733
2.77847 1.78568
2.77896 1.78101
2.77913 1.78081
2.77908 1.78087
2.78752 1.77079
2.78145 1.78329
2.78757 1.77073
2.77785 1.78221
2.7777 1.78233
2.77783 1.78222
2.78754 1.77077
2.78763 1.77066
2.77794 1.78211
2.77777 1.78224
2.7795 1.78491
2.77783 1.78223
2.77895 1.7809
2.77784 1.78222
2.78743 1.7709
2.77772 1.78231
2.77829 1.78161
2.77902 1.78094
2.78773 1.77055
2.77904 1.78091
2.78769 1.77059
2.77933 1.78057
2.77863 1.78558
2.7791 1.78084
2.77784 1.78222
2.77794 1.78211
2.7875 1.77082
2.78742 1.77091
2.77957 1.78029
2.77792 1.78213
2.78753 1.77079
2.77897 1.7853
2.77866 1.78116
2.7875 1.77082
2.78777 1.77049
2.77795 1.7821
2.77919 1.78073
2.78772 1.77056
2.77881 1.78119
2.78777 1.7705
2.77904 1.78092
2.77793 1.78213
2.78209 1.77729
2.77962 1.78023
2.78174 1.7777
2.77891 1.78535
2.77771 1.78232
2.77785 1.78221
2.77923 1.78069
2.77895 1.78091
2.77925 1.78067
2.78048 1.7792
2.77923 1.78069
2.77778 1.78223
2.78077 1.77885
2.77777 1.78243
2.78084 1.77877
2.77925 1.78066
2.77858 1.78147
2.77954 1.78032
2.78205 1.77733
2.77918 1.78075
2.77792 1.78214
2.78217 1.77719
2.7778 1.7822
2.77741 1.78285
2.77783 1.78223
2.7791 1.78084
2.78518 1.78015
2.77777 1.78224
2.77934 1.78056
2.77924 1.78068
2.78196 1.77744
2.77862 1.78142
2.78037 1.77934
2.78044 1.77925
2.7839 1.78124
2.78104 1.77854
2.77826 1.78173
2.77919 1.78074
2.77776 1.78233
2.77814 1.78198
2.77793 1.78212
2.77855 1.7815
2.778 1.78204
2.77922 1.78071
2.77915 1.78079
2.77777 1.78224
2.7816 1.77787
2.77906 1.7809
2.7789 1.78536
2.77779 1.78222
2.77929 1.78509
2.77955 1.78031
2.77777 1.78224
2.77785 1.78221
2.77863 1.78558
2.78192 1.77749
2.7818 1.77763
2.77783 1.78223
2.78198 1.77742
2.77826 1.78585
2.77777 1.78224
2.78181 1.77762
2.77769 1.78239
2.78192 1.77749
2.77858 1.78126
2.77878 1.78123
2.7778 1.78228
2.77915 1.78078
2.77917 1.78077
2.77756 1.78257
2.77862 1.78559
2.77777 1.78225
2.77826 1.78184
2.7792 1.78073
2.77776 1.78232
2.77861 1.78143
2.77947 1.78041
2.77917 1.78076
2.78422 1.78097
2.77912 1.78082
2.77703 1.78322
2.77897 1.781
2.77785 1.78221
2.77904 1.78092
2.77776 1.78226
2.77798 1.78207
2.77958 1.78027
2.77784 1.78222
2.77859 1.78558
2.77796 1.78209
2.77932 1.78059
2.77792 1.78214
2.77872 1.78118
2.77785 1.78221
2.77949 1.78493
2.77947 1.78041
2.77959 1.78027
2.77921 1.78072
2.7779 1.78217
2.7794 1.78049
2.77741 1.78269
2.78516 1.78017
2.77845 1.78162
2.77922 1.78071
2.77949 1.78038
2.77961 1.78024
2.77925 1.78067
2.77895 1.78102
2.77768 1.78234
2.77925 1.78067
2.77852 1.78154
2.77783 1.78223
2.77875 1.78126
2.77896 1.78101
2.7787 1.78553
2.77791 1.78215
2.77875 1.78126
2.7777 1.78233
2.77782 1.78227
2.77775 1.78232
2.77846 1.7814
2.77905 1.7809
2.77923 1.78069
2.77913 1.78081
2.77906 1.78089
2.77776 1.78225
2.77918 1.78075
2.77792 1.78213
2.77914 1.78079
2.77908 1.78086
2.77922 1.78071
2.77819 1.78181
2.77921 1.78072
2.77922 1.7807
2.77785 1.78221
2.77913 1.78081
2.77919 1.78074
2.7794 1.78494
2.7792 1.78073
2.77892 1.78106
2.77942 1.78034
2.7788 1.7812
2.77925 1.78067
2.77775 1.78232
2.7778 1.78228
2.77914 1.7808
2.77916 1.78077
2.77852 1.78564
2.77851 1.78564
2.77845 1.78141
2.77922 1.78071
2.77772 1.7823
2.7778 1.78221
2.77921 1.78072
2.77788 1.78217
2.77857 1.78127
2.77722 1.78299
2.77775 1.78226
2.77908 1.78087
2.7791 1.78085
2.77922 1.7807
2.77763 1.78241
2.77776 1.78225
2.77837 1.78151
2.77913 1.78081
2.77777 1.78224
2.77748 1.78264
2.77921 1.78071
2.77853 1.78131
2.77841 1.78572
2.77926 1.78066
2.77783 1.78225
2.77814 1.78188
2.77774 1.78227
2.78914 1.77676
2.779 1.78085
2.77812 1.7819
2.77853 1.78566
2.77808 1.78195
2.77858 1.78136
2.77936 1.78041
2.77856 1.78564
2.77779 1.78229
2.77942 1.78034
2.77779 1.78227
2.77838 1.78159
2.77853 1.78566
2.77779 1.78228
2.77788 1.78219
2.77773 1.78229
2.77769 1.78234
2.77863 1.7812
2.77813 1.78189
2.77875 1.78114
2.77901 1.78522
2.77931 1.78047
2.77775 1.78226
2.77789 1.78217
2.77778 1.78223
2.77786 1.78222
2.77779 1.78227
2.77792 1.78214
2.77936 1.78041
2.77789 1.78218
2.77852 1.78143
2.77849 1.78137
2.77846 1.7815
2.77835 1.78163
2.77796 1.78209
2.77796 1.78209
2.77741 1.78276
2.77842 1.78575
2.77761 1.78252
2.77794 1.78211
2.7792 1.7806
2.77915 1.78066
2.77744 1.78272
2.7778 1.78227
2.78546 1.77991
2.77858 1.78126
2.77805 1.78199
2.77778 1.78223
2.77811 1.78192
2.77794 1.78211
2.77922 1.78058
2.78459 1.78065
2.77932 1.78046
2.77756 1.78257
2.77826 1.78594
2.77929 1.78049
2.77783 1.78223
2.77793 1.78213
2.77734 1.78284
2.78527 1.78008
2.77791 1.78215
2.77776 1.78226
2.77792 1.78214
2.77812 1.7819
2.77774 1.78236
2.77776 1.78225
2.77786 1.78213
2.77793 1.78213
2.77764 1.78248
2.77803 1.78201
2.77792 1.78215
2.77785 1.78221
2.77747 1.78261
2.77813 1.7819
2.77777 1.78224
2.77778 1.7823
2.77798 1.78207
2.77807 1.78196
2.77803 1.78201
2.7781 1.78192
2.77808 1.78195
2.7781 1.78193
2.77812 1.7819
2.77862 1.78559
2.77794 1.78212
2.77771 1.78239
2.77781 1.78227
2.77761 1.78251
2.77796 1.78209
2.77784 1.78222
2.77783 1.78225
2.7778 1.78229
2.77857 1.78564
2.77795 1.7821
2.77786 1.78221
2.78511 1.78021
2.77789 1.78218
2.77788 1.78219
2.77775 1.78227
2.77791 1.78216
2.77794 1.78212
2.77774 1.78228
2.7776 1.78249
2.77786 1.78221
2.77794 1.78212
2.77782 1.78226
2.7778 1.78226
2.77815 1.78185
2.77759 1.78247
2.7777 1.7824
2.77863 1.78559
2.77793 1.78213
2.77791 1.78215
2.77722 1.78292
2.77773 1.78229
2.77794 1.78212
2.77795 1.78211
2.77844 1.78152
2.77946 1.78495
2.7779 1.78217
2.77791 1.78215
2.7779 1.78216
2.77792 1.78214
2.77795 1.78211
2.77793 1.78213
2.77772 1.7823
2.77794 1.78212
2.77777 1.78224
2.77791 1.78216
2.77793 1.78212
2.77787 1.78219
2.77796 1.78209
2.77777 1.78224
2.77788 1.78219
2.77945 1.78496
2.77791 1.78215
2.77785 1.78221
2.77784 1.78222
2.77792 1.78214
2.77842 1.78572
2.7779 1.78216
2.77793 1.78213
2.78514 1.78018
2.77778 1.78223
2.77768 1.78235
2.77776 1.78225
2.77948 1.78493
2.77785 1.78221
2.77796 1.78209
2.77769 1.78234
2.77823 1.78168
2.77783 1.78223
2.77733 1.78278
2.77786 1.78213
2.77861 1.78121
2.77794 1.78204
2.77773 1.78229
2.77774 1.78228
2.77777 1.78224
2.77722 1.78291
2.77859 1.78125
2.77782 1.78224
2.77774 1.78228
2.77776 1.78225
2.78452 1.78071
2.77775 1.78227
2.7774 1.7827
2.77852 1.78133
2.77782 1.78219
2.77771 1.78232
2.77807 1.78187
2.77843 1.78153
2.78319 1.78184
2.785 1.7803
2.77807 1.78187
2.77831 1.78158
2.77744 1.78264
2.77777 1.78225
2.77825 1.78166
2.77839 1.78149
2.77848 1.78138
2.77837 1.78151
2.77754 1.78253
2.77764 1.7824
2.77775 1.78227
2.77771 1.78231
2.77787 1.78212
2.77787 1.78212
2.77887 1.78538
2.77789 1.7821
2.77974 1.78472
2.77758 1.78247
2.77853 1.78562
2.77775 1.78227
2.77777 1.78225
2.7792 1.78516
2.77782 1.78218
2.7777 1.78232
2.77773 1.78229
2.77771 1.78231
2.77777 1.78224
2.77775 1.78227
2.77783 1.78217
2.77783 1.78217
2.77784 1.78216
2.77782 1.78218
2.77776 1.78226
2.78544 1.77993
2.77786 1.78213
2.77772 1.78231
2.77786 1.78213
2.77763 1.78242
2.77762 1.78243
2.77765 1.78239
2.77778 1.78223
2.77768 1.78235
2.77763 1.78242
2.77774 1.78227
2.77768 1.78235
2.77776 1.78225
2.77776 1.78231
2.77769 1.78234
2.77773 1.78229
2.77851 1.78564
2.77776 1.78226
2.77774 1.78227
2.77777 1.78225
2.77776 1.78225
2.77777 1.78225
2.77777 1.78224
2.77762 1.78242
2.77774 1.78228
2.77776 1.78225
2.77768 1.78236
2.77783 1.78223
2.77776 1.78225
2.77771 1.78232
2.77774 1.78227
2.77774 1.78228
2.77775 1.78227
2.77831 1.78585
2.77775 1.78227
2.77783 1.78223
2.77776 1.78225
2.77771 1.78231
2.77768 1.78235
2.77777 1.78224
2.77775 1.78227
2.7785 1.78565
2.77775 1.78226
2.77775 1.78226
2.77778 1.78223
2.77776 1.78225
2.77777 1.78224
2.77765 1.78244
2.7778 1.78226
2.77792 1.78212
2.77842 1.78154
2.77755 1.78255
2.77772 1.78236
2.77841 1.78156
2.77796 1.78208
2.77782 1.78224
2.77787 1.78219
2.77785 1.78221
2.77782 1.78224
2.77844 1.78152
2.77841 1.78156
2.77831 1.78168
2.77817 1.78184
2.77805 1.78198
2.78937 1.77656
2.77809 1.78193
2.77784 1.78222
2.77778 1.78228
2.77785 1.78221
2.77833 1.78165
2.7783 1.78168
2.77825 1.78175
2.77836 1.78161
2.77783 1.78223
2.77861 1.7856
2.77836 1.78162
2.77836 1.78161
2.77781 1.78225
2.77784 1.78222
2.77843 1.78153
2.77781 1.78226
2.77787 1.78219
2.77784 1.78222
2.77792 1.78213
2.77776 1.78231
2.77784 1.78222
2.77856 1.78563
2.77789 1.78216
2.78508 1.78024
2.77784 1.78222
2.77788 1.78218
2.77786 1.78219
2.77789 1.78216
2.77851 1.78564
2.77784 1.78222
2.77788 1.78217
2.77791 1.78214
2.77944 1.78497
2.77769 1.78239
2.77784 1.78222
2.77785 1.78221
2.77783 1.78223
2.77855 1.78564
2.7777 1.78238
2.77777 1.7823
2.77779 1.78228
2.77779 1.78227
2.7778 1.78226
2.77785 1.78221
2.77782 1.78224
2.77782 1.78224
2.77784 1.78221
2.77784 1.78222
2.77782 1.78225
2.77785 1.78221
2.77778 1.78229
2.77785 1.78221
2.7778 1.78227
2.77784 1.78222
2.77841 1.78577
2.77784 1.78222
2.77784 1.78221
2.77782 1.78225
2.77784 1.78222
2.77783 1.78223
2.77784 1.78222
2.77784 1.78222
2.77784 1.78222
2.77784 1.78221
2.77784 1.78222
2.77782 1.78225
2.77785 1.78221
2.7778 1.78227
2.7786 1.78561
2.77785 1.78221
2.77785 1.78221
2.77784 1.78221
2.77783 1.78223
2.77783 1.78224
2.77783 1.78223
2.77783 1.78223
2.78417 1.78101
2.77784 1.78222
2.77856 1.78563
2.77784 1.78222
2.77785 1.78221
2.77785 1.78221
2.77785 1.78221
2.77785 1.78221
2.77857 1.78563
2.77909 1.78515
2.78145 1.78329
2.79084 1.77529
2.7851 1.78022
2.77858 1.78558
2.78588 1.77956
2.79086 1.77527
2.77846 1.78569
2.77944 1.78496
2.77856 1.78563
2.78144 1.78331
2.78993 1.77608
2.78494 1.78036
2.77944 1.78497
2.7795 1.78491
2.791 1.77515
2.77946 1.78495
2.78966 1.77631
2.79081 1.77531
2.78512 1.7802
2.78504 1.78027
2.77823 1.78592
2.78763 1.77806
2.78592 1.77953
2.78471 1.78055
2.77854 1.78566
2.7851 1.78022
2.77864 1.78558
2.78716 1.77846
2.78861 1.77722
2.77888 1.78537
2.7822 1.78267
2.78518 1.78015
2.77866 1.78561
2.78149 1.78327
2.77852 1.78564
2.78575 1.77967
2.77839 1.78578
2.78486 1.78042
2.78109 1.78359
2.78296 1.78204
2.77853 1.78566
2.78472 1.78054
2.78503 1.78028
2.77856 1.78563
2.78508 1.78023
2.78623 1.77925
2.77969 1.78476
2.77854 1.78565
2.78272 1.78224
2.78472 1.78054
2.7829 1.78208
2.7795 1.78491
2.78755 1.77813
2.79058 1.77551
2.77862 1.78559
2.78491 1.78038
2.77897 1.78525
2.77947 1.78494
2.78492 1.78037
2.77853 1.78567
2.7785 1.78568
2.77863 1.78558
2.77949 1.78492
2.77845 1.78569
2.78973 1.77625
2.79108 1.77508
2.77947 1.78494
2.77947 1.78494
2.7785 1.78565
2.78377 1.78135
2.78581 1.77962
2.7874 1.77826
2.78875 1.7771
2.77862 1.78559
2.78488 1.78041
2.77931 1.78507
2.78505 1.78026
2.78834 1.77745
2.78926 1.77666
2.7786 1.78561
2.7786 1.78561
2.78986 1.77614
2.78513 1.7802
2.78478 1.78049
2.77949 1.78492
2.7785 1.7857
2.78973 1.77626
2.78509 1.78023
2.78358 1.78151
2.77944 1.78496
2.77948 1.78493
2.7814 1.78333
2.7905 1.77558
2.79098 1.77517
2.77917 1.78519
2.77853 1.78563
2.77836 1.78577
2.7827 1.78225
2.77854 1.78565
2.78497 1.78033
2.78477 1.7805
2.78116 1.78353
2.77935 1.78504
2.78507 1.78025
2.78426 1.78093
2.7809 1.78375
2.7839 1.78124
2.7856 1.77979
2.78102 1.78365
2.77948 1.78493
2.78486 1.78042
2.7795 1.78491
2.7794 1.785
2.7846 1.78064
2.77931 1.78507
2.77848 1.7857
2.7785 1.78565
2.78502 1.78028
2.7785 1.78565
2.77863 1.78558
2.77864 1.78557
2.78474 1.78053
2.78584 1.77959
2.78509 1.78023
2.77852 1.78564
2.7784 1.78576
2.78527 1.78008
2.77908 1.78516
2.77851 1.78564
2.78591 1.77953
2.78499 1.78032
2.77849 1.78566
2.77942 1.78492
2.77863 1.78558
2.78531 1.78004
2.78146 1.78328
2.78553 1.77985
2.78498 1.78032
2.78551 1.77987
2.77848 1.78567
2.77843 1.78571
2.78561 1.77979
2.7785 1.78565
2.77929 1.78509
2.77975 1.78471
2.78571 1.7797
2.77939 1.78501
2.78564 1.77976
2.77941 1.78499
2.78138 1.78335
2.78563 1.77977
2.77861 1.7856
2.78565 1.77975
2.77856 1.78564
2.78572 1.77969
2.78508 1.78023
2.77858 1.78558
2.78478 1.78049
2.78572 1.77969
2.77854 1.78565
2.78581 1.77962
2.78082 1.78381
2.78589 1.77955
2.78411 1.78106
2.77859 1.78558
2.78357 1.78151
2.78461 1.78064
2.78017 1.78436
2.77986 1.78462
2.78518 1.78015
2.7849 1.78039
2.77906 1.78518
2.77872 1.78551
2.78517 1.78016
2.77849 1.78566
2.78513 1.7802
2.77856 1.78563
2.78513 1.7802
2.7837 1.78141
2.77864 1.78558
2.77974 1.78472
2.7851 1.78022
2.78417 1.78101
2.78517 1.78016
2.7795 1.78491
2.77945 1.78496
2.78458 1.78066
2.77848 1.78567
2.77849 1.7857
2.7845 1.78073
2.7785 1.78565
2.781 1.78367
2.77827 1.78585
2.78429 1.78091
2.7847 1.78056
2.78464 1.78061
2.78496 1.78034
2.78477 1.7805
2.78486 1.78043
2.78518 1.78016
2.77861 1.78559
2.77827 1.78585
2.77972 1.78473
2.77943 1.78497
2.78494 1.78035
2.78503 1.78028
2.77853 1.78567
2.77841 1.78576
2.7851 1.78022
2.77871 1.78552
2.78499 1.78032
2.77854 1.78565
2.78517 1.78016
2.7794 1.785
2.78447 1.78076
2.77856 1.7856
2.77947 1.78494
2.77856 1.78563
2.7785 1.78565
2.7784 1.78576
2.78508 1.78024
2.78462 1.78062
2.78505 1.78026
2.77856 1.78564
2.7786 1.78561
2.77932 1.78501
2.78511 1.78021
2.77892 1.78534
2.77937 1.78503
2.77921 1.7851
2.77853 1.78566
2.77848 1.78567
2.77949 1.78492
2.77958 1.78478
2.77853 1.78566
2.78475 1.78051
2.77861 1.7856
2.78508 1.78023
2.77949 1.78492
2.77943 1.78497
2.78137 1.78336
2.78491 1.78038
2.78499 1.78031
2.78127 1.78344
2.77856 1.78563
2.77847 1.78572
2.78502 1.78029
2.78505 1.78026
2.77949 1.78492
2.78509 1.78023
2.77855 1.78564
2.78507 1.78025
2.78454 1.78069
2.77935 1.78504
2.77936 1.78503
2.77956 1.78487
2.77852 1.78564
2.77916 1.7852
2.7786 1.78561
2.78495 1.78035
2.77971 1.78474
2.78517 1.78016
2.77861 1.78559
2.78502 1.78029
2.77864 1.78558
2.77946 1.78495
2.78509 1.78023
2.78514 1.78018
2.77959 1.78478
2.77862 1.78559
2.77856 1.78563
2.78518 1.78015
2.77933 1.78506
2.77936 1.78503
2.77862 1.78559
2.78089 1.78376
2.77975 1.78471
2.78116 1.78353
2.77857 1.78563
2.7795 1.78492
2.78032 1.78423
2.78052 1.78407
2.78056 1.78403
2.7795 1.78491
2.77905 1.78529
2.77969 1.78475
2.78137 1.78336
2.77945 1.78495
2.77827 1.78593
2.7794 1.785
2.77875 1.78554
2.77851 1.78564
2.78131 1.78341
2.78102 1.78365
2.77904 1.7853
2.77951 1.78491
2.78069 1.78392
2.77884 1.78541
2.77863 1.78558
2.77946 1.78495
2.77852 1.78564
2.77927 1.78511
2.77904 1.7853
2.77867 1.78555
2.77948 1.78493
2.77943 1.78497
2.78056 1.78404
2.77851 1.78564
2.78106 1.78361
2.7795 1.78491
2.77849 1.78566
2.77937 1.78502
2.7797 1.78475
2.78128 1.78343
2.7812 1.7835
2.77944 1.78496
2.78132 1.7834
2.77897 1.78535
2.78121 1.78349
2.77862 1.78559
2.77918 1.78518
2.7786 1.7856
2.77947 1.78494
2.77857 1.78562
2.77944 1.78497
2.77945 1.78496
2.77863 1.78558
2.77972 1.78473
2.77837 1.7858
2.77921 1.78516
2.77851 1.78564
2.77884 1.78546
2.77863 1.78559
2.77946 1.78495
2.77959 1.78484
2.77942 1.78498
2.77858 1.78562
2.77949 1.78492
2.77931 1.78507
2.77936 1.78503
2.77851 1.78565
2.77866 1.78556
2.77972 1.78473
2.77855 1.78565
2.77856 1.78563
2.77854 1.78565
2.77864 1.78558
2.77955 1.78488
2.77962 1.78481
2.77862 1.78559
2.77857 1.78563
2.77864 1.78558
2.77848 1.7857
2.77965 1.78479
2.77973 1.78473
2.77857 1.78559
2.77966 1.78478
2.77897 1.78536
2.77966 1.78478
2.77937 1.78502
2.77858 1.78562
2.77969 1.78476
2.77974 1.78472
2.77931 1.78507
2.7793 1.78508
2.77941 1.78499
2.77921 1.78515
2.7795 1.78492
2.77863 1.78559
2.77861 1.7856
2.77917 1.78519
2.77847 1.78568
2.77855 1.78565
2.77844 1.78571
2.77932 1.78506
2.77949 1.78493
2.77942 1.78498
2.77937 1.78502
2.77851 1.78564
2.77945 1.78495
2.77861 1.78559
2.77943 1.78497
2.77948 1.78493
2.77942 1.78498
2.77916 1.7852
2.77946 1.78495
2.77946 1.78494
2.77928 1.7851
2.77961 1.78476
2.77948 1.78493
2.77935 1.78504
2.7785 1.78565
2.7785 1.78568
2.77943 1.78498
2.77946 1.78495
2.77897 1.78526
2.77948 1.78493
2.77848 1.78567
2.77859 1.78561
2.77905 1.78519
2.7785 1.78565
2.77855 1.78564
2.77944 1.78496
2.77851 1.78565
2.77864 1.78558
2.77948 1.78494
2.7795 1.78491
2.77855 1.78565
2.77849 1.78566
2.77875 1.78548
2.77872 1.78551
2.77853 1.78567
2.77853 1.78566
2.77803 1.78609
2.77849 1.78566
2.77846 1.78569
2.77908 1.78516
2.77875 1.78548
2.77954 1.78482
2.7786 1.78561
2.77852 1.78564
2.77862 1.78559
2.77962 1.78475
2.77947 1.78488
2.77867 1.78555
2.77957 1.78479
2.77962 1.78475
2.77904 1.78524
2.77863 1.78559
2.77864 1.78558
2.77864 1.78557
2.77841 1.78577
2.77863 1.78558
2.77947 1.78488
2.77856 1.78563
2.77917 1.78513
2.77939 1.78495
2.77829 1.78586
2.77905 1.78519
2.77857 1.78563
2.77953 1.78483
2.77855 1.78565
2.77948 1.78487
2.77955 1.78481
2.77953 1.78483
2.77961 1.78476
2.77855 1.78564
2.77848 1.78571
2.77861 1.7856
2.77857 1.78563
2.77862 1.7856
2.77875 1.78548
2.77849 1.78566
2.77849 1.7857
2.77851 1.78564
2.77876 1.78547
2.77862 1.78559
2.77857 1.78563
2.77863 1.78559
2.77863 1.78558
2.77876 1.78547
2.77869 1.78554
2.77866 1.78556
2.7787 1.78553
2.77871 1.78552
2.77873 1.7855
2.77862 1.78559
2.77872 1.78551
2.77873 1.7855
2.77875 1.78549
2.77859 1.78561
2.77863 1.78558
2.77863 1.78558
2.77858 1.78558
2.77851 1.78569
2.77863 1.78559
2.77847 1.78571
2.77854 1.78566
2.77847 1.78571
2.77855 1.78565
2.77863 1.78558
2.77863 1.78558
2.77857 1.78563
2.77858 1.78563
2.77859 1.78562
2.7785 1.78565
2.77862 1.78559
2.77849 1.78566
2.77864 1.78558
2.77875 1.78544
2.77858 1.78562
2.77862 1.78559
2.77855 1.78565
2.77853 1.78565
2.77877 1.78546
2.77861 1.7856
2.77814 1.78595
2.77857 1.78563
2.77849 1.78566
2.77857 1.78563
2.77863 1.78558
2.77859 1.78562
2.77861 1.7856
2.77855 1.78564
2.77861 1.7856
2.77862 1.78559
2.77862 1.78559
2.77848 1.78567
2.77863 1.78559
2.77856 1.78563
2.77862 1.78559
2.77862 1.78559
2.77864 1.78558
2.77859 1.78562
2.77884 1.7854
2.77854 1.78566
2.77861 1.7856
2.77856 1.78563
2.7786 1.78561
2.77885 1.7854
2.77864 1.78557
2.77862 1.78559
2.77863 1.78558
2.77845 1.78569
2.77851 1.78565
2.77856 1.78563
2.77864 1.78558
2.77893 1.78529
2.77876 1.78543
2.77851 1.78564
2.77882 1.78538
2.77822 1.78589
2.77858 1.78559
2.77862 1.78555
2.7791 1.78514
2.77815 1.78595
2.77906 1.78518
2.77855 1.78564
2.77849 1.78566
2.77851 1.78565
2.77851 1.78564
2.77901 1.78522
2.77854 1.78562
2.77874 1.78545
2.77883 1.78537
2.77896 1.78531
2.77851 1.78564
2.7783 1.78583
2.77831 1.78581
2.77893 1.78529
2.77891 1.7853
2.77848 1.78567
2.77897 1.78525
2.77858 1.78559
2.7785 1.78565
2.77903 1.78521
2.77836 1.78577
2.7791 1.78514
2.7785 1.78565
2.77848 1.78567
2.77843 1.78571
2.77839 1.78575
2.77851 1.78564
2.7785 1.78566
2.7785 1.78565
2.77846 1.78569
2.77847 1.78567
2.77851 1.78564
2.77853 1.78563
2.77855 1.78561
2.77855 1.78561
2.77856 1.7856
2.77857 1.78559
2.77851 1.78567
2.77848 1.78567
2.7789 1.78536
2.77846 1.78569
2.77849 1.78566
2.77843 1.78571
2.77842 1.78572
2.77842 1.78572
2.77847 1.78568
2.77851 1.78564
2.77849 1.78566
2.77851 1.78565
2.77841 1.78572
2.77851 1.78565
2.77851 1.78564
2.77849 1.78566
2.7785 1.78565
2.7785 1.78565
2.77851 1.78564
2.77848 1.78567
2.77851 1.78564
2.7785 1.78565
2.7785 1.78565
2.7785 1.78565
2.77851 1.78564
2.77854 1.78565
2.77895 1.78532
2.77847 1.7857
2.77855 1.78564
2.77855 1.78564
2.77896 1.78531
2.77894 1.78533
2.77887 1.78538
2.77872 1.78551
2.7787 1.78552
2.77873 1.7855
2.77883 1.78541
2.77852 1.78566
2.77857 1.78563
2.77847 1.7857
2.77856 1.78563
2.77878 1.78546
2.77887 1.78539
2.77843 1.78574
2.77883 1.78541
2.77861 1.7856
2.77892 1.78534
2.77891 1.78535
2.77855 1.78564
2.77893 1.78533
2.77854 1.78565
2.77856 1.78563
2.77895 1.78531
2.77856 1.78563
2.77854 1.78565
2.77858 1.78562
2.77856 1.78563
2.77856 1.78564
2.77856 1.78563
2.77859 1.78561
2.77856 1.78563
2.77859 1.78561
2.77858 1.78562
2.7786 1.7856
2.77856 1.78563
2.7786 1.7856
2.77854 1.78565
2.7785 1.78568
2.77853 1.78566
2.77856 1.78563
2.77855 1.78564
2.77851 1.78567
2.7785 1.78568
2.77852 1.78566
2.77857 1.78563
2.77854 1.78565
2.77856 1.78563
2.77855 1.78564
2.77855 1.78564
2.77856 1.78563
2.77856 1.78563
2.77856 1.78563
2.77856 1.78563
2.77855 1.78564
2.77857 1.78563
2.77854 1.78565
2.77856 1.78563
2.77856 1.78563
2.77853 1.78566
2.7785 1.78568
2.77856 1.78563
2.77852 1.78566
2.77854 1.78565
2.77854 1.78565
2.77855 1.78564
2.77856 1.78564
2.77856 1.78563
2.77856 1.78563
2.77856 1.78563
2.77856 1.78563
2.77853 1.78566
2.77855 1.78564
2.77856 1.78563
2.77857 1.78563
2.77856 1.78564
2.77855 1.78564
2.77857 1.78563
2.77856 1.78564
2.77856 1.78564
2.77857 1.78563
2.77857 1.78563
2.77857 1.78563
