2.85226 2.23693
2.78802 2.11026
2.91764 2.35858
2.79497 2.12814
2.85902 2.24963
2.85325 2.23889
2.78641 2.10722
2.91793 2.3591
2.85753 2.24664
2.78641 2.10724
2.95996 2.43701
2.95006 2.41868
2.86259 2.25628
2.79801 2.13401
2.78523 2.10155
2.85232 2.23702
2.78583 2.10269
2.78802 2.11027
2.85258 2.23745
2.85125 2.23497
2.7853 2.10171
2.85416 2.24046
2.78543 2.10193
2.78531 2.10173
2.91767 2.35863
2.86119 2.25367
2.7865 2.10743
2.78625 2.10695
2.85379 2.23977
2.86131 2.25388
2.78798 2.11019
2.96595 2.44811
2.85245 2.23727
2.91316 2.35028
2.8614 2.25406
2.78626 2.10699
2.78566 2.10513
2.78574 2.10533
2.91847 2.36012
2.78632 2.10706
2.79542 2.12906
2.7979 2.13381
2.78523 2.10159
2.79737 2.12708
2.92013 2.3632
2.91935 2.36174
2.85946 2.25045
2.79497 2.12815
2.88112 2.29074
2.85207 2.23655
2.81652 2.1688
2.7853 2.10172
2.78806 2.11034
2.85501 2.24196
2.79468 2.12764
2.85226 2.23691
2.78603 2.10593
2.85171 2.23583
2.81937 2.17415
2.9751 2.46504
2.85198 2.23639
2.79625 2.13055
2.86066 2.25256
2.92548 2.37312
2.78639 2.1072
2.78616 2.10622
2.85204 2.2365
2.85251 2.23732
2.9748 2.4645
2.85205 2.23652
2.79425 2.12693
2.78494 2.10106
2.85211 2.23664
2.85333 2.23893
2.8558 2.24343
2.86156 2.25437
2.8521 2.23663
2.78739 2.10897
2.86139 2.25405
2.78805 2.11033
2.90484 2.33482
2.79627 2.13064
2.85306 2.23841
2.95923 2.43566
2.85286 2.23805
2.78565 2.10512
2.79541 2.12902
2.85678 2.24534
2.80355 2.14443
2.85233 2.23704
2.78555 2.10491
2.97527 2.46537
2.85082 2.23423
2.91788 2.35901
2.79771 2.13344
2.81707 2.16984
2.86159 2.25442
2.91272 2.34946
2.85227 2.23693
2.85875 2.24912
2.78632 2.10351
2.85425 2.24063
2.78574 2.10533
2.79492 2.12806
2.86167 2.25457
2.78627 2.10644
2.95804 2.43346
2.86107 2.25345
2.78771 2.10971
2.91796 2.35916
2.85363 2.23948
2.7857 2.10525
2.85127 2.23502
2.86417 2.25921
2.85169 2.2358
2.79832 2.13458
2.7857 2.10525
2.85292 2.23816
2.9181 2.35943
2.915 2.35367
2.81723 2.17014
2.91435 2.35247
2.7944 2.12708
2.79522 2.12867
2.8811 2.29075
2.78685 2.10808
2.85185 2.23609
2.79003 2.11412
2.7856 2.10584
2.85231 2.23701
2.78616 2.10315
2.79485 2.12255
2.86103 2.25338
2.7863 2.10651
2.85463 2.24133
2.85305 2.23841
2.78567 2.10516
2.78649 2.10742
2.79528 2.12874
2.92494 2.37212
2.86312 2.25727
2.85295 2.2382
2.79518 2.12859
2.78602 2.10586
2.94883 2.41641
2.79545 2.12911
2.78516 2.10143
2.85431 2.24074
2.862 2.25517
2.87554 2.28037
2.78562 2.10505
2.8164 2.16859
2.92377 2.36995
2.79165 2.11248
2.78575 2.10535
2.78596 2.10574
2.96816 2.4522
2.86414 2.25915
2.81702 2.16975
2.79749 2.1273
2.86167 2.25456
2.79501 2.12823
2.88049 2.28957
2.78678 2.10795
2.81721 2.17011
2.85751 2.24661
2.86278 2.2565
2.86172 2.25465
2.79121 2.116
2.79664 2.12577
2.91382 2.35148
2.91234 2.34874
2.85511 2.24223
2.86042 2.25223
2.91794 2.35913
2.79503 2.12826
2.84885 2.23058
2.84986 2.23238
2.91633 2.35615
2.7864 2.10721
2.79835 2.13465
2.9767 2.46801
2.78721 2.10838
2.79572 2.12956
2.87851 2.28589
2.78523 2.10158
2.85282 2.23795
2.86126 2.2538
2.78635 2.10712
2.79453 2.12732
2.85437 2.24085
2.79506 2.12832
2.79503 2.12826
2.79544 2.12909
2.92477 2.37179
2.78525 2.10163
2.88156 2.2916
2.78683 2.1076
2.85196 2.23635
2.78777 2.10982
2.85184 2.23608
2.86096 2.25324
2.79584 2.12984
2.96331 2.44322
2.81782 2.17126
2.91709 2.35756
2.79802 2.13404
2.78804 2.1103
2.79517 2.12858
2.86024 2.2519
2.79424 2.12677
2.85592 2.24366
2.7864 2.10721
2.85828 2.24824
2.78528 2.10169
2.78638 2.10724
2.97722 2.46898
2.78519 2.10147
2.79532 2.12885
2.85276 2.23785
2.79827 2.13441
2.79815 2.13428
2.91555 2.3547
2.83502 2.20346
2.85073 2.23409
2.90248 2.33045
2.85129 2.23504
2.85225 2.2369
2.79181 2.11275
2.86137 2.254
2.78793 2.1101
2.85294 2.2382
2.85355 2.23934
2.78649 2.10741
2.91797 2.35919
2.79658 2.13116
2.85253 2.23742
2.81756 2.17076
2.78606 2.10298
2.86093 2.25318
2.78559 2.10499
2.78576 2.10537
2.78804 2.1102
2.91171 2.34757
2.79807 2.13404
2.79514 2.12852
2.79829 2.13454
2.78571 2.10525
2.85305 2.2384
2.86195 2.25496
2.7857 2.10524
2.92132 2.3654
2.795 2.1282
2.86154 2.25431
2.85633 2.24442
2.86129 2.25385
2.79501 2.12822
2.78603 2.10302
2.90832 2.34128
2.78794 2.11012
2.95276 2.42368
2.79536 2.12893
2.7863 2.10651
2.78559 2.10499
2.8617 2.25462
2.85158 2.23559
2.79841 2.13467
2.91704 2.35745
2.9211 2.365
2.84976 2.23228
2.85285 2.23803
2.85167 2.2358
2.85215 2.23671
2.91751 2.35833
2.79513 2.1285
2.79162 2.11243
2.94301 2.40561
2.7856 2.10504
2.80466 2.14652
2.79458 2.12748
2.85291 2.23815
2.78513 2.10138
2.86145 2.25416
2.85065 2.23391
2.79153 2.11228
2.91628 2.35605
2.91802 2.35929
2.78677 2.10792
2.79577 2.12972
2.78658 2.10759
2.92583 2.37377
2.79506 2.12831
2.85215 2.2367
2.78574 2.10533
2.84928 2.23139
2.78632 2.10654
2.79004 2.11415
2.79522 2.12867
2.78629 2.10337
2.85273 2.23781
2.85206 2.23655
2.79536 2.12894
2.86161 2.25445
2.79007 2.1142
2.78657 2.10757
2.78625 2.10695
2.96957 2.45481
2.81755 2.17075
2.78515 2.1014
2.78661 2.10765
2.9383 2.39689
2.788 2.11023
2.85228 2.23696
2.79513 2.12849
2.78633 2.10652
2.85546 2.24289
2.86007 2.25145
2.79201 2.11309
2.85117 2.23483
2.79522 2.12866
2.79023 2.11453
2.78629 2.10645
2.78568 2.10518
2.86102 2.25335
2.78565 2.10511
2.78667 2.10776
2.85213 2.23667
2.80055 2.13879
2.78529 2.1017
2.78521 2.10154
2.8887 2.30487
2.78996 2.11397
2.79767 2.12248
2.78701 2.10836
2.78564 2.1051
2.91845 2.36007
2.7852 2.10153
2.78655 2.10754
2.85272 2.23779
2.78584 2.10261
2.91717 2.3577
2.78567 2.10516
2.7985 2.1291
2.78633 2.10657
2.78567 2.10515
2.91843 2.36003
2.79003 2.11412
2.91588 2.3553
2.81695 2.16962
2.85508 2.24229
2.9185 2.36017
2.85203 2.23647
2.78649 2.10742
2.92417 2.37068
2.78803 2.11029
2.86247 2.25592
2.91208 2.34825
2.89769 2.32156
2.78513 2.10138
2.91258 2.34919
2.81664 2.16904
2.85177 2.23594
2.7867 2.10781
2.86052 2.25242
2.85061 2.23387
2.78824 2.11055
2.85267 2.2377
2.79534 2.12889
2.79775 2.13351
2.85274 2.23782
2.8153 2.16653
2.85725 2.24613
2.79177 2.11268
2.78661 2.10765
2.78604 2.10657
2.91528 2.35419
2.86008 2.2516
2.87754 2.28408
2.79528 2.12873
2.85276 2.23785
2.87314 2.27591
2.85292 2.23816
2.96039 2.43782
2.85224 2.23687
2.85181 2.23601
2.91194 2.348
2.79385 2.12183
2.91502 2.3537
2.86405 2.25899
2.8527 2.23775
2.85224 2.23688
2.9743 2.46357
2.78564 2.10509
2.78514 2.1014
2.79729 2.12186
2.78542 2.10186
2.78569 2.10523
2.86082 2.25298
2.87227 2.27428
2.78651 2.10747
2.91771 2.3587
2.7865 2.10744
2.85218 2.2367
2.78619 2.10321
2.7949 2.12807
2.78619 2.10628
2.8612 2.25369
2.85565 2.24324
2.85623 2.24431
2.85228 2.23695
2.86201 2.25519
2.9227 2.36797
2.89624 2.31885
2.78638 2.10717
2.78601 2.10299
2.78524 2.10162
2.90562 2.33627
2.86139 2.25404
2.81575 2.16737
2.79546 2.12913
2.83528 2.20395
2.7983 2.13456
2.78571 2.10526
2.91391 2.35166
2.79009 2.11424
2.78648 2.10739
2.91694 2.35728
2.85226 2.23691
2.78659 2.10761
2.91541 2.35444
2.79004 2.11414
2.91807 2.35938
2.79809 2.13415
2.78616 2.10324
2.9175 2.35832
2.85084 2.23421
2.78649 2.10744
2.92901 2.37967
2.85195 2.23633
2.78617 2.10326
2.79723 2.13253
2.91689 2.35718
2.78571 2.10525
2.79705 2.1265
2.86029 2.252
2.78639 2.10724
2.78645 2.10736
2.85177 2.23593
2.79494 2.1281
2.91845 2.36007
2.91829 2.35978
2.91169 2.34753
2.78518 2.10146
2.79773 2.13348
2.97668 2.46798
2.80491 2.14698
2.85294 2.2382
2.86352 2.25801
2.78728 2.10894
2.79 2.11406
2.85302 2.23834
2.79683 2.12611
2.79502 2.12824
2.85248 2.23734
2.85241 2.23721
2.86025 2.25191
2.79129 2.11187
2.8518 2.23599
2.78765 2.10927
2.8518 2.23599
2.85282 2.23798
2.79817 2.1343
2.85211 2.23664
2.89386 2.31443
2.78649 2.10742
2.85172 2.23585
2.8528 2.23794
2.78921 2.11246
2.78633 2.10709
2.90241 2.33031
2.81727 2.17022
2.79163 2.11245
2.85681 2.24531
2.78796 2.11015
2.9139 2.35164
2.91835 2.3599
2.7853 2.10172
2.79512 2.12843
2.78657 2.10758
2.9182 2.3596
2.7881 2.10652
2.79829 2.13454
2.78606 2.10307
2.85226 2.23692
2.85717 2.24606
2.89568 2.31783
2.8617 2.25461
2.85081 2.23423
2.78656 2.10755
2.78647 2.1074
2.78799 2.11021
2.86019 2.25182
2.7915 2.11223
2.85146 2.23536
2.85207 2.23655
2.79815 2.13427
2.78649 2.10742
2.94214 2.404
2.78566 2.10515
2.78645 2.10735
2.86348 2.25793
2.85208 2.23657
2.80333 2.14402
2.78521 2.10155
2.91772 2.35873
2.8639 2.25871
2.9725 2.46023
2.85097 2.23446
2.81676 2.16926
2.79614 2.13048
2.78528 2.10169
2.85286 2.23805
2.85176 2.23592
2.85291 2.23813
2.78576 2.10536
2.84962 2.23201
2.85143 2.23537
2.86159 2.25441
2.91681 2.35704
2.79831 2.13457
2.78658 2.1076
2.78523 2.10158
2.9158 2.35515
2.78634 2.10711
2.85528 2.24246
2.86085 2.25304
2.85985 2.25117
2.85279 2.23789
2.78614 2.10321
2.91769 2.35866
2.78615 2.10322
2.7973 2.12696
2.9162 2.35591
2.79506 2.12832
2.78507 2.10131
2.86063 2.25262
2.8154 2.16671
2.78774 2.10977
2.85083 2.2342
2.9164 2.35627
2.85636 2.24456
2.78658 2.10758
2.79739 2.12711
2.86132 2.25391
2.89308 2.31299
2.78571 2.10526
2.79592 2.11959
2.78793 2.11011
2.9166 2.35664
2.80172 2.141
2.79806 2.13411
2.9044 2.33401
2.86153 2.2543
2.7865 2.10744
2.85219 2.23678
2.79807 2.12834
2.95014 2.41883
2.78531 2.10172
2.79546 2.12912
2.91589 2.35532
2.78796 2.11015
2.79826 2.13449
2.78648 2.1074
2.85269 2.23772
2.86281 2.25668
2.81638 2.16854
2.87183 2.27347
2.78563 2.10508
2.86096 2.25324
2.81699 2.1697
2.78649 2.10741
2.88103 2.29058
2.85199 2.23642
2.79175 2.11265
2.9057 2.33642
2.78522 2.10158
2.81701 2.16974
2.86088 2.25297
2.7952 2.12863
2.85141 2.23527
2.8616 2.2543
2.78647 2.10739
2.85165 2.23578
2.88139 2.29123
2.86252 2.25601
2.78537 2.10182
2.79818 2.13432
2.78697 2.10829
2.81672 2.16918
2.78621 2.10633
2.90971 2.34387
2.85295 2.23821
2.91669 2.35681
2.85117 2.23482
2.78574 2.10533
2.85184 2.23608
2.91696 2.35731
2.78611 2.10613
2.79515 2.12855
2.78649 2.10742
2.81612 2.16805
2.96396 2.44443
2.79752 2.12735
2.81434 2.16471
2.85945 2.25043
2.78619 2.10629
2.78571 2.10526
2.80461 2.14642
2.861 2.25331
2.81709 2.16988
2.79466 2.12761
2.85184 2.23606
2.81701 2.16972
2.91743 2.35818
2.97749 2.46948
2.83382 2.20122
2.78799 2.11022
2.90887 2.3423
2.85696 2.24558
2.78649 2.10741
2.85185 2.23608
2.85814 2.24799
2.79722 2.13252
2.91258 2.34919
2.7856 2.10221
2.78609 2.10313
2.86146 2.25417
2.85218 2.23677
2.79024 2.11013
2.78527 2.10166
2.85232 2.23703
2.78633 2.10658
2.86313 2.25728
2.86382 2.25856
2.78646 2.10737
2.85224 2.23687
2.91685 2.35712
2.78493 2.1011
2.79486 2.12257
2.78519 2.10152
2.7855 2.10205
2.86222 2.25558
2.79542 2.12905
2.79375 2.12163
2.86142 2.2541
2.8515 2.23544
2.85268 2.2377
2.85254 2.23745
2.92574 2.3736
2.78543 2.10194
2.78969 2.11344
2.85164 2.2357
2.78635 2.10657
2.78571 2.10526
2.86137 2.254
2.85199 2.23643
2.91383 2.35151
2.78573 2.10531
2.91287 2.34973
2.78648 2.1074
2.85237 2.23713
2.96811 2.45211
2.8517 2.2358
2.78649 2.10742
2.78535 2.10187
2.91725 2.35785
2.78632 2.10708
2.78574 2.10534
2.97433 2.46362
2.81659 2.16894
2.85308 2.23845
2.90439 2.33399
2.7878 2.10987
2.79521 2.12864
2.9176 2.3585
2.86171 2.25463
2.79008 2.11423
2.79484 2.12791
2.78971 2.11348
2.85212 2.23667
2.78614 2.10321
2.93815 2.3966
2.79517 2.12856
2.85351 2.23937
2.8515 2.23544
2.86208 2.2552
2.79682 2.12107
2.78641 2.10722
2.85214 2.23669
2.85193 2.23624
2.85215 2.23672
2.91733 2.358
2.7983 2.13455
2.94068 2.4013
2.86523 2.26118
2.79163 2.11245
2.81698 2.16967
2.85293 2.23818
2.91829 2.35978
2.78661 2.10765
2.85966 2.2507
2.78565 2.10514
2.95412 2.42619
2.85166 2.23573
2.79383 2.12602
2.85195 2.23636
2.85282 2.23797
2.79348 2.12109
2.91543 2.35447
2.78529 2.10169
2.806 2.14254
2.84926 2.23146
2.79505 2.12831
2.78712 2.10857
2.79745 2.12723
2.85975 2.25099
2.79744 2.1272
2.85113 2.23475
2.91715 2.35767
2.78774 2.10976
2.8287 2.19164
2.7901 2.11426
2.79522 2.12866
2.86137 2.254
2.91039 2.34513
2.79639 2.12037
2.8527 2.23776
2.78638 2.10717
2.78804 2.1103
2.79514 2.12851
2.79139 2.11205
2.86127 2.25382
2.96527 2.44685
2.81488 2.16574
2.78558 2.10499
2.91999 2.36293
2.79744 2.1272
2.85175 2.23591
2.91604 2.35561
2.95796 2.43332
2.78619 2.10683
2.78633 2.10708
2.85276 2.23785
2.78543 2.1047
2.91794 2.35914
2.8527 2.23775
2.85638 2.24461
2.91605 2.35562
2.78613 2.10319
2.91447 2.3527
2.85179 2.23597
2.81681 2.16936
2.79522 2.12866
2.91277 2.34954
2.79487 2.12796
2.86159 2.25442
2.96392 2.44435
2.78524 2.10162
2.85277 2.23787
2.79611 2.1303
2.86165 2.25453
2.85161 2.23563
2.81535 2.16662
2.78641 2.10728
2.9729 2.46098
2.85126 2.23499
2.79505 2.1283
2.79824 2.13444
2.85305 2.2384
2.79353 2.12119
2.91728 2.35791
2.91756 2.35842
2.78649 2.10741
2.8523 2.23699
2.78616 2.10323
2.85217 2.23675
2.79496 2.12814
2.9243 2.37093
2.85233 2.23705
2.79882 2.13554
2.80083 2.13328
2.79177 2.11268
2.79796 2.13392
2.86195 2.25495
2.88033 2.28927
2.91672 2.35686
2.78656 2.10756
2.78616 2.10324
2.8525 2.23738
2.79141 2.11207
2.86063 2.25263
2.85219 2.23679
2.86116 2.25361
2.97169 2.45873
2.78564 2.10509
2.97132 2.45805
2.96931 2.45433
2.78718 2.10859
2.79844 2.13483
2.79515 2.12853
2.78793 2.10623
2.86112 2.25353
2.79738 2.12709
2.79508 2.12839
2.85215 2.23673
2.81421 2.16448
2.79679 2.1317
2.78529 2.1017
2.81695 2.16961
2.92503 2.37229
2.78574 2.10534
2.78798 2.11019
2.78661 2.10764
2.86125 2.25379
2.78567 2.10515
2.96887 2.45352
2.79342 2.1253
2.85174 2.23589
2.79831 2.13456
2.78594 2.10571
2.86326 2.25752
2.86107 2.25344
2.85975 2.25099
2.79657 2.13122
2.78518 2.10145
2.85217 2.23674
2.81714 2.16998
2.7863 2.1065
2.78601 2.10591
2.86146 2.25418
2.88065 2.28986
2.78531 2.10173
2.78611 2.10315
2.78649 2.10737
2.86266 2.2564
2.79495 2.12812
2.86123 2.25375
2.78597 2.1058
2.78657 2.10757
2.85607 2.24402
2.78572 2.10528
2.78648 2.1074
2.78614 2.10312
2.78571 2.10525
2.97171 2.45878
2.78655 2.10753
2.79735 2.12704
2.97644 2.46752
2.91191 2.34795
2.79011 2.11428
2.81658 2.16891
2.78566 2.10514
2.79529 2.12876
2.85139 2.23531
2.87686 2.28282
2.92557 2.37328
2.79834 2.13464
2.85479 2.24175
2.85833 2.24834
2.78616 2.10324
2.8514 2.23533
2.78575 2.10534
2.78572 2.10528
2.78658 2.10758
2.80147 2.13443
2.85024 2.2331
2.85302 2.23834
2.78979 2.11364
2.91693 2.35726
2.81712 2.16994
2.78523 2.10158
2.795 2.12825
2.8937 2.31415
2.78565 2.10512
2.85196 2.23635
2.79503 2.12826
2.91639 2.35626
2.78573 2.10532
2.81697 2.16966
2.79 2.11407
2.79541 2.11875
2.78683 2.10437
2.78573 2.10528
2.91743 2.35819
2.79863 2.13508
2.79545 2.12911
2.86381 2.25855
2.8311 2.19613
2.79817 2.1343
2.79807 2.13413
2.85281 2.23795
2.78526 2.10159
2.78616 2.10316
2.91434 2.35245
2.79167 2.11251
2.86227 2.25567
2.87828 2.28545
2.78554 2.10211
2.85136 2.23517
2.81676 2.16925
2.79154 2.1123
2.8749 2.27918
2.86017 2.25176
2.85223 2.23686
2.8516 2.23562
2.78802 2.11027
2.81646 2.16869
2.7857 2.10524
2.92494 2.37211
2.78639 2.1072
2.90967 2.34379
2.78635 2.10357
2.78523 2.10158
2.78499 2.10114
2.79917 2.13619
2.78573 2.10237
2.78523 2.10159
2.79857 2.12924
2.89856 2.32317
2.85129 2.23505
2.85211 2.23663
2.79441 2.12712
2.85589 2.24369
2.90931 2.34312
2.91809 2.35941
2.78529 2.10171
2.86076 2.25288
2.78568 2.10517
2.9172 2.35776
2.7864 2.10721
2.87569 2.28064
2.84957 2.23185
2.78572 2.10526
2.86127 2.25381
2.78598 2.10294
2.78632 2.10708
2.91773 2.35874
2.85161 2.23573
2.78644 2.10735
2.86152 2.25427
2.7864 2.10726
2.78996 2.11398
2.7866 2.10763
2.85266 2.23766
2.79535 2.12892
2.91527 2.35417
2.79582 2.12981
2.80488 2.14693
2.79573 2.12963
2.78635 2.10356
2.79517 2.12857
2.91356 2.35101
2.85217 2.23673
2.85271 2.23778
2.86065 2.25266
2.8517 2.23582
2.78567 2.10516
2.91751 2.35833
2.79179 2.11272
2.85206 2.23654
2.78806 2.11034
2.91932 2.3617
2.85182 2.23603
2.85037 2.23333
2.91458 2.35289
2.7981 2.13418
2.79541 2.12904
2.78675 2.10783
2.79364 2.12142
2.85056 2.2337
2.78653 2.10744
2.91272 2.34944
2.7866 2.10763
2.85257 2.23751
2.7853 2.10172
2.7975 2.12731
2.85171 2.23583
2.79538 2.12351
2.79382 2.12071
2.91691 2.35722
2.78988 2.11382
2.79823 2.13443
2.78615 2.10322
2.78595 2.10576
2.78655 2.10753
2.91812 2.35946
2.78517 2.10144
2.85167 2.23575
2.86171 2.25463
2.91611 2.35573
2.86029 2.252
2.9172 2.35776
2.7865 2.10744
2.85308 2.23845
2.78584 2.10553
2.7871 2.10853
2.78644 2.10733
2.86361 2.25818
2.91405 2.35191
2.80216 2.14182
2.7952 2.12863
2.79563 2.12945
2.91759 2.35848
2.78564 2.10512
2.86133 2.25394
2.85044 2.23347
2.85902 2.24951
2.78603 2.10303
2.79826 2.13447
2.85167 2.23581
2.78528 2.10167
2.91804 2.35932
2.79521 2.12864
2.78662 2.10766
2.8514 2.23532
2.78514 2.10144
2.85537 2.24272
2.85183 2.23606
2.78613 2.10319
2.79543 2.12907
2.79169 2.11255
2.85123 2.23494
2.85176 2.23591
2.79145 2.11214
2.8507 2.234
2.9125 2.34903
2.8543 2.24085
2.78522 2.10158
2.85243 2.23725
2.78633 2.10352
2.85538 2.24273
2.79169 2.11254
2.85743 2.24647
2.85177 2.23593
2.79843 2.13471
2.7974 2.12714
2.91655 2.35655
2.85256 2.2374
2.81638 2.16855
2.79121 2.11175
2.85933 2.2502
2.78571 2.10527
2.79525 2.12868
2.85152 2.23548
2.85305 2.2384
2.81654 2.16885
2.85162 2.23574
2.79738 2.13273
2.78626 2.10696
2.8753 2.27992
2.7857 2.10525
2.79218 2.11336
2.85173 2.23586
2.78798 2.11019
2.91132 2.34684
2.86142 2.2541
2.85254 2.23745
2.85299 2.23829
2.916 2.35552
2.85232 2.23696
2.91974 2.36248
2.79004 2.11414
2.85693 2.24553
2.78629 2.10338
2.86408 2.25905
2.81607 2.16797
2.7853 2.10171
2.85426 2.24066
2.86255 2.25606
2.8813 2.29106
2.91488 2.35346
2.78543 2.10188
2.92198 2.36663
2.7873 2.10881
2.78811 2.11043
2.79731 2.12696
2.84685 2.22687
2.91711 2.35759
2.85201 2.23639
2.78617 2.10325
2.78977 2.11359
2.78647 2.1074
2.78601 2.10588
2.85177 2.23595
2.78648 2.10741
2.85287 2.23806
2.91644 2.35634
2.92176 2.36621
2.78562 2.10508
2.79501 2.12822
2.78525 2.10163
2.85096 2.23443
2.78521 2.10155
2.85229 2.23697
2.78575 2.10534
2.86132 2.25391
2.78571 2.10526
2.92272 2.368
2.78974 2.11353
2.81908 2.17361
2.85238 2.23707
2.85271 2.23774
2.85169 2.23579
2.85301 2.23832
2.78635 2.10712
2.85953 2.25058
2.78651 2.10747
2.78569 2.10521
2.85156 2.23554
2.79689 2.12119
2.92509 2.3724
2.79692 2.13181
2.85954 2.25059
2.78609 2.10312
2.92131 2.36538
2.85181 2.23606
2.78648 2.1074
2.85231 2.23701
2.85636 2.24468
2.85621 2.24428
2.85173 2.23587
2.78571 2.10527
2.79742 2.12718
2.91834 2.35987
2.78813 2.10656
2.80544 2.14153
2.86056 2.2525
2.85299 2.23828
2.91843 2.36004
2.78805 2.11033
2.8522 2.2368
2.79541 2.12903
2.85181 2.23602
2.9231 2.36871
2.8523 2.23698
2.86074 2.25283
2.85383 2.23977
2.86032 2.25206
2.7876 2.10916
2.92296 2.36844
2.79739 2.12711
2.85161 2.23564
2.79714 2.12666
2.86154 2.25432
2.8557 2.24334
2.79528 2.12879
2.78518 2.10146
2.85426 2.24065
2.78524 2.10161
2.85981 2.25111
2.85138 2.23522
2.85144 2.23532
2.78591 2.10564
2.79406 2.12114
2.84939 2.23151
2.86121 2.2537
2.78721 2.10865
2.79648 2.13106
2.86034 2.25209
2.78649 2.10741
2.9143 2.35238
2.92319 2.36887
2.85082 2.23417
2.79519 2.12861
2.9239 2.3702
2.85219 2.23679
2.78647 2.10738
2.79518 2.12859
2.79789 2.13378
2.78526 2.10159
2.8598 2.25108
2.85248 2.23726
2.85227 2.23688
2.78569 2.10521
2.91446 2.35267
2.9239 2.37018
2.79807 2.13411
2.80288 2.14317
2.81541 2.16673
2.78717 2.10858
2.79546 2.12914
2.91848 2.36014
2.79476 2.12776
2.85298 2.23827
2.85208 2.23657
2.85407 2.24021
2.78647 2.10739
2.79556 2.12931
2.90957 2.3436
2.92478 2.37181
2.79509 2.12844
2.92556 2.37327
2.85197 2.23637
2.81707 2.16984
2.79104 2.11146
2.78528 2.10168
2.85764 2.24686
2.90775 2.34023
2.80479 2.14676
2.91817 2.35955
2.8514 2.23532
2.79716 2.1267
2.85256 2.2374
2.78596 2.1029
2.78517 2.10145
2.91659 2.35663
2.7853 2.10172
2.86832 2.26694
2.797 2.13196
2.86019 2.25181
2.78918 2.1124
2.79747 2.12726
2.85283 2.23797
2.81695 2.16961
2.85255 2.23739
2.91729 2.35793
2.78524 2.10162
2.78806 2.11033
2.78522 2.10157
2.91562 2.35483
2.86158 2.2544
2.7952 2.12862
2.90837 2.34137
2.79739 2.12712
2.79535 2.12891
2.79693 2.13198
2.85292 2.23815
2.86989 2.26986
2.85265 2.23764
2.85638 2.24472
2.79874 2.13538
2.81694 2.1696
2.78626 2.10642
2.85383 2.23985
2.78574 2.10533
2.78642 2.10724
2.91834 2.35987
2.91421 2.35221
2.79671 2.12589
2.91653 2.35651
2.85203 2.23649
2.91501 2.35369
2.78568 2.10517
2.79539 2.12354
2.81568 2.16723
2.86352 2.25801
2.79819 2.13435
2.78536 2.10182
2.91788 2.35902
2.79001 2.11409
2.81943 2.17426
2.85135 2.23524
2.85299 2.23829
2.85775 2.24706
2.78541 2.10184
2.88032 2.28925
2.78658 2.1076
2.90367 2.33266
2.78998 2.11402
2.78644 2.10732
2.85089 2.2343
2.85167 2.23575
2.79751 2.12222
2.79726 2.12688
2.91764 2.35857
2.79164 2.11247
2.79194 2.11296
2.85287 2.23806
2.90841 2.34144
2.85171 2.23583
2.79479 2.12782
2.86117 2.25364
2.79672 2.13143
2.79543 2.12907
2.85143 2.23531
2.85155 2.23561
2.78649 2.10742
2.79166 2.1125
2.87666 2.28244
2.85234 2.23707
2.9137 2.35126
2.78639 2.10363
2.85295 2.23822
2.85128 2.23508
2.79516 2.12855
2.79952 2.13685
2.78526 2.10164
2.91305 2.35005
2.91622 2.35593
2.81383 2.16376
2.87488 2.27913
2.91523 2.3541
2.78527 2.10166
2.79503 2.12826
2.79641 2.13091
2.78824 2.11057
2.85286 2.23804
2.7951 2.12843
2.79176 2.11267
2.78656 2.10755
2.86387 2.25866
2.78753 2.10555
2.88059 2.28975
2.85248 2.23726
2.78682 2.10802
2.86096 2.25323
2.79755 2.13315
2.91522 2.35408
2.79727 2.1269
2.85265 2.23765
2.79117 2.11168
2.8736 2.27675
2.91692 2.35723
2.78633 2.10658
2.7975 2.12732
2.91621 2.35592
2.85222 2.23683
2.78518 2.10146
2.85484 2.24173
2.79907 2.136
2.78732 2.10519
2.78568 2.10518
2.79538 2.12898
2.91767 2.35863
2.78526 2.10159
2.79503 2.12827
2.85222 2.23683
2.78637 2.10722
2.85302 2.23834
2.81718 2.17004
2.79501 2.12823
2.78649 2.10743
2.85296 2.23823
2.79796 2.12814
2.91744 2.35821
2.78601 2.10651
2.78847 2.11107
2.85227 2.23687
2.78571 2.10526
2.86238 2.25576
2.78578 2.10245
2.79026 2.1143
2.79538 2.12899
2.86138 2.25403
2.852 2.23637
2.78605 2.10664
2.7857 2.10525
2.85205 2.23652
2.78639 2.10719
2.9183 2.35979
2.85232 2.23704
2.87826 2.28542
2.86827 2.26685
2.91834 2.35987
2.78634 2.1071
2.91811 2.35945
2.85639 2.24453
2.85231 2.237
2.78639 2.10719
2.90811 2.34089
2.7862 2.10631
2.79521 2.12864
2.85851 2.24869
2.85159 2.2356
2.8528 2.23794
2.86038 2.25216
2.78595 2.10576
2.86145 2.25414
2.85169 2.2358
2.79789 2.13378
2.78517 2.10148
2.8523 2.23692
2.85181 2.23601
2.7982 2.13436
2.81722 2.17013
2.85295 2.23822
2.85179 2.23617
2.85192 2.23627
2.79495 2.12812
2.85095 2.23449
2.79522 2.12867
2.91748 2.35828
2.78648 2.10739
2.85131 2.23508
2.79166 2.11249
2.78525 2.10164
2.9129 2.34978
2.78638 2.10723
2.79905 2.13597
2.85228 2.23697
2.86086 2.25306
2.78611 2.10609
2.79676 2.12599
2.79633 2.13076
2.90816 2.34098
2.78513 2.10137
2.79509 2.12838
2.85413 2.24041
2.78527 2.10166
2.78798 2.1102
2.85221 2.23681
2.78576 2.10537
2.79172 2.11259
2.85184 2.23606
2.85139 2.23524
2.79657 2.12565
2.78651 2.10741
2.79821 2.13438
2.79001 2.11408
2.8607 2.25276
2.85866 2.24896
2.86091 2.25314
2.81722 2.17013
2.85987 2.25109
2.91614 2.3558
2.79841 2.12894
2.91775 2.35878
2.78529 2.10169
2.78799 2.11021
2.79682 2.13162
2.7853 2.10171
2.85211 2.23657
2.85385 2.23989
2.86034 2.25208
2.79552 2.12924
2.85514 2.24228
2.91407 2.35195
2.85119 2.23487
2.79498 2.12823
2.85879 2.24909
2.85094 2.23447
2.85258 2.23751
2.7913 2.11616
2.85278 2.23788
2.78558 2.10501
2.91422 2.35222
2.85653 2.24478
2.86157 2.25438
2.79519 2.12861
2.85233 2.23705
2.79044 2.11046
2.91581 2.35517
2.78583 2.10552
2.85185 2.23608
2.91592 2.35539
2.78571 2.10523
2.87933 2.28741
2.91682 2.35705
2.91713 2.35763
2.85234 2.23707
2.78576 2.10536
2.85231 2.237
2.78566 2.10513
2.78641 2.10722
2.85303 2.23836
2.7857 2.10524
2.78648 2.10739
2.85223 2.23686
2.79126 2.11183
2.85213 2.23666
2.85292 2.23816
2.91717 2.3577
2.86155 2.25433
2.7858 2.10545
2.91753 2.35837
2.83085 2.19568
2.78652 2.10748
2.85967 2.25072
2.87972 2.28814
2.79864 2.1352
2.85143 2.23532
2.78631 2.10654
2.85329 2.23885
2.91736 2.35806
2.78612 2.10317
2.85148 2.23548
2.91832 2.35984
2.78567 2.10518
2.78804 2.11031
2.91211 2.34831
2.85167 2.23581
2.86016 2.25175
2.79513 2.12851
2.8504 2.23347
2.86069 2.25274
2.78515 2.10141
2.78846 2.11105
2.85398 2.24014
2.79493 2.12807
2.84898 2.23082
2.85175 2.23589
2.81692 2.16957
2.85288 2.23809
2.78887 2.10783
2.85267 2.23769
2.85141 2.23526
2.91668 2.35679
2.85232 2.23702
2.91685 2.35711
2.7913 2.11616
2.85322 2.23872
2.78588 2.10564
2.7857 2.10523
2.85772 2.247
2.79003 2.11412
2.85174 2.23588
2.79764 2.13331
2.78564 2.10236
2.78625 2.1033
2.91667 2.35678
2.9176 2.35849
2.81715 2.16999
2.85225 2.2369
2.85231 2.23695
2.79783 2.13367
2.85746 2.24672
2.78588 2.10561
2.8517 2.23587
2.79823 2.13433
2.85994 2.25135
2.86159 2.25441
2.85166 2.23578
2.7953 2.12881
2.7973 2.12695
2.81298 2.16218
2.86151 2.25427
2.78653 2.10744
2.86165 2.25453
2.86165 2.25453
2.8524 2.23717
2.79613 2.13039
2.79 2.11405
2.7964 2.12533
2.79521 2.12866
2.85168 2.23577
2.78567 2.10517
2.79604 2.12469
2.78523 2.1016
2.85717 2.24618
2.86119 2.25366
2.796 2.12461
2.85278 2.2379
2.79525 2.12871
2.78606 2.10308
2.79472 2.12767
2.85175 2.2359
2.78685 2.10808
2.85281 2.23796
2.85959 2.25069
2.8612 2.25369
2.78575 2.10535
2.85628 2.24441
2.88112 2.29073
2.84941 2.23174
2.79539 2.129
2.85302 2.23834
2.86912 2.26842
2.85226 2.23691
2.79732 2.12699
2.85301 2.23832
2.78647 2.10738
2.79796 2.13392
2.78792 2.11008
2.85416 2.24046
2.79622 2.13056
2.79769 2.13341
2.78565 2.10511
2.78657 2.10758
2.85412 2.24051
2.78588 2.10277
2.85181 2.23602
2.78528 2.10168
2.85193 2.2363
2.7853 2.10172
2.78711 2.10848
2.86162 2.25447
2.79543 2.12907
2.79537 2.12897
2.86117 2.25364
2.78641 2.10722
2.85834 2.24837
2.8515 2.23544
2.7853 2.10172
2.7877 2.10969
2.87688 2.28285
2.78675 2.10784
2.86098 2.25328
2.85682 2.24532
2.78649 2.10742
2.85153 2.23549
2.79799 2.13397
2.79683 2.13171
2.85702 2.24591
2.78603 2.1059
2.79528 2.12879
2.86278 2.25651
2.79511 2.12846
2.85227 2.23694
2.86172 2.25466
2.78631 2.10705
2.78696 2.10828
2.79652 2.13112
2.8696 2.26932
2.78568 2.10517
2.78727 2.10876
2.85506 2.24214
2.78518 2.10146
2.78975 2.11355
2.79644 2.13096
2.78529 2.10169
2.8523 2.23701
2.86065 2.25266
2.78567 2.10518
2.78571 2.10525
2.85986 2.25119
2.86154 2.25432
2.85298 2.23827
2.85167 2.23576
2.78749 2.10548
2.79515 2.12855
2.79506 2.12832
2.85308 2.23846
2.85702 2.24591
2.85336 2.23897
2.86145 2.25414
2.8598 2.25107
2.87224 2.27424
2.79508 2.1284
2.8525 2.23729
2.7975 2.12731
2.8518 2.23599
2.79512 2.12848
2.79825 2.13446
2.87731 2.28366
2.79543 2.12906
2.85589 2.24369
2.85382 2.23974
2.85172 2.23584
2.79818 2.13433
2.79803 2.13405
2.78548 2.10203
2.7857 2.10232
2.86167 2.25456
2.85296 2.23822
2.85233 2.23703
2.78571 2.10526
2.85194 2.23625
2.86366 2.25826
2.79784 2.13369
2.8171 2.16989
2.78599 2.10581
2.8523 2.23699
2.87945 2.28764
2.79824 2.13445
2.79713 2.12665
2.79907 2.136
2.7862 2.10331
2.85163 2.23568
2.78505 2.10124
2.79713 2.12159
2.78837 2.11089
2.87866 2.28616
2.79506 2.12832
2.78517 2.10145
2.79536 2.12892
2.85221 2.23681
2.85234 2.23706
2.86116 2.25362
2.87986 2.28839
2.79002 2.1141
2.81693 2.16957
2.85183 2.23605
2.85597 2.24384
2.87875 2.28632
2.79183 2.11279
2.78648 2.1074
2.87946 2.28765
2.79519 2.12861
2.85717 2.24598
2.78469 2.1007
2.85197 2.23637
2.85289 2.2381
2.78639 2.1072
2.79791 2.13381
2.85272 2.23778
2.78571 2.10525
2.85264 2.23763
2.79522 2.12866
2.79508 2.12841
2.79172 2.11259
2.78571 2.10525
2.85346 2.23928
2.78787 2.11
2.86141 2.25407
2.7947 2.12765
2.85201 2.23647
2.78655 2.10753
2.8524 2.23718
2.78752 2.10901
2.78805 2.10642
2.80901 2.15472
2.85162 2.23565
2.86102 2.25335
2.78607 2.10596
2.86112 2.25354
2.85159 2.2356
2.853 2.2383
2.78566 2.10514
2.85306 2.23841
2.78568 2.10517
2.79504 2.12827
2.79773 2.13348
2.78517 2.10144
2.86287 2.25667
2.78573 2.1053
2.78612 2.10317
2.78638 2.10717
2.86387 2.25865
2.85878 2.24919
2.81651 2.1688
2.78527 2.10166
2.78504 2.10122
2.86129 2.25386
2.78718 2.10859
2.8517 2.2358
2.81815 2.17186
2.78633 2.10656
2.85243 2.23717
2.78582 2.10549
2.78581 2.10544
2.78571 2.10526
2.79502 2.12824
2.79547 2.12915
2.86167 2.25456
2.81673 2.16921
2.85195 2.23635
2.79831 2.13457
2.78516 2.10143
2.85225 2.23689
2.79583 2.12983
2.85743 2.24667
2.7854 2.10188
2.86266 2.25641
2.83589 2.2051
2.79491 2.12808
2.78648 2.10687
2.85224 2.23687
2.81388 2.16387
2.7852 2.10149
2.78558 2.10498
2.7974 2.12713
2.86082 2.25299
2.79453 2.12732
2.7868 2.108
2.86113 2.25356
2.78795 2.11014
2.85233 2.23705
2.81728 2.17023
2.78649 2.10743
2.85164 2.23571
2.78613 2.10319
2.79737 2.13281
2.79523 2.12868
2.85323 2.23873
2.78659 2.10761
2.78628 2.10646
2.85212 2.23667
2.80161 2.13469
2.85229 2.23696
2.7866 2.10764
2.79654 2.12559
2.85306 2.23841
2.79495 2.12812
2.7951 2.12843
2.86214 2.25543
2.86288 2.25682
2.795 2.12824
2.7951 2.12844
2.79544 2.12909
2.85403 2.24022
2.85282 2.23798
2.78643 2.10731
2.85814 2.24787
2.85284 2.23801
2.86392 2.25875
2.86139 2.25405
2.79633 2.12521
2.78622 2.10631
2.85266 2.23766
2.81698 2.16967
2.84937 2.23148
2.86321 2.25743
2.81502 2.16599
2.8044 2.14603
2.85595 2.24379
2.7865 2.10744
2.85166 2.23573
2.79469 2.12768
2.78525 2.10163
2.78518 2.10147
2.86144 2.25413
2.86329 2.25757
2.86038 2.25215
2.79571 2.12959
2.78564 2.10513
2.86089 2.25311
2.856 2.2438
2.8522 2.23681
2.78669 2.10787
2.86171 2.25464
2.85293 2.23818
2.86408 2.25904
2.79518 2.12854
2.85278 2.2379
2.79544 2.1291
2.78638 2.10664
2.78517 2.10144
2.85967 2.25084
2.78567 2.10517
2.84816 2.22922
2.85879 2.24921
2.79675 2.12597
2.79827 2.1287
2.85235 2.23709
2.85958 2.25067
2.85121 2.2349
2.8521 2.23663
2.79501 2.12822
2.79829 2.13453
2.79501 2.12822
2.85678 2.24546
2.79728 2.13264
2.78783 2.10993
2.78508 2.10134
2.85293 2.23817
2.79506 2.12831
2.85183 2.23605
2.79494 2.12814
2.78641 2.10723
2.78526 2.10165
2.78531 2.10173
2.85836 2.2484
2.85972 2.25093
2.78559 2.10582
2.85252 2.2374
2.79521 2.12865
2.85278 2.2379
2.78564 2.1051
2.85185 2.23609
2.79709 2.12658
2.85169 2.23579
2.85276 2.23786
2.79543 2.12906
2.79213 2.11329
2.83667 2.20656
2.85132 2.2351
2.85218 2.23676
2.86012 2.25168
2.78943 2.1129
2.79823 2.12863
2.78569 2.10522
2.86274 2.25643
2.79172 2.1126
2.78787 2.11
2.85104 2.23458
2.78583 2.1055
2.78789 2.11002
2.81594 2.16772
2.78523 2.10158
2.85991 2.25128
2.8564 2.24454
2.78631 2.10654
2.81908 2.17361
2.85551 2.24297
2.85175 2.2359
2.85208 2.23658
2.8612 2.25368
2.81712 2.16995
2.86056 2.25249
2.7864 2.10721
2.79767 2.13328
2.85826 2.24821
2.8609 2.25313
2.86128 2.25384
2.85229 2.23697
2.78569 2.10521
2.79055 2.11482
2.85164 2.2357
2.79538 2.12898
2.7864 2.10722
2.85303 2.23837
2.85224 2.23687
2.78801 2.11024
2.86166 2.25455
2.79514 2.12853
2.86147 2.25419
2.78577 2.10243
2.8561 2.24408
2.85129 2.23513
2.86094 2.2532
2.85173 2.23595
2.86109 2.25348
2.78568 2.10517
2.79736 2.13278
2.78647 2.10739
2.79172 2.1126
2.83541 2.20421
2.79421 2.12674
2.86128 2.25383
2.79503 2.12827
2.81435 2.16474
2.78574 2.10533
2.86144 2.25413
2.78638 2.10718
2.85149 2.23542
2.79584 2.12433
2.78518 2.10145
2.7866 2.10763
2.78725 2.10872
2.79521 2.12866
2.85256 2.23748
2.85713 2.24591
2.78571 2.10526
2.8525 2.23738
2.79528 2.12873
2.84812 2.22922
2.85218 2.23676
2.86134 2.25395
2.78572 2.10526
2.78806 2.11033
2.81717 2.17003
2.85366 2.23952
2.78954 2.11312
2.86056 2.25249
2.8516 2.23569
2.86147 2.25418
2.85217 2.23675
2.79831 2.13449
2.85253 2.23742
2.85136 2.23523
2.7871 2.10845
2.86109 2.25348
2.79159 2.11238
2.78641 2.10723
2.78731 2.10882
2.85581 2.24344
2.78627 2.10342
2.78625 2.10695
2.86085 2.25303
2.84988 2.23248
2.86111 2.25353
2.78527 2.10167
2.86142 2.2541
2.85689 2.24545
2.79532 2.12887
2.85149 2.23547
2.78659 2.10761
2.85999 2.25132
2.79818 2.13432
2.85277 2.23787
2.7958 2.11938
2.79501 2.12823
2.84985 2.23242
2.85271 2.23774
2.85306 2.23842
2.85196 2.23636
2.79382 2.12604
2.78993 2.11391
2.85255 2.23746
2.85367 2.23955
2.84693 2.22701
2.78596 2.1029
2.79636 2.13081
2.85154 2.23551
2.82388 2.18261
2.78517 2.10148
2.85418 2.24051
2.78647 2.10733
2.85836 2.24828
2.85169 2.23579
2.7952 2.12862
2.81699 2.1697
2.78551 2.10207
2.85263 2.23762
2.7865 2.10744
2.85285 2.23803
2.79501 2.12824
2.85307 2.23844
2.85291 2.23813
2.78524 2.10162
2.79656 2.13112
2.78624 2.1064
2.78647 2.10739
2.85299 2.23829
2.80691 2.14418
2.79556 2.12932
2.84931 2.23137
2.85219 2.23678
2.85195 2.23633
2.81625 2.16831
2.79737 2.12707
2.86292 2.25675
2.78575 2.10535
2.7949 2.12802
2.79505 2.1283
2.86135 2.25385
2.78656 2.10755
2.86239 2.25577
2.7982 2.13437
2.79055 2.11518
2.85213 2.23667
2.78572 2.10527
2.85234 2.23708
2.798 2.1339
2.85259 2.23755
2.7964 2.12038
2.85232 2.23704
2.78597 2.10581
2.79722 2.12682
2.85566 2.24325
2.78563 2.10508
2.8522 2.2368
2.81618 2.16818
2.78641 2.10724
2.85702 2.24579
2.85307 2.23844
2.79539 2.12899
2.85136 2.23526
2.84937 2.23156
2.81822 2.172
2.79733 2.127
2.85073 2.23409
2.85295 2.2382
2.78635 2.10713
2.78831 2.11079
2.86136 2.25386
2.85834 2.24825
2.7851 2.10134
2.79544 2.12909
2.86099 2.25318
2.86055 2.25236
2.79599 2.13012
2.78596 2.10578
2.85717 2.24598
2.79491 2.12803
2.85241 2.23721
2.78575 2.10535
2.78672 2.10784
2.86065 2.25255
2.85239 2.23718
2.85183 2.23605
2.80301 2.14341
2.80186 2.14125
2.78571 2.10524
2.79815 2.13427
2.85405 2.24026
2.79215 2.1184
2.86189 2.25484
2.79128 2.11186
2.78648 2.1074
2.85213 2.23669
2.79251 2.11392
2.79561 2.1295
2.78571 2.10525
2.79476 2.12775
2.86155 2.25422
2.78583 2.10268
2.86148 2.25408
2.81674 2.16922
2.78661 2.10764
2.86215 2.25533
2.85042 2.2335
2.85162 2.23566
2.7864 2.10722
2.84895 2.23077
2.78522 2.10157
2.78645 2.1073
2.81921 2.17386
2.85283 2.23798
2.79009 2.11425
2.85273 2.23781
2.85172 2.23584
2.85446 2.24101
2.78538 2.10186
2.85239 2.23717
2.80511 2.14094
2.85282 2.23797
2.78943 2.11291
2.79502 2.12824
2.85743 2.24646
2.85413 2.24041
2.79786 2.13372
2.81948 2.17435
2.79602 2.13017
2.81727 2.17022
2.79535 2.12891
2.7953 2.12877
2.7951 2.12844
2.78531 2.10172
2.78523 2.10159
2.85158 2.23559
2.85175 2.2359
2.85213 2.23666
2.85355 2.23934
2.79159 2.11238
2.7976 2.13323
2.79499 2.12819
2.85279 2.23791
2.78797 2.11018
2.78799 2.11021
2.79725 2.12687
2.85417 2.24049
2.7852 2.10154
2.85293 2.23818
2.85301 2.23833
2.85429 2.24071
2.81528 2.16648
2.84887 2.23055
2.85286 2.23804
2.78663 2.10768
2.85189 2.23623
2.79521 2.12864
2.85352 2.23927
2.85379 2.23977
2.79871 2.13534
2.78565 2.10514
2.85396 2.2401
2.79501 2.12822
2.85398 2.24012
2.85387 2.23992
2.7865 2.10744
2.80187 2.14127
2.85399 2.24014
2.799 2.13587
2.85185 2.23608
2.85206 2.23654
2.85288 2.23809
2.78635 2.10712
2.8526 2.23757
2.81709 2.16989
2.78607 2.103
2.78518 2.10146
2.8525 2.23731
2.79834 2.13464
2.85048 2.23355
2.85613 2.24413
2.85208 2.2366
2.78789 2.11002
2.80123 2.13399
2.79582 2.12981
2.79538 2.12897
2.78594 2.10645
2.85308 2.23845
2.7952 2.12862
2.85291 2.23814
2.78639 2.10362
2.85069 2.23399
2.79554 2.12928
2.8162 2.16822
2.85421 2.24049
2.85283 2.23798
2.81597 2.16778
2.78717 2.10865
2.85238 2.23716
2.85202 2.23646
2.78806 2.11034
2.85182 2.23603
2.85057 2.23371
2.78819 2.11047
2.85288 2.23807
2.84811 2.22914
2.81658 2.16892
2.79485 2.12792
2.8525 2.23738
2.85228 2.23695
2.78662 2.10765
2.85173 2.23586
2.78516 2.10148
2.78564 2.1051
2.85237 2.23713
2.85257 2.2375
2.78655 2.10753
2.85264 2.23763
2.79783 2.13368
2.78641 2.10674
2.79521 2.12865
2.7949 2.12807
2.85277 2.23787
2.85282 2.23796
2.78513 2.10143
2.85149 2.23548
2.78551 2.10485
2.79491 2.12809
2.85179 2.23597
2.85289 2.23811
2.79125 2.11181
2.85255 2.23746
2.85472 2.2415
2.79546 2.12914
2.85218 2.23677
2.85269 2.23773
2.85202 2.23648
2.79174 2.11262
2.786 2.10582
2.7857 2.10524
2.85265 2.23765
2.79529 2.12881
2.79532 2.12887
2.79156 2.11233
2.85308 2.23846
2.84962 2.23195
2.78615 2.10677
2.85184 2.23606
2.78561 2.10503
2.78797 2.11017
2.85121 2.23489
2.81702 2.16975
2.85173 2.23586
2.78605 2.10601
2.8034 2.14415
2.7857 2.10524
2.85231 2.23701
2.78527 2.10166
2.78798 2.11019
2.85767 2.24691
2.79811 2.1342
2.81664 2.16904
2.78612 2.10317
2.78648 2.10741
2.85748 2.24656
2.8543 2.24065
2.83668 2.20657
2.79144 2.11212
2.78569 2.1052
2.78637 2.10666
2.78584 2.10553
2.8518 2.236
2.81034 2.15722
2.79718 2.12673
2.79545 2.12911
2.85221 2.23683
2.85488 2.24173
2.85044 2.23347
2.79518 2.12858
2.85177 2.23594
2.81391 2.16392
2.78661 2.10765
2.85242 2.23714
2.79874 2.13528
2.85604 2.24388
2.8529 2.23805
2.78623 2.10637
2.85767 2.2469
2.85207 2.23655
2.85153 2.23549
2.78654 2.10753
2.79521 2.12864
2.79835 2.13464
2.79005 2.11417
2.85214 2.23669
2.79818 2.13433
2.78821 2.11061
2.85177 2.23593
2.85139 2.23523
2.79461 2.12747
2.85191 2.23625
2.85502 2.24197
2.85176 2.23592
2.78815 2.1105
2.79656 2.13129
2.79343 2.121
2.85541 2.24271
2.85176 2.23592
2.79137 2.11632
2.8566 2.24491
2.85226 2.2369
2.78658 2.10759
2.78737 2.10893
2.84977 2.23222
2.79592 2.12448
2.81692 2.16956
2.85145 2.23534
2.80735 2.15159
2.85729 2.2462
2.7985 2.13483
2.85025 2.23311
2.85142 2.23529
2.79384 2.12182
2.85178 2.23595
2.79823 2.13441
2.78607 2.10669
2.79471 2.12773
2.78531 2.10172
2.85249 2.23729
2.78628 2.10647
2.78637 2.10715
2.79499 2.12822
2.78564 2.1051
2.79516 2.12854
2.85097 2.23445
2.78675 2.1079
2.85086 2.2343
2.78568 2.10517
2.85213 2.23662
2.78518 2.10146
2.7975 2.12731
2.85152 2.23548
2.85128 2.23503
2.79048 2.11053
2.85181 2.23601
2.79745 2.12722
2.7952 2.12863
2.85258 2.23744
2.78522 2.10157
2.79843 2.12898
2.85198 2.23632
2.79818 2.13432
2.79507 2.1284
2.8522 2.23674
2.85213 2.23661
2.79639 2.12532
2.79898 2.13584
2.80455 2.14632
2.78523 2.10158
2.78646 2.10738
2.85239 2.2371
2.78575 2.1024
2.85145 2.23534
2.85239 2.23709
2.85078 2.23409
2.79078 2.11102
2.78657 2.10757
2.81963 2.17465
2.78645 2.10735
2.85127 2.23502
2.78625 2.1064
2.85156 2.23555
2.85168 2.23578
2.78531 2.10173
2.81869 2.17287
2.79055 2.11518
2.79183 2.11278
2.8171 2.1699
2.79654 2.13116
2.85183 2.23606
2.79587 2.12989
2.7865 2.10744
2.85084 2.23421
2.78641 2.10723
2.85137 2.2352
2.85162 2.23567
2.8512 2.23487
2.85176 2.23598
2.80098 2.1396
2.79778 2.13348
2.85126 2.23499
2.79521 2.12864
2.85154 2.23552
2.78566 2.10514
2.85172 2.23585
2.78571 2.10526
2.78641 2.10723
2.85162 2.23566
2.85177 2.23593
2.85175 2.23591
2.79488 2.12799
2.85177 2.23594
2.79232 2.1136
2.78779 2.10986
2.8518 2.23599
2.79546 2.12913
2.85081 2.23416
2.78602 2.103
2.85161 2.23563
2.79544 2.12909
2.79825 2.13445
2.78571 2.10526
2.85172 2.23584
2.85093 2.23438
2.78658 2.10759
2.85223 2.23685
2.83309 2.19987
2.81686 2.16945
2.78632 2.10655
2.85174 2.23589
2.85138 2.23522
2.7953 2.12882
2.85163 2.23569
2.85159 2.23561
2.78527 2.10166
2.85165 2.23572
2.79767 2.13336
2.79143 2.11696
2.85142 2.23529
2.79817 2.13431
2.85179 2.23598
2.85166 2.23573
2.85167 2.23575
2.79517 2.12857
2.78511 2.10135
2.79683 2.13179
2.85169 2.23578
2.8159 2.16764
2.78565 2.10513
2.85278 2.23787
2.85181 2.23602
2.79723 2.13254
2.78608 2.1031
2.79708 2.12655
2.85199 2.23641
2.85222 2.23683
2.79498 2.12817
2.78567 2.10516
2.85219 2.23677
2.85281 2.23794
2.85612 2.24411
2.78613 2.10318
2.85141 2.23532
2.78657 2.10758
2.85036 2.23336
2.85607 2.24401
2.7849 2.10104
2.79533 2.12889
2.85305 2.23838
2.78658 2.10759
2.78529 2.10169
2.78523 2.1016
2.85224 2.23688
2.7952 2.12864
2.78665 2.10772
2.85622 2.24431
2.81663 2.16901
2.79096 2.11132
2.85225 2.2369
2.78588 2.10277
2.78639 2.10719
2.78658 2.1076
2.85234 2.23706
2.81234 2.16096
2.78524 2.10161
2.79275 2.11963
2.85626 2.24438
2.85382 2.23983
2.78617 2.10325
2.85367 2.23954
2.7864 2.10721
2.78772 2.10973
2.85392 2.24001
2.78657 2.10757
2.85229 2.23696
2.85498 2.24199
2.79505 2.1283
2.85226 2.2369
2.79913 2.13611
2.7853 2.10171
2.85189 2.23622
2.79852 2.13496
2.85233 2.23704
2.85229 2.23697
2.85445 2.241
2.85533 2.24265
2.80387 2.14503
2.78522 2.10157
2.85096 2.23448
2.78612 2.10317
2.79514 2.12851
2.85263 2.23759
2.79239 2.11372
2.85498 2.24198
2.78763 2.10922
2.78833 2.11082
2.85273 2.23779
2.79542 2.12906
2.85587 2.24364
2.78517 2.10145
2.85573 2.24339
2.78712 2.10857
2.78624 2.10638
2.85575 2.24343
2.85227 2.23693
2.85204 2.2365
2.79681 2.12608
2.78571 2.10526
2.85244 2.23726
2.85222 2.23685
2.85176 2.23597
2.79764 2.13331
2.79821 2.13439
2.78527 2.10165
2.79181 2.11274
2.85102 2.23459
2.78523 2.10158
2.85229 2.23697
2.79857 2.13498
2.85231 2.23701
2.85229 2.23697
2.79826 2.13448
2.78623 2.10694
2.81642 2.16862
2.85243 2.23723
2.79908 2.13603
2.85263 2.2376
2.78623 2.10636
2.79716 2.1324
2.78522 2.10158
2.85228 2.23695
2.81687 2.16947
2.8527 2.23773
2.78602 2.10587
2.79867 2.13524
2.78594 2.10645
2.85282 2.23795
2.78649 2.10737
2.85163 2.23573
2.79733 2.13273
2.85127 2.23507
2.85227 2.23692
2.7954 2.12902
2.85231 2.237
2.85221 2.23681
2.78981 2.11368
2.85191 2.23625
2.85195 2.23632
2.79498 2.12817
2.85232 2.23702
2.79495 2.1281
2.85175 2.23596
2.78944 2.11293
2.80464 2.14648
2.78599 2.10295
2.78806 2.11034
2.85228 2.23694
2.79459 2.12744
2.85228 2.23695
2.8521 2.23662
2.79812 2.13422
2.79404 2.12221
2.7862 2.1063
2.85233 2.23705
2.78682 2.10803
2.85231 2.237
2.79542 2.12905
2.78802 2.11027
2.85187 2.23618
2.85232 2.23702
2.85228 2.23694
2.85226 2.23691
2.85189 2.23623
2.79813 2.13424
2.78514 2.10139
2.85224 2.23688
2.79644 2.1254
2.81722 2.17012
2.85173 2.23593
2.78715 2.10861
2.85203 2.23649
2.85217 2.23674
2.78568 2.10523
2.79827 2.13449
2.78656 2.10756
2.85229 2.23696
2.85228 2.23695
2.85227 2.23694
2.817 2.16971
2.78637 2.10715
2.85192 2.23627
2.78651 2.10741
2.85234 2.23705
2.79119 2.11597
2.85235 2.23707
2.8196 2.1746
2.79145 2.11214
2.85229 2.23698
2.79521 2.1286
2.85222 2.23684
2.85234 2.23705
2.85224 2.23687
2.85222 2.23684
2.7958 2.12426
2.85229 2.23696
2.79176 2.11267
2.80395 2.14518
2.78662 2.10767
2.79493 2.12808
2.85232 2.23702
2.79537 2.12896
2.85234 2.23706
2.78786 2.10999
2.81575 2.16736
2.78528 2.10168
2.78651 2.10746
2.85234 2.23706
2.78514 2.1014
2.79174 2.11264
2.79522 2.12866
2.79505 2.1283
2.79695 2.13187
2.7918 2.11273
2.8155 2.1669
2.80482 2.14682
2.78567 2.10515
2.79643 2.13095
2.78583 2.1055
2.83614 2.20557
2.79514 2.12853
2.7941 2.12658
2.78567 2.10517
2.8362 2.20568
2.79683 2.13165
2.79652 2.13112
2.83046 2.19493
2.81535 2.16662
2.79545 2.12911
2.7866 2.10763
2.79498 2.12817
2.79487 2.12796
2.79533 2.12886
2.78621 2.10633
2.79008 2.11423
2.81715 2.16998
2.79679 2.12603
2.81611 2.16804
2.79814 2.13424
2.80481 2.14683
2.83383 2.20125
2.79833 2.13462
2.79538 2.12897
2.78607 2.10597
2.81522 2.16638
2.78623 2.10632
2.83221 2.19822
2.7899 2.11387
2.78677 2.10794
2.83605 2.20539
2.83685 2.2069
2.79424 2.12678
2.78642 2.10725
2.79487 2.12797
2.7864 2.10721
2.79117 2.11592
2.81672 2.16918
2.78649 2.10742
2.78916 2.11231
2.81679 2.16932
2.79437 2.12707
2.79516 2.12856
2.82545 2.18555
2.81972 2.17482
2.81572 2.1673
2.79158 2.11236
2.79543 2.12906
2.82739 2.18919
2.79826 2.13448
2.79812 2.13421
2.79664 2.13129
2.79474 2.12772
2.80362 2.14457
2.79522 2.12865
2.81272 2.16169
2.81726 2.1702
2.79537 2.12895
2.79553 2.12934
2.78627 2.10699
2.7956 2.12947
2.78598 2.10582
2.7918 2.11272
2.80497 2.14712
2.79506 2.12832
2.79789 2.13377
2.78839 2.11093
2.81917 2.17378
2.7978 2.13353
2.79821 2.13437
2.81531 2.16653
2.79102 2.11566
2.79465 2.1276
2.83124 2.1964
2.81509 2.16613
2.78568 2.10518
2.83588 2.20508
2.79805 2.13409
2.79056 2.1152
2.78617 2.10326
2.78802 2.11027
2.80986 2.15631
2.78969 2.11342
2.78522 2.10157
2.79533 2.12887
2.7951 2.12843
2.78569 2.10522
2.79824 2.13444
2.79483 2.1279
2.81681 2.16935
2.7952 2.12862
2.78643 2.1073
2.82078 2.17681
2.78781 2.10988
2.7857 2.10524
2.81721 2.1701
2.78632 2.10655
2.79895 2.13578
2.79515 2.12853
2.7952 2.12862
2.80906 2.15482
2.79505 2.1283
2.80967 2.15596
2.8278 2.18995
2.82516 2.18501
2.81629 2.16839
2.79472 2.12769
2.79539 2.12899
2.79799 2.13398
2.78644 2.10732
2.79822 2.1344
2.78633 2.10656
2.7865 2.10744
2.8088 2.15433
2.798 2.1282
2.81684 2.16942
2.78519 2.10152
2.79522 2.12866
2.82783 2.19
2.81641 2.1686
2.81301 2.16223
2.81821 2.17199
2.79831 2.13457
2.83243 2.19863
2.78568 2.10521
2.78514 2.10145
2.83694 2.20707
2.79539 2.12901
2.79825 2.13446
2.79823 2.13443
2.7866 2.10762
2.79824 2.13445
2.79518 2.12859
2.81257 2.16141
2.81656 2.16888
2.78529 2.10169
2.78639 2.10665
2.82383 2.18251
2.79808 2.13414
2.79495 2.1281
2.79699 2.1264
2.79512 2.12848
2.78997 2.114
2.78646 2.10736
2.79516 2.12856
2.82467 2.1841
2.7865 2.10744
2.7868 2.10807
2.82915 2.19248
2.79519 2.12861
2.79769 2.13341
2.81683 2.16939
2.81458 2.16516
2.79534 2.1289
2.78769 2.10581
2.83287 2.19945
2.78789 2.10993
2.81714 2.16997
2.79735 2.12705
2.79828 2.13452
2.83043 2.19489
2.78626 2.10332
2.79504 2.12828
2.78566 2.10517
2.79227 2.11352
2.83242 2.1986
2.78634 2.10717
2.81696 2.16964
2.78645 2.10735
2.81668 2.16912
2.7942 2.12683
2.78625 2.10694
2.79507 2.12837
2.79518 2.12859
2.79799 2.13397
2.79546 2.12913
2.78516 2.10142
2.83501 2.20345
2.83488 2.20322
2.79745 2.13296
2.78647 2.10739
2.83421 2.20197
2.78998 2.11402
2.79522 2.12867
2.7982 2.13436
2.78648 2.10741
2.78644 2.10734
2.83407 2.20169
2.79059 2.11526
2.78574 2.10532
2.79523 2.12868
2.79546 2.12914
2.79593 2.13
2.81194 2.16022
2.79146 2.11216
2.8343 2.20213
2.78838 2.11091
2.7865 2.10744
2.81501 2.16597
2.7954 2.12901
2.78533 2.10177
2.83659 2.20641
2.81946 2.17432
2.79491 2.12809
2.78568 2.10517
2.79604 2.1303
2.81777 2.17116
2.78646 2.10683
2.78549 2.10481
2.81407 2.16421
2.78574 2.10533
2.81589 2.16763
2.81667 2.1691
2.78658 2.10759
2.79512 2.12848
2.81942 2.17426
2.79566 2.1295
2.79784 2.13369
2.81063 2.15776
2.78803 2.11028
2.79488 2.12797
2.78789 2.10994
2.79829 2.13454
2.79432 2.12698
2.78499 2.10117
2.79506 2.12832
2.81689 2.1695
2.81685 2.16942
2.81868 2.17286
2.78607 2.10598
2.78639 2.10719
2.8162 2.16821
2.7943 2.1269
2.79616 2.13044
2.78523 2.10161
2.79828 2.13452
2.81563 2.16715
2.78774 2.10976
2.79835 2.13465
2.79628 2.13067
2.81537 2.16665
2.79501 2.12822
2.79457 2.1274
2.81675 2.16924
2.78522 2.10157
2.79547 2.12915
2.79723 2.13246
2.7866 2.10763
2.79811 2.13419
2.7852 2.10153
2.81619 2.16819
2.78609 2.10312
2.7863 2.10651
2.795 2.12821
2.81579 2.16745
2.78643 2.10731
2.79607 2.13022
2.79506 2.12831
2.7875 2.10925
2.78806 2.11035
2.81969 2.17476
2.79814 2.13425
2.79503 2.12831
2.79826 2.13447
2.79503 2.12827
2.7982 2.13437
2.78514 2.10143
2.78567 2.10515
2.78653 2.1075
2.79502 2.12825
2.79505 2.12834
2.79825 2.13446
2.78607 2.103
2.79544 2.12909
2.78801 2.11025
2.7954 2.12901
2.81769 2.17101
2.81844 2.17241
2.78636 2.10663
2.81836 2.17227
2.78801 2.11024
2.79499 2.12818
2.79495 2.1281
2.78797 2.11018
2.79501 2.12822
2.79762 2.13328
2.78735 2.1089
2.79656 2.13121
2.78841 2.11098
2.81904 2.17353
2.79797 2.13392
2.78567 2.10516
2.81881 2.17311
2.81876 2.17302
2.78567 2.10517
2.79829 2.13454
2.78527 2.10167
2.7954 2.12901
2.795 2.12825
2.79772 2.13345
2.79523 2.12867
2.79762 2.13328
2.7949 2.12802
2.81884 2.17317
2.79541 2.12904
2.79472 2.12768
2.7857 2.10523
2.79518 2.12858
2.79504 2.12829
2.78571 2.10526
2.79748 2.12727
2.79527 2.12872
2.78572 2.10528
2.81585 2.16755
2.78636 2.10714
2.78504 2.10124
2.81593 2.16771
2.81937 2.17416
2.78627 2.10335
2.79421 2.1214
2.80275 2.14292
2.81963 2.17465
2.8137 2.16351
2.79536 2.12895
2.78657 2.10757
2.78575 2.10535
2.7953 2.12877
2.81191 2.16017
2.78523 2.10159
2.81726 2.17019
2.78521 2.10157
2.79539 2.12898
2.81688 2.16948
2.81632 2.16843
2.79871 2.13523
2.79121 2.11174
2.79857 2.13498
2.79005 2.11416
2.79699 2.13194
2.8139 2.1639
2.78521 2.10157
2.78523 2.10159
2.78568 2.10517
2.79572 2.12962
2.7863 2.10652
2.79546 2.12912
2.79914 2.13613
2.81721 2.1701
2.81611 2.16805
2.79703 2.13201
2.79799 2.13398
2.79257 2.11403
2.81508 2.16612
2.78627 2.1064
2.78694 2.10824
2.78571 2.10527
2.7864 2.10672
2.79817 2.13431
2.81572 2.16731
2.78577 2.10243
2.78583 2.10551
2.81258 2.16142
2.79492 2.12806
2.79511 2.12845
2.79496 2.12819
2.78649 2.10742
2.8143 2.16465
2.79857 2.12924
2.79543 2.12907
2.79037 2.11449
2.78627 2.10645
2.81546 2.16682
2.78634 2.10711
2.81652 2.16881
2.79181 2.11275
2.80274 2.1429
2.78619 2.10684
2.81646 2.1687
2.78529 2.10171
2.7954 2.12901
2.7857 2.10524
2.78653 2.1075
2.78662 2.10766
2.81725 2.17019
2.78573 2.1053
2.79537 2.12894
2.7864 2.10672
2.79406 2.1265
2.78639 2.1072
2.7981 2.13417
2.80387 2.14502
2.78782 2.1099
2.81648 2.16874
2.81675 2.16924
2.78653 2.1075
2.7951 2.12844
2.7855 2.102
2.79624 2.13059
2.7864 2.10721
2.79606 2.13025
2.79176 2.11266
2.78775 2.10978
2.817 2.16971
2.79571 2.12959
2.79004 2.11413
2.79824 2.13444
2.79875 2.13531
2.79833 2.13461
2.78641 2.10722
2.81662 2.169
2.78523 2.10159
2.79522 2.12867
2.79171 2.11258
2.78806 2.11033
2.81709 2.16987
2.79533 2.12887
2.7952 2.12859
2.79007 2.1142
2.78718 2.10866
2.7857 2.10524
2.78818 2.11045
2.81644 2.16867
2.81715 2.16999
2.78641 2.10669
2.79119 2.11172
2.79521 2.12865
2.81382 2.16374
2.81588 2.16761
2.78627 2.10697
2.78601 2.10657
2.81684 2.1694
2.78529 2.10171
2.78654 2.10746
2.79521 2.12865
2.79774 2.13341
2.81703 2.16976
2.79745 2.13287
2.78632 2.10655
2.78507 2.10131
2.8158 2.16746
2.79511 2.12845
2.7871 2.10815
2.79862 2.13506
2.79506 2.12832
2.7864 2.10721
2.81585 2.16755
2.78647 2.10739
2.81695 2.16961
2.81625 2.1683
2.79243 2.11379
2.80456 2.14632
2.78529 2.1017
2.79795 2.1339
2.7875 2.10933
2.79887 2.13563
2.80422 2.14569
2.80403 2.14533
2.79905 2.13596
2.7864 2.10722
2.78814 2.10657
2.81682 2.16938
2.79488 2.12798
2.81676 2.16927
2.79533 2.12888
2.81683 2.1694
2.79685 2.12615
2.79543 2.12906
2.78986 2.11378
2.79472 2.12769
2.81514 2.16621
2.79492 2.12806
2.78661 2.10765
2.7974 2.12713
2.8169 2.16952
2.7962 2.13047
2.81515 2.16623
2.79788 2.13376
2.79806 2.1341
2.79421 2.12677
2.7909 2.11545
2.7853 2.10172
2.79505 2.1283
2.78655 2.10754
2.78667 2.10775
2.79516 2.12855
2.79519 2.12861
2.78989 2.11384
2.79538 2.12897
2.7972 2.13249
2.79522 2.12862
2.78649 2.10742
2.81667 2.16909
2.81649 2.16876
2.79528 2.11852
2.81723 2.17013
2.78771 2.1097
2.78606 2.10594
2.79537 2.12895
2.78574 2.10532
2.78725 2.10872
2.7865 2.10743
2.79727 2.12689
2.81673 2.1692
2.78686 2.10766
2.78811 2.10655
2.79702 2.13199
2.78577 2.10243
2.81667 2.16909
2.8058 2.14218
2.7952 2.12862
2.79678 2.1317
2.81726 2.1702
2.79776 2.13354
2.79037 2.11034
2.79786 2.13373
2.80296 2.14332
2.78571 2.10526
2.79833 2.13462
2.79916 2.13617
2.78543 2.10193
2.78508 2.1013
2.78713 2.10858
2.79522 2.12866
2.794 2.12214
2.78642 2.10724
2.79767 2.13327
2.79833 2.13461
2.80108 2.13978
2.78641 2.10722
2.79504 2.12842
2.80482 2.14681
2.78617 2.10326
2.80258 2.13643
2.79801 2.13401
2.79545 2.1291
2.79914 2.13613
2.79582 2.12988
2.79853 2.135
2.78604 2.10303
2.79832 2.13459
2.79537 2.12896
2.78662 2.10766
2.80435 2.14594
2.79817 2.13431
2.78517 2.10145
2.8034 2.14416
2.79824 2.13443
2.79519 2.12861
2.80054 2.13876
2.80082 2.13929
2.78645 2.10735
2.78672 2.10785
2.78731 2.10898
2.79835 2.13465
2.80231 2.1421
2.7982 2.13437
2.79588 2.13
2.79812 2.13421
2.79504 2.12829
2.78794 2.11003
2.79833 2.13462
2.78567 2.10517
2.79497 2.12816
2.79509 2.12838
2.78632 2.10654
2.79822 2.1344
2.79521 2.12865
2.80426 2.14577
2.79834 2.13462
2.79153 2.11228
2.804 2.14527
2.79657 2.1313
2.79487 2.128
2.80426 2.14578
2.79525 2.12871
2.79815 2.13427
2.78559 2.105
2.79458 2.12747
2.79531 2.12884
2.78571 2.10526
2.79504 2.12827
2.78681 2.108
2.7866 2.10764
2.79542 2.12905
2.79822 2.13441
2.79885 2.13559
2.78517 2.10144
2.79501 2.12827
2.7865 2.10743
2.78775 2.10978
2.79821 2.13438
2.79692 2.13196
2.7913 2.11618
2.79882 2.13553
2.7978 2.13362
2.79805 2.13409
2.78517 2.10145
2.7934 2.12525
2.78642 2.10368
2.79504 2.12829
2.79831 2.13457
2.79729 2.12694
2.79502 2.12824
2.79552 2.12924
2.78516 2.10147
2.78596 2.10578
2.79908 2.13602
2.78571 2.10525
2.79845 2.13483
2.78641 2.10723
2.78806 2.11033
2.79849 2.13491
2.79539 2.12899
2.79716 2.13232
2.7865 2.10744
2.79524 2.12865
2.79866 2.13524
2.78567 2.10516
2.79894 2.13576
2.79886 2.13562
2.78631 2.10653
2.78559 2.10499
2.79535 2.12892
2.79895 2.13578
2.78529 2.10171
2.79173 2.11261
2.78592 2.1057
2.79771 2.13344
2.79738 2.13282
2.78541 2.10198
2.79051 2.11509
2.79486 2.12794
2.79833 2.13461
2.79671 2.13155
2.79518 2.1286
2.79132 2.11193
2.78989 2.11384
2.78574 2.10532
2.79769 2.1334
2.79515 2.12855
2.79647 2.13102
2.795 2.12825
2.79166 2.1125
2.79782 2.13365
2.79792 2.13383
2.79524 2.12866
2.79537 2.12895
2.7981 2.13417
2.79826 2.13448
2.7972 2.13248
2.79808 2.13414
2.79651 2.13111
2.79519 2.12861
2.7976 2.13323
2.7868 2.10799
2.79871 2.13523
2.79383 2.11612
2.79833 2.13461
2.79827 2.13449
2.78619 2.10683
2.79488 2.12803
2.79788 2.13376
2.78573 2.1053
2.78523 2.10159
2.79746 2.12724
2.79809 2.13416
2.78631 2.10653
2.79814 2.13425
2.78579 2.10544
2.79511 2.12842
2.78606 2.10308
2.79827 2.13449
2.79517 2.12857
2.78713 2.10858
2.79009 2.11424
2.78573 2.10527
2.79638 2.1308
2.78632 2.10712
2.79674 2.13147
2.79835 2.13464
2.79528 2.12879
2.79518 2.1286
2.78681 2.108
2.79586 2.12988
2.79529 2.12881
2.79498 2.12818
2.78553 2.10487
2.79583 2.12983
2.79731 2.12697
2.79675 2.12596
2.7944 2.1271
2.7953 2.12883
2.7986 2.13503
2.79579 2.12974
2.79509 2.12842
2.78584 2.10557
2.79496 2.12813
2.78548 2.10209
2.79486 2.12795
2.79684 2.13165
2.79695 2.13186
2.79847 2.13479
2.79593 2.13001
2.79506 2.12831
2.7865 2.10738
2.7858 2.10615
2.79523 2.1287
2.7951 2.12843
2.7865 2.10743
2.79476 2.12782
2.79522 2.12867
2.79671 2.13147
2.79633 2.13076
2.78657 2.10757
2.79679 2.13162
2.79542 2.12906
2.7851 2.10136
2.79547 2.12914
2.79547 2.12915
2.78525 2.10158
2.79424 2.12683
2.79823 2.13434
2.80696 2.14426
2.79723 2.13245
2.79181 2.11275
2.78568 2.10518
2.79811 2.13411
2.79184 2.1128
2.79796 2.13383
2.79567 2.12952
2.79525 2.12873
2.78649 2.10742
2.798 2.1339
2.78517 2.10144
2.78635 2.10716
2.7958 2.12976
2.78571 2.10525
2.79843 2.13471
2.7983 2.13446
2.78574 2.10534
2.78703 2.1084
2.79543 2.12907
2.78524 2.10156
2.79869 2.1352
2.79518 2.12859
2.79168 2.11253
2.78593 2.10572
2.79499 2.12818
2.79484 2.1279
2.79494 2.12815
2.78573 2.1053
2.7941 2.12656
2.79546 2.12913
2.79502 2.12824
2.79524 2.12872
2.79498 2.12823
2.78995 2.11395
2.78781 2.10988
2.79503 2.12826
2.79588 2.12992
2.79541 2.12904
2.7954 2.12902
2.78583 2.10268
2.7907 2.11509
2.79533 2.12888
2.79476 2.12781
2.78802 2.11026
2.78531 2.10173
2.79563 2.12945
2.79523 2.12869
2.79584 2.12984
2.79545 2.12911
2.79588 2.12991
2.79753 2.12736
2.78514 2.1014
2.79505 2.12831
2.78646 2.10738
2.79562 2.12943
2.79565 2.12949
2.79006 2.11419
2.78574 2.10534
2.79577 2.1297
2.79577 2.12971
2.79573 2.12964
2.79577 2.12972
2.78984 2.11374
2.78575 2.10241
2.78647 2.10739
2.79525 2.12873
2.79513 2.1285
2.79587 2.12989
2.79541 2.12902
2.78564 2.10512
2.78533 2.10183
2.78571 2.10526
2.79531 2.12885
2.79256 2.114
2.78523 2.10154
2.79502 2.12831
2.79491 2.1281
2.78614 2.1032
2.79469 2.12768
2.79519 2.12861
2.79511 2.12847
2.79545 2.12911
2.79139 2.11205
2.79524 2.12872
2.79004 2.11413
2.79526 2.12874
2.7857 2.10247
2.79498 2.12822
2.78564 2.10509
2.79512 2.12847
2.7953 2.12883
2.79529 2.12881
2.78958 2.11321
2.78618 2.10688
2.79539 2.12899
2.795 2.12821
2.78651 2.10742
2.79546 2.12913
2.79468 2.12763
2.78641 2.10723
2.7952 2.12863
2.79585 2.1298
2.79527 2.12877
2.78571 2.10527
2.79524 2.12871
2.78632 2.10655
2.7917 2.11255
2.79542 2.12904
2.78547 2.102
2.78568 2.10521
2.78647 2.10738
2.79516 2.12857
2.78564 2.10509
2.79512 2.12847
2.7959 2.12995
2.78493 2.10116
2.79464 2.12752
2.78638 2.10723
2.78992 2.11389
2.79536 2.12893
2.79382 2.12599
2.79523 2.12869
2.79524 2.1287
2.7864 2.10722
2.78648 2.1074
2.79542 2.12905
2.79537 2.12895
2.78785 2.10609
2.79536 2.12895
2.78642 2.10724
2.78995 2.11396
2.79534 2.1289
2.78551 2.10487
2.78699 2.10826
2.79538 2.12898
2.78489 2.10102
2.7861 2.1061
2.79494 2.12814
2.79544 2.12909
2.7954 2.12901
2.78513 2.10138
2.79542 2.12905
2.78523 2.10159
2.79504 2.12828
2.79535 2.12891
2.79541 2.12903
2.78565 2.10511
2.79528 2.12879
2.79504 2.12827
2.79529 2.12881
2.79615 2.13042
2.79134 2.11624
2.79495 2.12812
2.79512 2.12848
2.79545 2.12912
2.79547 2.12915
2.79537 2.12895
2.79156 2.11232
2.79537 2.12896
2.78521 2.10155
2.78574 2.10532
2.78727 2.10875
2.79533 2.12888
2.78582 2.10549
2.79482 2.12787
2.79534 2.12891
2.78775 2.10593
2.79538 2.12898
2.79547 2.12915
2.79695 2.12632
2.7954 2.12902
2.78654 2.10751
2.79506 2.12831
2.78603 2.10303
2.79502 2.12824
2.78677 2.10748
2.79547 2.12914
2.78574 2.10533
2.78592 2.10566
2.79644 2.13091
2.79528 2.12873
2.79486 2.12795
2.79694 2.13184
2.79588 2.12986
2.79505 2.12829
2.79517 2.12857
2.79113 2.11161
2.79687 2.12619
2.79407 2.12646
2.7853 2.10171
2.79646 2.13094
2.79692 2.13181
2.79541 2.12898
2.78631 2.10706
2.79504 2.12829
2.79128 2.11613
2.797 2.13196
2.79515 2.12854
2.805 2.14075
2.79502 2.12825
2.79686 2.1317
2.79516 2.12855
2.79198 2.11303
2.7865 2.10743
2.79497 2.12815
2.7862 2.10627
2.79502 2.12825
2.78574 2.10532
2.79775 2.12261
2.79503 2.12827
2.79672 2.13142
2.7866 2.10763
2.79515 2.12849
2.79491 2.12804
2.79508 2.1284
2.79572 2.12955
2.78654 2.10746
2.7958 2.12971
2.79612 2.1303
2.79169 2.11255
2.78623 2.10695
2.79329 2.11976
2.79503 2.12827
2.78518 2.10146
2.79432 2.12693
2.78506 2.10132
2.79459 2.12744
2.79503 2.12827
2.78526 2.10164
2.78642 2.10724
2.79437 2.12702
2.78658 2.1076
2.79642 2.13087
2.78973 2.11351
2.79662 2.13125
2.79638 2.13079
2.79493 2.12807
2.78587 2.10559
2.79658 2.13116
2.79521 2.12864
2.79526 2.12869
2.7943 2.1169
2.79676 2.1315
2.78843 2.111
2.79688 2.13172
2.79676 2.13152
2.79606 2.12474
2.79499 2.12819
2.79492 2.12805
2.78608 2.10311
2.79527 2.12872
2.79506 2.12293
2.79477 2.12777
2.7953 2.12878
2.78579 2.10547
2.78587 2.10558
2.79531 2.12878
2.7857 2.10524
2.7952 2.12863
2.7864 2.10726
2.79463 2.12752
2.78639 2.10718
2.79583 2.12432
2.79499 2.12819
2.7862 2.10322
2.78542 2.10191
2.79503 2.12827
2.78986 2.10948
2.79499 2.12818
2.78781 2.10989
2.79518 2.12858
2.78661 2.10765
2.79516 2.1285
2.795 2.12821
2.79487 2.12797
2.79491 2.12805
2.7854 2.10189
2.7857 2.10522
2.78521 2.10155
2.79505 2.1283
2.79749 2.1273
2.795 2.1282
2.78659 2.10762
2.7951 2.1284
2.79517 2.12853
2.7952 2.12859
2.79516 2.1285
2.79522 2.12861
2.78545 2.10196
2.79539 2.12899
2.78635 2.10713
2.79524 2.12866
2.79502 2.12829
2.79502 2.12825
2.79012 2.11431
2.79497 2.12816
2.79083 2.11112
2.79477 2.12777
2.79503 2.1283
2.79648 2.13104
2.79501 2.12822
2.78749 2.10931
2.79506 2.12831
2.79473 2.12769
2.7857 2.10239
2.79491 2.12804
2.78644 2.10733
2.79484 2.12791
2.79503 2.12831
2.7866 2.10763
2.79486 2.12795
2.78521 2.10156
2.79496 2.12813
2.79499 2.12818
2.79503 2.12826
2.79504 2.12827
2.79504 2.12829
2.79498 2.12817
2.79502 2.12824
2.79491 2.12805
2.79177 2.11269
2.78658 2.10759
2.78568 2.10517
2.79519 2.1286
2.78504 2.10124
2.79503 2.12826
2.79491 2.12803
2.78683 2.10797
2.79503 2.12826
2.79499 2.12819
2.79498 2.12816
2.78599 2.10654
2.79517 2.12858
2.79502 2.12824
2.7901 2.11427
2.78645 2.10737
2.795 2.1282
2.79518 2.12858
2.79503 2.12826
2.79492 2.12805
2.79485 2.12792
2.795 2.1282
2.78564 2.1051
2.79535 2.12892
2.795 2.12821
2.78642 2.10724
2.79503 2.12827
2.79505 2.1283
2.78672 2.10784
2.78642 2.10725
2.78984 2.11373
2.79538 2.12897
2.79649 2.13106
2.79022 2.11451
2.79721 2.12679
2.79456 2.12742
2.78567 2.10516
2.79492 2.1281
2.78769 2.10582
2.78633 2.10657
2.78589 2.1056
2.7882 2.11049
2.79647 2.13102
2.79743 2.12209
2.7952 2.12863
2.79109 2.11578
2.79516 2.12854
2.79472 2.12772
2.79526 2.12875
2.78813 2.11047
2.79517 2.12856
2.7952 2.12862
2.79523 2.12867
2.79731 2.12696
2.78628 2.10648
2.79653 2.13115
2.78521 2.10155
2.78715 2.10862
2.78639 2.10719
2.79572 2.12961
2.79567 2.12951
2.79575 2.12967
2.78783 2.10993
2.79611 2.13034
2.78596 2.10579
2.78713 2.10859
2.79508 2.12839
2.79473 2.12774
2.79491 2.12808
2.79476 2.1278
2.7961 2.13034
2.78576 2.10536
2.79624 2.13059
2.7964 2.1309
2.79635 2.13079
2.7916 2.1124
2.79636 2.13082
2.78567 2.10517
2.79702 2.12644
2.78799 2.11021
2.79513 2.1285
2.7864 2.10722
2.79641 2.13091
2.78701 2.1083
2.79127 2.11185
2.7952 2.12863
2.79512 2.12848
2.79526 2.12874
2.78514 2.10145
2.79519 2.12862
2.78609 2.10304
2.78573 2.10531
2.78522 2.10156
2.79519 2.1286
2.79537 2.12894
2.79407 2.11651
2.79537 2.12895
2.79478 2.12784
2.7952 2.12863
2.788 2.11023
2.79532 2.12885
2.78528 2.10168
2.79529 2.1288
2.792 2.11307
2.78805 2.11032
2.79513 2.12849
2.78683 2.10438
2.79176 2.11266
2.7864 2.10721
2.79522 2.12866
2.78566 2.10514
2.79521 2.12864
2.79525 2.12873
2.79529 2.1288
2.79534 2.1289
2.79213 2.11329
2.79726 2.12689
2.79535 2.1289
2.79514 2.12851
2.79535 2.1289
2.79811 2.12841
2.79487 2.128
2.79138 2.11203
2.78648 2.10741
2.79522 2.12867
2.79518 2.12859
2.79248 2.11386
2.79089 2.11542
2.7949 2.12805
2.79509 2.12842
2.78569 2.10231
2.78609 2.1067
2.79515 2.12854
2.79725 2.12687
2.79521 2.12864
2.7952 2.12863
2.79521 2.12864
2.78617 2.10326
2.79515 2.12852
2.79086 2.11538
2.79522 2.12867
2.78797 2.11018
2.79521 2.12865
2.79517 2.12857
2.79513 2.1285
2.7951 2.12844
2.795 2.12824
2.78538 2.10185
2.78648 2.1074
2.79519 2.12861
2.79521 2.12864
2.78795 2.11014
2.79515 2.12853
2.78573 2.10528
2.79512 2.12848
2.79513 2.1285
2.78571 2.10527
2.7952 2.12863
2.79173 2.11261
2.79518 2.1286
2.78648 2.10741
2.787 2.10835
2.79519 2.12861
2.7952 2.12862
2.79521 2.12864
2.78611 2.10315
2.7867 2.10782
2.78785 2.10996
2.79521 2.12864
2.78632 2.10708
2.7952 2.12863
2.79522 2.12867
2.78756 2.10943
2.78643 2.10678
2.79508 2.12841
2.79011 2.11428
2.79657 2.12564
2.79521 2.12865
2.78607 2.10308
2.79523 2.12868
2.79519 2.1286
2.78804 2.11021
2.79517 2.12857
2.79517 2.12858
2.79522 2.12867
2.79519 2.1286
2.78649 2.10742
2.7952 2.12862
2.78643 2.10732
2.79521 2.12864
2.78632 2.10707
2.78795 2.11014
2.79522 2.12866
2.79523 2.12867
2.78522 2.10157
2.79523 2.12867
2.7865 2.10743
2.7978 2.12785
2.79831 2.12877
2.79739 2.1271
2.78653 2.10744
2.79869 2.12945
2.78843 2.11087
2.7861 2.10313
2.78675 2.10791
2.80444 2.13975
2.78649 2.10743
2.80699 2.14431
2.80412 2.13917
2.79694 2.12631
2.78643 2.10727
2.7986 2.12929
2.78528 2.10168
2.8058 2.14219
2.78638 2.10717
2.7965 2.12552
2.7858 2.10614
2.78543 2.10193
2.78609 2.10666
2.80723 2.14474
2.79742 2.12717
2.78639 2.1072
2.80732 2.1449
2.78633 2.10708
2.78636 2.10714
2.79744 2.1272
2.78519 2.10147
2.79728 2.12692
2.78647 2.10738
2.78636 2.10663
2.78811 2.11043
2.79082 2.11531
2.79875 2.12955
2.78523 2.10154
2.78649 2.10742
2.78805 2.11031
2.78559 2.1022
2.78524 2.10161
2.78662 2.10767
2.80324 2.1376
2.78576 2.10537
2.78793 2.11011
2.78989 2.11384
2.78702 2.10839
2.79256 2.11846
2.79525 2.12328
2.79752 2.12735
2.78566 2.10515
2.78665 2.10781
2.78628 2.10647
2.7863 2.10651
2.79709 2.12658
2.78621 2.10694
2.79753 2.12736
2.78642 2.10725
2.79847 2.12906
2.79662 2.12573
2.78779 2.10976
2.79654 2.12559
2.79699 2.1264
2.78997 2.11377
2.80451 2.13988
2.78612 2.10317
2.78648 2.10741
2.78644 2.10735
2.80683 2.14403
2.78792 2.11008
2.7958 2.1194
2.78573 2.10531
2.78801 2.11025
2.78794 2.11012
2.78627 2.10704
2.79727 2.1269
2.78517 2.10149
2.78649 2.10741
2.79736 2.12706
2.79928 2.13051
2.80723 2.14474
2.78516 2.10142
2.78632 2.10712
2.7874 2.10899
2.78837 2.11089
2.78528 2.10168
2.78555 2.10493
2.78646 2.10737
2.78626 2.10643
2.79342 2.12
2.79676 2.12599
2.78658 2.10759
2.78784 2.10994
2.79373 2.12054
2.80653 2.14349
2.7866 2.10762
2.788 2.11023
2.79704 2.12648
2.78783 2.10605
2.78788 2.11002
2.78521 2.10155
2.78658 2.1076
2.79382 2.11609
2.78803 2.11029
2.78641 2.10366
2.8028 2.13682
2.78575 2.10535
2.78825 2.11067
2.78654 2.10746
2.78639 2.10723
2.78599 2.10295
2.78523 2.10159
2.7866 2.10763
2.78804 2.11031
2.78641 2.10724
2.78567 2.10516
2.78631 2.10704
2.78521 2.10156
2.78769 2.10967
2.78983 2.11371
2.80736 2.14498
2.78747 2.10927
2.78801 2.11024
2.78801 2.11025
2.78571 2.10525
2.80683 2.14403
2.79518 2.12315
2.78605 2.106
2.79717 2.12671
2.8008 2.13323
2.78601 2.1029
2.7867 2.10789
2.78601 2.10652
2.78647 2.1074
2.80346 2.138
2.78642 2.10724
2.78662 2.10767
2.80279 2.13679
2.80432 2.13953
2.79618 2.12494
2.78627 2.10698
2.78656 2.10756
2.78574 2.10533
2.78843 2.11101
2.80532 2.14133
2.7854 2.10188
2.79712 2.12663
2.79011 2.11428
2.79746 2.12723
2.79002 2.1141
2.80411 2.13915
2.7975 2.12731
2.7853 2.10172
2.79686 2.12616
2.79123 2.11179
2.7865 2.10744
2.78641 2.10723
2.78804 2.11031
2.78579 2.10544
2.8051 2.14093
2.78522 2.10157
2.78518 2.10149
2.78635 2.10712
2.8066 2.14361
2.79733 2.127
2.79723 2.12683
2.7863 2.1065
2.78788 2.11002
2.80639 2.14325
2.7866 2.10763
2.80633 2.14314
2.78796 2.11016
2.7864 2.10722
2.80592 2.14241
2.78569 2.10522
2.80604 2.14261
2.79743 2.12719
2.79122 2.11602
2.78654 2.10751
2.8064 2.14325
2.7864 2.10721
2.80718 2.14466
2.78662 2.10767
2.78634 2.10717
2.78522 2.10158
2.78762 2.10954
2.78691 2.10827
2.78615 2.10677
2.79778 2.12781
2.7934 2.11995
2.78637 2.10715
2.78646 2.10736
2.78628 2.10648
2.79735 2.12704
2.79683 2.12612
2.78638 2.10717
2.79723 2.12682
2.7986 2.12929
2.79843 2.12898
2.78781 2.10989
2.79606 2.12473
2.78564 2.10222
2.7865 2.10743
2.79733 2.12701
2.78522 2.10156
2.79039 2.11453
2.79823 2.12862
2.79725 2.12686
2.79059 2.11488
2.78559 2.1022
2.78799 2.11021
2.798 2.12821
2.78813 2.11036
2.79767 2.12761
2.78967 2.11339
2.78617 2.10681
2.79656 2.12564
2.78579 2.10546
2.78709 2.10851
2.79726 2.12689
2.78662 2.10767
2.79862 2.12932
2.79738 2.12709
2.78642 2.10724
2.79767 2.12762
2.79351 2.12115
2.78567 2.10518
2.79874 2.12953
2.79239 2.11372
2.78641 2.10722
2.7923 2.11356
2.7972 2.12678
2.78513 2.10138
2.7857 2.10523
2.79033 2.11441
2.78529 2.1017
2.78793 2.11
2.79681 2.12106
2.79774 2.12774
2.78574 2.10532
2.78695 2.10818
2.79133 2.11621
2.79718 2.12674
2.78639 2.1072
2.78845 2.11105
2.7877 2.10969
2.79863 2.12933
2.78847 2.11108
2.79744 2.12719
2.7983 2.12874
2.7879 2.11005
2.7857 2.10524
2.7973 2.12695
2.78804 2.11029
2.78643 2.10731
2.78659 2.10761
2.78528 2.10168
2.78798 2.11019
2.78523 2.10155
2.78658 2.10759
2.79736 2.12707
2.79227 2.11352
2.78641 2.10723
2.78652 2.10743
2.79871 2.12948
2.78646 2.10736
2.79871 2.12947
2.78653 2.1075
2.79574 2.12415
2.79056 2.11066
2.78654 2.10746
2.78917 2.11233
2.79752 2.12734
2.79175 2.11264
2.78749 2.10931
2.78635 2.10712
2.78637 2.10716
2.78846 2.11105
2.78613 2.10319
2.7874 2.10899
2.79739 2.1271
2.79585 2.12434
2.79643 2.12539
2.78562 2.10226
2.79653 2.12557
2.79518 2.12315
2.7864 2.1072
2.79673 2.12593
2.79715 2.12668
2.79684 2.12612
2.79026 2.11429
2.78631 2.10652
2.79712 2.12663
2.78592 2.10637
2.79698 2.12638
2.78659 2.10761
2.7851 2.10137
2.79752 2.12734
2.78525 2.10158
2.78657 2.10757
2.78638 2.10718
2.78516 2.10143
2.78842 2.11099
2.78633 2.10657
2.78794 2.11012
2.78631 2.10652
2.78642 2.10724
2.79698 2.12638
2.79715 2.12668
2.78644 2.10734
2.78625 2.107
2.78652 2.10743
2.78692 2.1082
2.78674 2.10789
2.7974 2.12712
2.7851 2.10132
2.7972 2.12677
2.79004 2.1139
2.78645 2.10735
2.79749 2.1273
2.7865 2.10745
2.78574 2.10533
2.79693 2.12628
2.78655 2.10754
2.78562 2.10508
2.7958 2.12427
2.79711 2.12661
2.79746 2.12725
2.78801 2.11025
2.78658 2.10759
2.78639 2.1072
2.78527 2.10166
2.78568 2.10229
2.79736 2.12706
2.7966 2.12569
2.78644 2.10679
2.79718 2.12673
2.78776 2.1097
2.78709 2.10851
2.78762 2.10945
2.78634 2.10711
2.79679 2.12604
2.78758 2.10938
2.7865 2.10743
2.78644 2.10733
2.79695 2.12632
2.78654 2.10751
2.79736 2.12706
2.79701 2.12644
2.78804 2.1103
2.78795 2.11013
2.7864 2.10721
2.79117 2.11592
2.79708 2.12656
2.78792 2.11009
2.7856 2.10216
2.7971 2.12659
2.79721 2.12679
2.78633 2.10714
2.791 2.11562
2.78634 2.10716
2.79725 2.12686
2.78804 2.11029
2.78627 2.10702
2.79681 2.12608
2.7866 2.10763
2.79646 2.12544
2.78518 2.10146
2.78648 2.1074
2.78772 2.10964
2.79715 2.12667
2.78635 2.10713
2.79734 2.12702
2.79646 2.12545
2.78783 2.10992
2.79659 2.12568
2.78601 2.10299
2.78728 2.10885
2.78789 2.11004
2.78641 2.10724
2.78647 2.10738
2.7865 2.10739
2.78841 2.11097
2.78568 2.1052
2.78622 2.10693
2.78566 2.10515
2.78658 2.10757
2.79722 2.12682
2.78662 2.10766
2.79731 2.12697
2.79738 2.12709
2.78611 2.10316
2.79746 2.12724
2.78939 2.10869
2.78647 2.10738
2.79746 2.12725
2.78757 2.10945
2.7866 2.10756
2.7882 2.1105
2.79081 2.11108
2.7861 2.10315
2.79752 2.12735
2.78782 2.1099
2.78659 2.10761
2.78804 2.11031
2.79082 2.1153
2.78634 2.10711
2.78793 2.1101
2.78599 2.10661
2.78803 2.11028
2.78772 2.10964
2.78805 2.11033
2.79183 2.11279
2.78516 2.10143
2.78943 2.1128
2.78612 2.10317
2.78975 2.11338
2.78641 2.10737
2.78523 2.1016
2.78982 2.11351
2.78806 2.11034
2.78865 2.1114
2.79152 2.11227
2.78798 2.11019
2.78601 2.10666
2.78581 2.10545
2.7879 2.11004
2.78816 2.11051
2.79107 2.11574
2.78735 2.10907
2.78636 2.10714
2.79059 2.11489
2.7893 2.11256
2.78807 2.11035
2.78938 2.11271
2.78696 2.10826
2.79343 2.12099
2.78661 2.10764
2.78799 2.11021
2.78523 2.10159
2.78683 2.10812
2.78628 2.10648
2.78767 2.10963
2.78526 2.10159
2.78874 2.11149
2.78728 2.10894
2.78802 2.11026
2.78794 2.11013
2.79743 2.12209
2.78516 2.10142
2.78982 2.1135
2.78641 2.10723
2.78614 2.10321
2.78567 2.10515
2.78775 2.10979
2.79066 2.11502
2.78535 2.10452
2.78574 2.10532
2.78806 2.11033
2.78784 2.10994
2.78643 2.10727
2.78569 2.10522
2.788 2.11023
2.78797 2.11018
2.78517 2.10144
2.78561 2.10506
2.78718 2.10875
2.79102 2.11566
2.78731 2.10882
2.78659 2.10762
2.78653 2.1075
2.78753 2.10939
2.78801 2.11025
2.78518 2.10145
2.7929 2.11457
2.78651 2.10746
2.78633 2.10709
2.78517 2.10148
2.78568 2.10518
2.78592 2.10641
2.78661 2.10765
2.78648 2.1074
2.78842 2.11099
2.78585 2.10556
2.78758 2.10947
2.78696 2.10836
2.78571 2.10525
2.7852 2.10154
2.78533 2.10177
2.7864 2.10725
2.79007 2.1142
2.78658 2.10758
2.78799 2.11022
2.78639 2.1072
2.78735 2.10906
2.78615 2.10323
2.7883 2.11077
2.79289 2.1199
2.78636 2.10718
2.78627 2.10644
2.78651 2.10746
2.78632 2.10656
2.78631 2.10654
2.78802 2.11026
2.78822 2.11063
2.78749 2.10548
2.78792 2.11008
2.78797 2.11017
2.78774 2.10977
2.78527 2.10166
2.79421 2.11676
2.78646 2.10738
2.78665 2.10772
2.78566 2.10513
2.78647 2.10739
2.78649 2.10742
2.78611 2.10315
2.78662 2.10767
2.78642 2.10724
2.78826 2.1107
2.78658 2.1076
2.78573 2.1053
2.78747 2.10918
2.7863 2.10703
2.78621 2.10633
2.78661 2.10766
2.7883 2.11077
2.78638 2.10718
2.78651 2.1074
2.78655 2.10755
2.78519 2.10148
2.78822 2.11063
2.78733 2.10886
2.78836 2.11087
2.78736 2.10892
2.78518 2.10146
2.78832 2.11081
2.78756 2.10559
2.78656 2.10757
2.78717 2.10874
2.78802 2.11026
2.7866 2.10762
2.78653 2.1075
2.78791 2.11006
2.79367 2.12147
2.78758 2.10947
2.78638 2.10718
2.78567 2.10516
2.78724 2.10887
2.78648 2.1074
2.7875 2.10934
2.78627 2.10699
2.78602 2.103
2.78773 2.10975
2.78657 2.10758
2.7875 2.10934
2.79142 2.1121
2.78639 2.10724
2.78629 2.10701
2.78776 2.1098
2.78784 2.10993
2.78803 2.11029
2.78957 2.109
2.78792 2.11009
2.78658 2.10758
2.78632 2.10654
2.78787 2.11
2.78793 2.1101
2.788 2.11022
2.78576 2.10536
2.78769 2.10967
2.78565 2.10511
2.78824 2.11057
2.78802 2.11027
2.78783 2.10992
2.78796 2.11016
2.78802 2.11026
2.78609 2.10669
2.78723 2.10504
2.78636 2.10714
2.78645 2.10729
2.7862 2.10627
2.78801 2.11024
2.78654 2.10751
2.78616 2.10324
2.7858 2.1062
2.79183 2.11279
2.78672 2.10784
2.7915 2.11223
2.78639 2.1072
2.78647 2.10739
2.78796 2.11016
2.7864 2.10722
2.78645 2.10736
2.78708 2.10842
2.78521 2.10155
2.78796 2.11016
2.78802 2.11026
2.78566 2.10513
2.78726 2.10874
2.78638 2.10718
2.78778 2.10974
2.79 2.11407
2.79717 2.12166
2.7868 2.108
2.78731 2.10889
2.78678 2.10796
2.78515 2.10145
2.78644 2.10734
2.78644 2.10733
2.78637 2.10715
2.78632 2.10707
2.78736 2.10892
2.78607 2.10663
2.78662 2.10766
2.79173 2.11262
2.7875 2.10925
2.78655 2.10754
2.78651 2.10746
2.78826 2.11061
2.788 2.11014
2.78818 2.11045
2.7865 2.10745
2.78658 2.10759
2.78826 2.11059
2.78724 2.10878
2.78705 2.10844
2.78662 2.10767
2.78623 2.10698
2.78801 2.11014
2.78535 2.1018
2.78649 2.10738
2.78626 2.10341
2.78787 2.1099
2.78651 2.10748
2.78521 2.10155
2.7864 2.10726
2.78707 2.10847
2.78679 2.10797
2.7881 2.11032
2.78642 2.10725
2.79158 2.11236
2.78809 2.1103
2.7866 2.10764
2.78803 2.11018
2.78814 2.11038
2.78618 2.10688
2.78953 2.11312
2.78548 2.1048
2.7881 2.11032
2.7865 2.10746
2.78659 2.1076
2.78636 2.1072
2.78638 2.10724
2.78683 2.10804
2.78525 2.10163
2.78522 2.10158
2.78627 2.10704
2.78566 2.10515
2.7865 2.10744
2.7866 2.10763
2.78661 2.10765
2.78683 2.10804
2.78642 2.10724
2.78599 2.10294
2.78643 2.10732
2.78568 2.10521
2.78666 2.10774
2.78674 2.10789
2.78659 2.10761
2.7867 2.10782
2.78678 2.10794
2.78656 2.10755
2.78676 2.10791
2.7863 2.10652
2.78678 2.10795
2.78642 2.10725
2.78517 2.10144
2.78646 2.10736
2.78635 2.10357
2.7868 2.10799
2.78682 2.10803
2.78575 2.10534
2.78653 2.10744
2.7864 2.10727
2.78652 2.10747
2.78515 2.10145
2.7866 2.10763
2.78635 2.10717
2.79764 2.12244
2.78623 2.10698
2.78663 2.10767
2.78649 2.10741
2.78661 2.10765
2.78651 2.10747
2.78654 2.10752
2.78653 2.10751
2.78561 2.10224
2.7862 2.10331
2.78656 2.10756
2.78662 2.10767
2.78681 2.10795
2.78572 2.10525
2.78651 2.10747
2.78645 2.10734
2.78684 2.10805
2.78621 2.10687
2.78634 2.10716
2.78746 2.10888
2.78634 2.10659
2.78523 2.10159
2.78659 2.10761
2.78724 2.10844
2.78572 2.10529
2.79693 2.12126
2.78657 2.10757
2.7865 2.10745
2.78654 2.10752
2.78659 2.10761
2.78574 2.10533
2.78656 2.10755
2.78636 2.10718
2.78659 2.10761
2.7866 2.10763
2.7851 2.10132
2.7866 2.10762
2.78653 2.1075
2.78641 2.10722
2.78654 2.10751
2.7869 2.10816
2.78662 2.10766
2.78649 2.10742
2.78739 2.10897
2.78655 2.10755
2.78517 2.10144
2.78655 2.10755
2.78656 2.10756
2.78663 2.10767
2.78659 2.10761
2.78631 2.10706
2.7864 2.10721
2.78561 2.10224
2.7857 2.10525
2.78631 2.10705
2.78662 2.10767
2.7865 2.10743
2.78662 2.10767
2.78625 2.10694
2.78632 2.10707
2.78646 2.10733
2.78641 2.10723
2.78693 2.10815
2.78712 2.10849
2.79172 2.11259
2.78735 2.1089
2.786 2.10296
2.7856 2.10222
2.78637 2.10715
2.7901 2.11426
2.78638 2.10717
2.78732 2.10885
2.78647 2.10738
2.78638 2.10717
2.79223 2.11858
2.7864 2.10721
2.78568 2.10517
2.78639 2.10719
2.786 2.1065
2.78528 2.10167
2.78629 2.10648
2.78643 2.10731
2.78679 2.10791
2.78695 2.10819
2.78715 2.10862
2.78641 2.10722
2.78605 2.10659
2.7872 2.10863
2.78708 2.10842
2.78635 2.10713
2.78652 2.10742
2.78739 2.10896
2.78639 2.10718
2.78641 2.10722
2.78654 2.10747
2.78621 2.10687
2.78641 2.10722
2.78638 2.10718
2.78639 2.1072
2.78652 2.10747
2.78644 2.10729
2.78648 2.10735
2.78647 2.10734
2.78647 2.10733
2.78937 2.10867
2.7864 2.10721
2.78705 2.10844
2.78521 2.10156
2.7864 2.10721
2.7915 2.11223
2.78624 2.10693
2.78616 2.10324
2.78638 2.10717
2.78637 2.10716
2.78631 2.10705
2.78568 2.10517
2.78639 2.1072
2.78529 2.1017
2.78634 2.10711
2.78638 2.10718
2.78641 2.10727
2.78637 2.10716
2.78573 2.10529
2.78641 2.10722
2.78614 2.10618
2.78641 2.10723
2.78635 2.10712
2.78648 2.10741
2.78648 2.1074
2.78639 2.10719
2.7865 2.10743
2.78639 2.10719
2.78657 2.10756
2.78516 2.10143
2.78642 2.10725
2.78645 2.10735
2.78617 2.10684
2.78635 2.10717
2.78649 2.10741
2.78647 2.10738
2.79002 2.11409
2.78625 2.10698
2.78571 2.10524
2.79725 2.12179
2.78652 2.10748
2.7865 2.10744
2.7863 2.10652
2.78688 2.10813
2.78646 2.10737
2.78701 2.10836
2.78649 2.10741
2.78716 2.10863
2.79173 2.11261
2.78716 2.10863
2.78675 2.10789
2.78694 2.10824
2.7857 2.10522
2.78635 2.10716
2.78657 2.10756
2.78707 2.10847
2.78561 2.10504
2.78648 2.10739
2.78706 2.10846
2.78562 2.10508
2.78711 2.10854
2.78709 2.10852
2.78649 2.10742
2.78521 2.10157
2.78649 2.10741
2.78648 2.10741
2.78572 2.10526
2.78628 2.10704
2.78649 2.10742
2.78649 2.10743
2.7865 2.10743
2.78646 2.10736
2.78656 2.10755
2.78644 2.10733
2.78634 2.10714
2.78639 2.10724
2.78643 2.10731
2.78644 2.10732
2.7865 2.10744
2.7865 2.10743
2.78646 2.10736
2.79097 2.11135
2.78649 2.10742
2.78649 2.10742
2.7901 2.11426
2.78649 2.10742
2.78514 2.10139
2.78646 2.10737
2.7865 2.10743
2.78573 2.1053
2.78573 2.10531
2.78642 2.1073
2.7861 2.10606
2.78646 2.10736
2.78649 2.10742
2.78644 2.10733
2.78573 2.10531
2.78639 2.10723
2.78616 2.10618
2.78649 2.10742
2.78649 2.10741
2.78649 2.10743
2.78645 2.10735
2.78646 2.10736
2.78649 2.10742
2.78648 2.10741
2.7865 2.10743
2.7865 2.10744
2.78649 2.10743
2.7865 2.10744
2.78648 2.10741
2.7865 2.10744
2.7865 2.10744
2.78523 2.10159
2.78811 2.10653
2.78633 2.10653
2.78624 2.10639
2.79177 2.11267
2.78525 2.10158
2.79255 2.11398
2.796 2.11971
2.79753 2.12225
2.7966 2.12071
2.7925 2.11389
2.78613 2.10318
2.78652 2.10385
2.79633 2.12027
2.78574 2.1024
2.79152 2.11227
2.79748 2.12217
2.79179 2.11271
2.79772 2.12257
2.78557 2.10216
2.78633 2.10658
2.7917 2.11257
2.78498 2.10118
2.7918 2.11274
2.79258 2.11404
2.78521 2.10156
2.7857 2.10524
2.79177 2.11268
2.79488 2.11787
2.78632 2.10655
2.78531 2.10173
2.78555 2.10213
2.78998 2.11401
2.7861 2.10314
2.79185 2.11281
2.78816 2.10663
2.78593 2.10286
2.79185 2.11282
2.78598 2.10294
2.78519 2.10147
2.78629 2.10346
2.78626 2.10643
2.79242 2.11376
2.79604 2.11979
2.79119 2.11172
2.78962 2.10909
2.79171 2.11258
2.78523 2.10158
2.7852 2.10153
2.78611 2.10316
2.78571 2.10526
2.79183 2.11278
2.79767 2.12248
2.79182 2.11276
2.78551 2.10207
2.78617 2.10326
2.79177 2.11268
2.78931 2.10856
2.78615 2.10323
2.79502 2.11809
2.79159 2.11238
2.79012 2.11431
2.78628 2.10345
2.7852 2.10155
2.79057 2.11068
2.78633 2.10657
2.7853 2.10171
2.78616 2.10324
2.78564 2.10228
2.78512 2.10136
2.78595 2.10288
2.79174 2.11264
2.79126 2.11183
2.78527 2.10165
2.78638 2.10362
2.78977 2.10934
2.78524 2.10161
2.79031 2.11469
2.78581 2.10266
2.78614 2.10321
2.78614 2.1032
2.78567 2.10515
2.78614 2.10321
2.79176 2.11266
2.79248 2.11386
2.78535 2.10188
2.78515 2.10141
2.79154 2.1123
2.78598 2.10293
2.79501 2.11807
2.78527 2.10166
2.78519 2.10147
2.78527 2.10167
2.79653 2.12059
2.78509 2.10134
2.7916 2.1124
2.79167 2.11252
2.78611 2.10316
2.79025 2.11014
2.78567 2.10516
2.79696 2.12131
2.78615 2.10322
2.78807 2.10645
2.78612 2.10318
2.79717 2.12166
2.7859 2.10281
2.78502 2.1012
2.78522 2.10157
2.79089 2.11121
2.79164 2.11246
2.7856 2.10217
2.79143 2.11212
2.79249 2.11389
2.78574 2.10532
2.78602 2.103
2.79097 2.11134
2.78615 2.10323
2.79093 2.11128
2.78757 2.10562
2.78496 2.10109
2.78613 2.10318
2.79136 2.11199
2.79193 2.11295
2.78522 2.10156
2.79127 2.11185
2.78517 2.10144
2.7925 2.11391
2.7918 2.11274
2.78518 2.10145
2.78515 2.10142
2.79211 2.11325
2.78517 2.10145
2.78522 2.10157
2.78605 2.10593
2.7853 2.10172
2.79238 2.1137
2.7922 2.1134
2.78515 2.10141
2.78595 2.10289
2.79231 2.11359
2.78607 2.1031
2.78577 2.10539
2.78567 2.10518
2.78615 2.10323
2.78595 2.10289
2.78528 2.10168
2.78515 2.10146
2.78508 2.1013
2.78555 2.10492
2.79175 2.11265
2.79009 2.11425
2.78576 2.10537
2.78525 2.10158
2.78617 2.10325
2.79256 2.114
2.79184 2.1128
2.78997 2.114
2.78528 2.10168
2.79084 2.11112
2.78519 2.10152
2.7857 2.10524
2.7918 2.11272
2.78523 2.10159
2.79179 2.11271
2.78641 2.10366
2.79084 2.11113
2.78523 2.10158
2.79184 2.11279
2.78612 2.10317
2.79044 2.11046
2.78516 2.10147
2.79185 2.11281
2.78767 2.10578
2.79137 2.11201
2.79131 2.1119
2.79161 2.11241
2.78528 2.10167
2.7861 2.10313
2.79161 2.11242
2.79169 2.11255
2.79162 2.11243
2.7852 2.10154
2.78508 2.10135
2.79175 2.11264
2.78538 2.10185
2.79177 2.11268
2.78614 2.1032
2.78567 2.10516
2.78521 2.10154
2.78568 2.10517
2.79183 2.11278
2.78523 2.1016
2.79142 2.1121
2.79149 2.11221
2.79183 2.11279
2.78527 2.10165
2.78614 2.10321
2.78519 2.10152
2.78528 2.10168
2.79143 2.11211
2.79129 2.11188
2.78523 2.1016
2.79082 2.11109
2.78518 2.10147
2.78516 2.10149
2.79117 2.11168
2.79164 2.11246
2.78617 2.10325
2.78599 2.10287
2.79169 2.11255
2.79178 2.11269
2.7859 2.10273
2.79141 2.11207
2.78569 2.10519
2.78588 2.10269
2.78523 2.10159
2.7852 2.10153
2.78584 2.10553
2.78625 2.10331
2.78518 2.10145
2.79138 2.11203
2.78529 2.1017
2.78514 2.10143
2.78527 2.10167
2.79175 2.11265
2.78616 2.10324
2.7861 2.10314
2.78803 2.1064
2.78565 2.10511
2.78598 2.10293
2.78609 2.10312
2.78605 2.10306
2.79168 2.11253
2.78763 2.10923
2.79171 2.11259
2.78523 2.10159
2.78513 2.10138
2.78522 2.10158
2.7917 2.11256
2.79175 2.11265
2.7853 2.10171
2.78518 2.10147
2.78633 2.10658
2.78522 2.10157
2.78597 2.10284
2.78523 2.10158
2.79162 2.11243
2.78514 2.1014
2.78553 2.10204
2.78602 2.103
2.79182 2.11276
2.78603 2.10302
2.79179 2.11272
2.78622 2.10335
2.78575 2.10535
2.78607 2.10309
2.78522 2.10158
2.7853 2.10171
2.79167 2.11251
2.79162 2.11242
2.78638 2.10362
2.78528 2.10167
2.79169 2.11254
2.78598 2.10582
2.78577 2.10244
2.79167 2.11251
2.79185 2.11281
2.7853 2.10172
2.78613 2.10319
2.79181 2.11275
2.78588 2.10276
2.79185 2.11281
2.78603 2.10301
2.78529 2.1017
2.78806 2.10644
2.78641 2.10367
2.78783 2.10605
2.78594 2.10574
2.78514 2.10139
2.78523 2.10159
2.78615 2.10323
2.78597 2.10283
2.78617 2.10325
2.78699 2.10464
2.78616 2.10324
2.78519 2.10147
2.78718 2.10497
2.78518 2.10159
2.78723 2.10504
2.78617 2.10326
2.78572 2.10249
2.78636 2.10358
2.78803 2.1064
2.78612 2.10317
2.78528 2.10169
2.78811 2.10653
2.7852 2.1015
2.78494 2.10118
2.78522 2.10157
2.78607 2.10309
2.79012 2.11431
2.78518 2.10146
2.78623 2.10335
2.78616 2.10324
2.78797 2.10629
2.78575 2.10254
2.78691 2.10451
2.78696 2.10459
2.78927 2.11258
2.78736 2.10526
2.78551 2.10206
2.78613 2.10319
2.78517 2.1015
2.78543 2.10201
2.78529 2.1017
2.7857 2.10247
2.78534 2.10178
2.78615 2.10321
2.7861 2.10314
2.78518 2.10146
2.78773 2.10589
2.78604 2.10304
2.78594 2.10573
2.78519 2.10149
2.7862 2.1063
2.78637 2.10359
2.78518 2.10146
2.78523 2.10159
2.78576 2.10536
2.78795 2.10625
2.78787 2.10612
2.78522 2.10157
2.78799 2.10632
2.78551 2.10483
2.78518 2.10147
2.78788 2.10613
2.78513 2.10141
2.78795 2.10625
2.78572 2.10235
2.78585 2.10272
2.7852 2.10155
2.7861 2.10314
2.78611 2.10316
2.78504 2.10128
2.78575 2.10534
2.78518 2.10146
2.78551 2.10214
2.78613 2.1032
2.78517 2.10148
2.78574 2.10254
2.78631 2.1035
2.78612 2.10317
2.78948 2.11301
2.78608 2.10311
2.78469 2.10069
2.78598 2.10294
2.78523 2.10159
2.78602 2.10301
2.78517 2.10145
2.78532 2.10176
2.78639 2.10363
2.78523 2.10159
2.78573 2.10527
2.78531 2.10173
2.78621 2.10333
2.78528 2.10169
2.78581 2.10258
2.78523 2.10159
2.78633 2.10656
2.78631 2.1035
2.78639 2.10363
2.78614 2.10321
2.78527 2.10166
2.78627 2.10342
2.78494 2.10106
2.79011 2.11428
2.78564 2.10236
2.78614 2.10321
2.78633 2.10353
2.78641 2.10366
2.78617 2.10325
2.78597 2.10292
2.78512 2.10137
2.78617 2.10325
2.78568 2.10243
2.78522 2.10157
2.78584 2.10269
2.78597 2.10292
2.7858 2.10545
2.78528 2.10168
2.78584 2.10269
2.78513 2.10138
2.78521 2.10157
2.78517 2.10148
2.78564 2.10222
2.78603 2.10303
2.78615 2.10323
2.78609 2.10311
2.78604 2.10304
2.78518 2.10145
2.78612 2.10317
2.78528 2.10167
2.7861 2.10313
2.78606 2.10306
2.78615 2.10321
2.78546 2.10199
2.78614 2.1032
2.78615 2.10322
2.78524 2.10159
2.78609 2.10312
2.78613 2.10319
2.78627 2.1064
2.78613 2.10319
2.78595 2.10288
2.78628 2.10336
2.78587 2.10274
2.78617 2.10325
2.78517 2.10148
2.7852 2.10155
2.78609 2.10313
2.78611 2.10315
2.78568 2.10517
2.78567 2.10516
2.78563 2.10221
2.78614 2.10321
2.78515 2.10141
2.7852 2.1015
2.78614 2.1032
2.78526 2.10163
2.78571 2.10235
2.78481 2.1009
2.78517 2.10144
2.78606 2.10306
2.78607 2.10308
2.78615 2.10322
2.78509 2.10131
2.78518 2.10145
2.78558 2.10213
2.78609 2.10311
2.78518 2.10146
2.78499 2.10117
2.78614 2.10321
2.78569 2.10231
2.78561 2.10504
2.78617 2.10326
2.78522 2.10158
2.78543 2.10193
2.78516 2.10143
2.79276 2.11964
2.786 2.10289
2.78542 2.10191
2.78569 2.10521
2.78539 2.10186
2.78572 2.10242
2.78624 2.10329
2.7857 2.10525
2.7852 2.10154
2.78628 2.10335
2.7852 2.10153
2.78559 2.1022
2.78569 2.10523
2.78519 2.10152
2.78526 2.10164
2.78516 2.10142
2.78513 2.10137
2.78575 2.10241
2.78542 2.10192
2.78584 2.10261
2.78601 2.10585
2.78621 2.10324
2.78517 2.10144
2.78526 2.10165
2.78518 2.10147
2.78524 2.10161
2.7852 2.10153
2.78528 2.10169
2.78624 2.10329
2.78526 2.10165
2.78568 2.10235
2.78566 2.10226
2.78564 2.10228
2.78557 2.10216
2.78531 2.10173
2.78531 2.10173
2.78494 2.10111
2.78561 2.10506
2.78507 2.10134
2.7853 2.10171
2.78614 2.10312
2.7861 2.10306
2.78496 2.10115
2.7852 2.10153
2.79031 2.11469
2.78572 2.10235
2.78537 2.10183
2.78519 2.10147
2.78541 2.10189
2.7853 2.10171
2.78615 2.10314
2.78973 2.11351
2.78622 2.10325
2.78504 2.10128
2.78551 2.10489
2.7862 2.10322
2.78522 2.10157
2.78528 2.10169
2.7849 2.10104
2.79018 2.11442
2.78527 2.10167
2.78517 2.10145
2.78528 2.10169
2.78541 2.10191
2.78516 2.10149
2.78518 2.10145
2.78524 2.10157
2.78529 2.10169
2.78509 2.10137
2.78536 2.10181
2.78528 2.10168
2.78523 2.10159
2.78498 2.10113
2.78542 2.10191
2.78518 2.10147
2.78519 2.10153
2.78532 2.10175
2.78538 2.10185
2.78536 2.10181
2.7854 2.10188
2.78539 2.10186
2.7854 2.10188
2.78541 2.10191
2.78575 2.10534
2.78529 2.10171
2.78514 2.10145
2.78521 2.10156
2.78507 2.10134
2.78531 2.10173
2.78523 2.10158
2.78522 2.10158
2.7852 2.10155
2.78571 2.10527
2.7853 2.10172
2.78524 2.10161
2.79007 2.11421
2.78526 2.10164
2.78525 2.10164
2.78517 2.10144
2.78527 2.10167
2.78529 2.1017
2.78516 2.10143
2.78507 2.10131
2.78524 2.10161
2.78529 2.1017
2.78522 2.10157
2.7852 2.10154
2.78544 2.10194
2.78506 2.10126
2.78514 2.10144
2.78575 2.10535
2.78529 2.10169
2.78527 2.10167
2.78481 2.10085
2.78515 2.10142
2.78529 2.1017
2.7853 2.10172
2.78563 2.10227
2.78631 2.10653
2.78526 2.10165
2.78528 2.10167
2.78527 2.10166
2.78528 2.10168
2.7853 2.10171
2.78529 2.10169
2.78515 2.1014
2.78529 2.1017
2.78518 2.10146
2.78527 2.10167
2.78529 2.1017
2.78525 2.10163
2.78531 2.10173
2.78518 2.10146
2.78526 2.10164
2.7863 2.10651
2.78528 2.10168
2.78524 2.10159
2.78523 2.10158
2.78528 2.10168
2.78562 2.10505
2.78527 2.10166
2.78529 2.10169
2.7901 2.11426
2.78518 2.10147
2.78512 2.10136
2.78517 2.10145
2.78632 2.10655
2.78523 2.10159
2.78531 2.10173
2.78513 2.10137
2.78549 2.10197
2.78522 2.10157
2.78489 2.10098
2.78524 2.10156
2.78574 2.1024
2.78529 2.10165
2.78515 2.10142
2.78516 2.10143
2.78518 2.10146
2.78482 2.10086
2.78573 2.10237
2.78521 2.10156
2.78516 2.10142
2.78517 2.10145
2.78968 2.11342
2.78517 2.10144
2.78493 2.10105
2.78568 2.10229
2.78521 2.10151
2.78514 2.10139
2.78538 2.1018
2.78562 2.10226
2.78879 2.11161
2.79 2.11406
2.78538 2.1018
2.78554 2.10206
2.78496 2.1011
2.78518 2.10146
2.7855 2.10199
2.78559 2.10215
2.78565 2.10225
2.78558 2.10213
2.78503 2.1012
2.78509 2.10132
2.78516 2.10143
2.78514 2.1014
2.78525 2.10157
2.78525 2.10158
2.78591 2.10568
2.78526 2.10159
2.78649 2.10691
2.78506 2.10126
2.78569 2.1052
2.78516 2.10143
2.78518 2.10146
2.78613 2.10617
2.78521 2.10152
2.78514 2.10139
2.78515 2.10142
2.78514 2.1014
2.78518 2.10146
2.78517 2.10144
2.78522 2.10153
2.78522 2.10152
2.78523 2.10154
2.78521 2.10152
2.78517 2.10145
2.7903 2.11466
2.78524 2.10156
2.78515 2.1014
2.78524 2.10156
2.78508 2.1013
2.78508 2.10129
2.7851 2.10132
2.78518 2.10147
2.78512 2.10136
2.78508 2.1013
2.78516 2.10143
2.78512 2.10136
2.78518 2.10145
2.78518 2.10149
2.78513 2.10137
2.78516 2.10142
2.78568 2.10517
2.78517 2.10145
2.78516 2.10143
2.78518 2.10146
2.78518 2.10145
2.78518 2.10146
2.78518 2.10146
2.78508 2.1013
2.78516 2.10143
2.78517 2.10145
2.78512 2.10136
2.78522 2.10158
2.78518 2.10145
2.78514 2.10139
2.78516 2.10143
2.78516 2.10143
2.78517 2.10144
2.78554 2.10492
2.78517 2.10144
2.78522 2.10157
2.78517 2.10145
2.78514 2.1014
2.78512 2.10136
2.78518 2.10146
2.78517 2.10144
2.78567 2.10515
2.78517 2.10144
2.78517 2.10144
2.78519 2.10147
2.78518 2.10145
2.78518 2.10146
2.7851 2.10137
2.7852 2.10154
2.78528 2.10168
2.78561 2.10224
2.78504 2.10126
2.78514 2.10144
2.78561 2.10223
2.78531 2.10172
2.78521 2.10156
2.78525 2.10161
2.78523 2.10159
2.78522 2.10156
2.78563 2.10227
2.78561 2.10223
2.78554 2.10211
2.78545 2.10196
2.78537 2.10182
2.79292 2.11996
2.78539 2.10187
2.78523 2.10158
2.78519 2.10152
2.78523 2.10159
2.78555 2.10214
2.78553 2.10211
2.7855 2.10205
2.78557 2.10218
2.78522 2.10157
2.78574 2.10533
2.78557 2.10217
2.78558 2.10218
2.78521 2.10155
2.78523 2.10158
2.78562 2.10226
2.7852 2.10154
2.78525 2.10161
2.78523 2.10158
2.78528 2.10167
2.78518 2.10149
2.78523 2.10158
2.78571 2.10526
2.78526 2.10164
2.79005 2.11416
2.78523 2.10159
2.78525 2.10163
2.78524 2.10161
2.78526 2.10164
2.78567 2.10517
2.78523 2.10158
2.78525 2.10163
2.78527 2.10166
2.78629 2.10649
2.78513 2.10141
2.78523 2.10158
2.78523 2.10159
2.78522 2.10157
2.7857 2.10525
2.78514 2.10143
2.78518 2.1015
2.78519 2.10152
2.7852 2.10153
2.7852 2.10154
2.78523 2.10159
2.78521 2.10156
2.78521 2.10156
2.78523 2.10159
2.78523 2.10158
2.78521 2.10155
2.78523 2.10159
2.78519 2.10151
2.78523 2.10159
2.7852 2.10153
2.78523 2.10158
2.78561 2.10505
2.78522 2.10158
2.78523 2.10159
2.78521 2.10155
2.78523 2.10158
2.78522 2.10157
2.78523 2.10158
2.78522 2.10158
2.78523 2.10158
2.78523 2.10158
2.78523 2.10158
2.78521 2.10155
2.78523 2.10159
2.7852 2.10153
2.78574 2.10532
2.78523 2.10159
2.78524 2.1016
2.78523 2.10159
2.78522 2.10157
2.78522 2.10156
2.78522 2.10157
2.78522 2.10157
2.78945 2.11294
2.78523 2.10158
2.78571 2.10526
2.78523 2.10158
2.78523 2.10159
2.78523 2.10159
2.78523 2.10159
2.78523 2.10159
2.78571 2.10526
2.78606 2.10595
2.78763 2.10923
2.7939 2.12193
2.79007 2.11419
2.78572 2.10527
2.79059 2.11525
2.79391 2.12195
2.78564 2.1051
2.78629 2.1065
2.78571 2.10526
2.78763 2.10924
2.79329 2.1207
2.78996 2.11398
2.78629 2.10649
2.78633 2.10658
2.794 2.12214
2.78631 2.10652
2.79311 2.12035
2.79388 2.12189
2.79008 2.11422
2.79003 2.11411
2.78549 2.10481
2.79176 2.11762
2.79061 2.1153
2.78981 2.11368
2.78569 2.10523
2.79007 2.1142
2.78576 2.10537
2.79144 2.11698
2.79241 2.11893
2.78592 2.1057
2.78814 2.11027
2.79012 2.1143
2.78577 2.10543
2.78766 2.1093
2.78568 2.10518
2.7905 2.11508
2.7856 2.10504
2.78991 2.11387
2.78739 2.10874
2.78864 2.1113
2.78569 2.10521
2.78982 2.11369
2.79002 2.1141
2.78571 2.10525
2.79006 2.11417
2.79082 2.11573
2.78646 2.10683
2.7857 2.10523
2.78848 2.11097
2.78982 2.11369
2.7886 2.11122
2.78634 2.10658
2.7917 2.1175
2.79372 2.12158
2.78575 2.10535
2.78994 2.11394
2.78598 2.10579
2.78631 2.10653
2.78995 2.11396
2.78569 2.10522
2.78567 2.10517
2.78575 2.10535
2.78633 2.10657
2.78563 2.10508
2.79315 2.12043
2.79406 2.12225
2.78631 2.10654
2.78632 2.10654
2.78567 2.10516
2.78918 2.1124
2.79054 2.11516
2.7916 2.1173
2.7925 2.11911
2.78574 2.10533
2.78992 2.11389
2.78621 2.10632
2.79003 2.11413
2.79223 2.11857
2.79284 2.1198
2.78574 2.10532
2.78574 2.10532
2.79324 2.12061
2.79009 2.11423
2.78985 2.11376
2.78633 2.10657
2.78566 2.10517
2.79315 2.12043
2.79006 2.11418
2.78906 2.11214
2.78629 2.1065
2.78632 2.10655
2.7876 2.10917
2.79367 2.12147
2.79399 2.12211
2.78611 2.10612
2.78569 2.10519
2.78557 2.10496
2.78847 2.11095
2.78569 2.10523
2.78998 2.11402
2.78985 2.11375
2.78744 2.10884
2.78624 2.10638
2.79005 2.11415
2.78951 2.11307
2.78727 2.10849
2.78926 2.11257
2.7904 2.11488
2.78735 2.10865
2.78632 2.10656
2.78991 2.11387
2.78634 2.10659
2.78627 2.10644
2.78974 2.11353
2.78621 2.10632
2.78565 2.10514
2.78567 2.10516
2.79002 2.11409
2.78567 2.10516
2.78575 2.10535
2.78576 2.10537
2.78983 2.11371
2.79056 2.11519
2.79006 2.11419
2.78568 2.10517
2.7856 2.10504
2.79018 2.11442
2.78605 2.10593
2.78567 2.10517
2.79061 2.11529
2.78999 2.11405
2.78566 2.10513
2.78628 2.10643
2.78576 2.10536
2.79021 2.11448
2.78764 2.10926
2.79036 2.11478
2.78999 2.11403
2.79034 2.11475
2.78566 2.10513
2.78562 2.10506
2.7904 2.11488
2.78567 2.10516
2.78619 2.10629
2.7865 2.10692
2.79047 2.11502
2.78626 2.10643
2.79043 2.11493
2.78627 2.10645
2.78759 2.10915
2.79042 2.11491
2.78574 2.10533
2.79044 2.11494
2.78571 2.10527
2.79048 2.11504
2.79006 2.11418
2.78572 2.10526
2.78985 2.11376
2.79048 2.11504
2.78569 2.10523
2.79054 2.11516
2.78722 2.10839
2.79059 2.11526
2.78941 2.11286
2.78573 2.10527
2.78905 2.11213
2.78974 2.11353
2.78678 2.10749
2.78657 2.10707
2.79012 2.1143
2.78993 2.11392
2.78604 2.10591
2.78581 2.10547
2.79011 2.11429
2.78566 2.10514
2.79009 2.11423
2.78571 2.10526
2.79009 2.11424
2.78913 2.1123
2.78576 2.10537
2.78649 2.10691
2.79007 2.11419
2.78945 2.11294
2.79011 2.11429
2.78634 2.10659
2.7863 2.10651
2.78972 2.1135
2.78565 2.10512
2.78566 2.10516
2.78967 2.11339
2.78567 2.10516
2.78733 2.10862
2.78552 2.10484
2.78953 2.1131
2.7898 2.11366
2.78976 2.11357
2.78997 2.114
2.78985 2.11375
2.78991 2.11387
2.79012 2.1143
2.78574 2.10532
2.78551 2.10484
2.78648 2.10688
2.78629 2.10648
2.78996 2.11399
2.79002 2.1141
2.78569 2.10522
2.78561 2.10506
2.79007 2.1142
2.78581 2.10547
2.78999 2.11404
2.78569 2.10522
2.79011 2.11429
2.78627 2.10644
2.78964 2.11334
2.78571 2.10523
2.78632 2.10654
2.78571 2.10526
2.78567 2.10516
2.7856 2.10503
2.79006 2.11417
2.78975 2.11355
2.79003 2.11413
2.78571 2.10526
2.78573 2.10532
2.78621 2.1063
2.79007 2.11421
2.78595 2.10575
2.78625 2.1064
2.78614 2.10615
2.78569 2.10522
2.78565 2.10512
2.78633 2.10657
2.78639 2.10666
2.78569 2.10521
2.78984 2.11373
2.78574 2.10532
2.79006 2.11417
2.78633 2.10657
2.78629 2.10649
2.78758 2.10912
2.78994 2.11394
2.79 2.11405
2.78751 2.10899
2.78571 2.10525
2.78565 2.10514
2.79001 2.11408
2.79003 2.11413
2.78633 2.10656
2.79006 2.11418
2.7857 2.10525
2.79005 2.11416
2.7897 2.11344
2.78623 2.10637
2.78624 2.10639
2.78637 2.10666
2.78568 2.10517
2.78611 2.10612
2.78573 2.10531
2.78997 2.11399
2.78648 2.10687
2.79011 2.11429
2.78574 2.10533
2.79001 2.11409
2.78576 2.10536
2.78631 2.10653
2.79006 2.11419
2.7901 2.11425
2.78639 2.10666
2.78575 2.10533
2.78571 2.10525
2.79012 2.1143
2.78622 2.10635
2.78624 2.10639
2.78575 2.10534
2.78726 2.10847
2.7865 2.10692
2.78744 2.10884
2.78571 2.10526
2.78633 2.10658
2.78688 2.1077
2.78701 2.10797
2.78704 2.10803
2.78634 2.10658
2.78603 2.10597
2.78646 2.10685
2.78758 2.10912
2.7863 2.10652
2.78552 2.10491
2.78627 2.10645
2.78583 2.10555
2.78568 2.10517
2.78754 2.10904
2.78735 2.10865
2.78602 2.10595
2.78634 2.10659
2.78713 2.10821
2.78589 2.10564
2.78576 2.10536
2.78631 2.10653
2.78568 2.10518
2.78618 2.10626
2.78602 2.10595
2.78578 2.10541
2.78632 2.10655
2.78629 2.10649
2.78704 2.10802
2.78568 2.10517
2.78738 2.10871
2.78633 2.10658
2.78566 2.10514
2.78625 2.1064
2.78647 2.10685
2.78752 2.109
2.78747 2.1089
2.7863 2.1065
2.78755 2.10906
2.78598 2.10586
2.78747 2.10891
2.78575 2.10535
2.78612 2.10615
2.78573 2.10531
2.78632 2.10654
2.78572 2.10527
2.78629 2.10649
2.7863 2.10651
2.78576 2.10536
2.78648 2.10688
2.78558 2.10501
2.78614 2.10619
2.78567 2.10517
2.78589 2.10568
2.78575 2.10535
2.78631 2.10653
2.7864 2.10671
2.78628 2.10646
2.78572 2.10529
2.78633 2.10657
2.78621 2.10633
2.78624 2.10639
2.78567 2.10516
2.78577 2.10539
2.78648 2.10689
2.7857 2.10524
2.78571 2.10526
2.7857 2.10523
2.78576 2.10537
2.78637 2.10665
2.78642 2.10675
2.78574 2.10534
2.78571 2.10526
2.78576 2.10536
2.78566 2.10515
2.78643 2.10678
2.78648 2.10689
2.78571 2.10525
2.78644 2.1068
2.78598 2.10586
2.78644 2.1068
2.78625 2.1064
2.78572 2.10529
2.78646 2.10683
2.78649 2.10691
2.78621 2.10633
2.7862 2.10631
2.78627 2.10646
2.78614 2.10619
2.78633 2.10658
2.78575 2.10535
2.78574 2.10533
2.78611 2.10613
2.78564 2.10511
2.7857 2.10524
2.78563 2.10507
2.78622 2.10634
2.78633 2.10656
2.78628 2.10647
2.78625 2.10641
2.78567 2.10516
2.7863 2.10652
2.78574 2.10533
2.78629 2.10648
2.78632 2.10655
2.78628 2.10647
2.78611 2.10611
2.78631 2.10653
2.78631 2.10653
2.78619 2.10628
2.78641 2.10669
2.78632 2.10655
2.78623 2.10638
2.78567 2.10516
2.78567 2.10517
2.78629 2.10648
2.78631 2.10653
2.78598 2.10578
2.78632 2.10655
2.78566 2.10513
2.78573 2.1053
2.78603 2.10589
2.78567 2.10515
2.7857 2.10524
2.7863 2.1065
2.78567 2.10516
2.78576 2.10537
2.78632 2.10655
2.78634 2.10659
2.7857 2.10525
2.78566 2.10515
2.78583 2.10552
2.78581 2.10548
2.78569 2.10522
2.78569 2.10521
2.78535 2.10453
2.78566 2.10513
2.78564 2.1051
2.78606 2.10594
2.78584 2.10552
2.78636 2.1066
2.78573 2.10531
2.78568 2.10517
2.78575 2.10534
2.78642 2.10671
2.78631 2.1065
2.78578 2.10541
2.78638 2.10664
2.78641 2.1067
2.78602 2.10591
2.78575 2.10535
2.78576 2.10537
2.78576 2.10537
2.78561 2.10505
2.78575 2.10535
2.78631 2.1065
2.78571 2.10526
2.78611 2.10609
2.78626 2.10639
2.78553 2.1049
2.78603 2.1059
2.78572 2.10528
2.78635 2.10658
2.7857 2.10524
2.78632 2.10651
2.78637 2.10661
2.78635 2.10658
2.78641 2.10669
2.7857 2.10525
2.78566 2.10515
2.78574 2.10532
2.78572 2.10528
2.78574 2.10534
2.78583 2.10552
2.78566 2.10514
2.78566 2.10517
2.78567 2.10516
2.78584 2.10554
2.78575 2.10534
2.78571 2.10526
2.78575 2.10535
2.78576 2.10536
2.78584 2.10554
2.78579 2.10543
2.78578 2.1054
2.7858 2.10545
2.78581 2.10547
2.78582 2.10549
2.78575 2.10534
2.78581 2.10548
2.78582 2.10549
2.78583 2.10551
2.78573 2.10531
2.78576 2.10536
2.78576 2.10536
2.78572 2.10527
2.78567 2.10519
2.78575 2.10535
2.78565 2.10514
2.7857 2.10524
2.78565 2.10514
2.7857 2.10525
2.78576 2.10536
2.78576 2.10536
2.78572 2.10528
2.78572 2.10528
2.78573 2.1053
2.78567 2.10515
2.78575 2.10535
2.78566 2.10514
2.78576 2.10537
2.78584 2.1055
2.78572 2.10529
2.78575 2.10535
2.7857 2.10524
2.78569 2.10522
2.78585 2.10554
2.78574 2.10532
2.78543 2.10467
2.78571 2.10527
2.78566 2.10513
2.78571 2.10527
2.78576 2.10536
2.78573 2.1053
2.78574 2.10532
2.7857 2.10524
2.78574 2.10533
2.78575 2.10534
2.78575 2.10534
2.78565 2.10512
2.78575 2.10535
2.78571 2.10526
2.78575 2.10535
2.78575 2.10535
2.78576 2.10537
2.78573 2.1053
2.7859 2.10565
2.78569 2.10523
2.78574 2.10533
2.78571 2.10525
2.78573 2.10531
2.7859 2.10565
2.78576 2.10537
2.78575 2.10534
2.78576 2.10536
2.78564 2.10509
2.78567 2.10516
2.78571 2.10526
2.78576 2.10537
2.78596 2.10574
2.78584 2.10551
2.78568 2.10517
2.78588 2.10559
2.78548 2.10477
2.78572 2.10525
2.78575 2.10532
2.78607 2.10596
2.78543 2.10468
2.78604 2.10591
2.7857 2.10524
2.78566 2.10514
2.78567 2.10516
2.78567 2.10517
2.78601 2.10585
2.7857 2.10521
2.78583 2.10548
2.78589 2.10561
2.78597 2.1058
2.78567 2.10516
2.78553 2.10488
2.78554 2.1049
2.78595 2.10573
2.78594 2.10571
2.78565 2.10512
2.78598 2.10579
2.78572 2.10526
2.78567 2.10515
2.78602 2.10586
2.78557 2.10496
2.78607 2.10596
2.78567 2.10515
2.78565 2.10512
2.78562 2.10506
2.78559 2.105
2.78567 2.10517
2.78567 2.10515
2.78567 2.10515
2.78564 2.1051
2.78565 2.10512
2.78568 2.10517
2.78569 2.10519
2.7857 2.10522
2.7857 2.10522
2.78571 2.10524
2.78572 2.10525
2.78567 2.10518
2.78565 2.10512
2.78593 2.10572
2.78564 2.1051
2.78566 2.10514
2.78562 2.10506
2.78561 2.10504
2.78561 2.10504
2.78565 2.10512
2.78568 2.10517
2.78566 2.10514
2.78567 2.10516
2.78561 2.10504
2.78567 2.10516
2.78567 2.10516
2.78566 2.10514
2.78567 2.10516
2.78567 2.10515
2.78567 2.10516
2.78565 2.10512
2.78568 2.10517
2.78567 2.10515
2.78567 2.10515
2.78567 2.10515
2.78568 2.10517
2.78569 2.10522
2.78597 2.10579
2.78565 2.10514
2.7857 2.10524
2.7857 2.10524
2.78597 2.10581
2.78596 2.10578
2.78591 2.10568
2.78581 2.10547
2.7858 2.10545
2.78582 2.10548
2.78589 2.10563
2.78568 2.1052
2.78571 2.10526
2.78565 2.10514
2.78571 2.10526
2.78585 2.10556
2.78591 2.10568
2.78562 2.10507
2.78589 2.10563
2.78574 2.10532
2.78595 2.10575
2.78594 2.10573
2.7857 2.10524
2.78595 2.10577
2.78569 2.10523
2.78571 2.10525
2.78597 2.1058
2.78571 2.10526
2.78569 2.10522
2.78572 2.10528
2.78571 2.10525
2.7857 2.10525
2.78571 2.10525
2.78573 2.10529
2.78571 2.10526
2.78572 2.10529
2.78572 2.10528
2.78573 2.1053
2.78571 2.10526
2.78574 2.10531
2.78569 2.10523
2.78567 2.10517
2.78569 2.10521
2.78571 2.10525
2.7857 2.10525
2.78568 2.10519
2.78567 2.10517
2.78568 2.1052
2.78571 2.10527
2.78569 2.10522
2.78571 2.10526
2.7857 2.10524
2.7857 2.10524
2.78571 2.10526
2.78571 2.10526
2.78571 2.10526
2.78571 2.10526
2.7857 2.10524
2.78571 2.10526
2.78569 2.10523
2.78571 2.10526
2.78571 2.10526
2.78569 2.10521
2.78567 2.10517
2.78571 2.10525
2.78568 2.1052
2.78569 2.10522
2.78569 2.10523
2.7857 2.10524
2.78571 2.10525
2.78571 2.10525
2.78571 2.10525
2.78571 2.10526
2.78571 2.10526
2.78568 2.10521
2.7857 2.10524
2.78571 2.10526
2.78571 2.10527
2.7857 2.10525
2.7857 2.10524
2.78571 2.10526
2.78571 2.10525
2.7857 2.10525
2.78571 2.10526
2.78571 2.10526
2.78571 2.10526
