2.96401 1.91347
2.9638 1.92458
2.96364 1.92921
2.96414 1.90545
2.96385 1.92076
2.96421 1.90237
2.96421 1.90326
2.9642 1.90365
2.96412 1.90781
2.96406 1.90513
2.96373 1.92436
2.96398 1.91521
2.96371 1.92822
2.964 1.91235
2.96402 1.91262
2.96393 1.91681
2.9639 1.91536
2.96391 1.91802
2.96398 1.91481
2.96405 1.91136
2.9642 1.90377
2.96422 1.90111
2.96385 1.9192
2.96414 1.90566
2.96427 1.89968
2.96417 1.90266
2.96407 1.91011
2.96372 1.92832
2.96389 1.91955
2.96422 1.90249
2.96397 1.91492
2.96402 1.91281
2.96372 1.92853
2.96394 1.91715
2.96419 1.904
2.9638 1.92417
2.9638 1.92444
2.96375 1.92661
2.96419 1.90412
2.96366 1.93028
2.96367 1.93078
2.96424 1.90132
2.96384 1.92202
2.96382 1.92335
2.96419 1.90183
2.96378 1.92577
2.96405 1.91163
2.96387 1.92035
2.96421 1.90277
2.96396 1.9159
2.9641 1.90847
2.96395 1.91647
2.96394 1.91712
2.96381 1.92326
2.9639 1.91148
2.96373 1.92803
2.96378 1.92466
2.96386 1.92126
2.96389 1.9184
2.96423 1.90182
2.96379 1.92465
2.96389 1.90982
2.96415 1.90615
2.96375 1.92703
2.96386 1.92087
2.9642 1.90364
2.96366 1.93168
2.96399 1.91286
2.96413 1.90717
2.96367 1.91692
2.96415 1.90594
2.96386 1.92095
2.96426 1.89278
2.96364 1.93131
2.96415 1.90606
2.9642 1.90343
2.9637 1.92932
2.96423 1.90143
2.96394 1.91675
2.96372 1.92756
2.96423 1.90175
2.96427 1.89863
2.9637 1.92944
2.96385 1.92157
2.9637 1.92949
2.96388 1.91844
2.96389 1.91543
2.96369 1.92992
2.96407 1.9096
2.9637 1.92937
2.96423 1.90195
2.96426 1.89847
2.96375 1.92164
2.96382 1.92334
2.96395 1.91619
2.96401 1.91191
2.96405 1.90713
2.96383 1.92286
2.96365 1.93237
2.96389 1.91825
