2.96803 1.91414
2.96787 1.90076
2.96775 1.88763
2.96814 1.9225
2.96791 1.90367
2.96819 1.92659
2.96819 1.92735
2.96818 1.92686
2.96812 1.92148
2.96807 1.91287
2.96781 1.89311
2.96801 1.91228
2.9678 1.89483
2.96803 1.91302
2.96805 1.9151
2.96797 1.90851
2.96795 1.90452
2.96795 1.90719
2.96801 1.91236
2.96807 1.91708
2.96818 1.92664
2.9682 1.92702
2.96791 1.90257
2.96814 1.92225
2.96824 1.93168
2.96816 1.92326
2.96808 1.91804
2.96781 1.89587
2.96794 1.9063
2.9682 1.92799
2.96801 1.91192
2.96805 1.91545
2.96781 1.8955
2.96798 1.90981
2.96818 1.92627
2.96787 1.90105
2.96787 1.90048
2.96783 1.89761
2.96817 1.92588
2.96776 1.89112
2.96777 1.89248
2.96822 1.92952
2.96791 1.90372
2.96789 1.90228
2.96818 1.92416
2.96785 1.89935
2.96806 1.91697
2.96793 1.90563
2.9682 1.92778
2.968 1.91133
2.96811 1.92074
2.96799 1.91025
2.96798 1.91012
2.96788 1.90087
2.96795 1.90081
2.96782 1.89631
2.96785 1.8985
2.96792 1.90488
2.96794 1.90547
2.96821 1.92886
2.96786 1.89982
2.96794 1.89823
2.96815 1.92374
2.96783 1.89726
2.96792 1.90456
2.96818 1.92673
2.96776 1.89185
2.96802 1.91237
2.96813 1.9221
2.96777 1.88054
2.96815 1.92348
2.96792 1.90464
2.96824 1.92501
2.96775 1.88956
2.96815 1.92372
2.96818 1.92663
2.96779 1.89415
2.96821 1.92896
2.96798 1.90949
2.96781 1.8953
2.96821 1.92888
2.96824 1.93057
2.96779 1.89416
2.96791 1.9042
2.96779 1.89409
2.96793 1.90472
2.96794 1.90322
2.96779 1.89373
2.96808 1.91772
2.96779 1.89424
2.96821 1.92888
2.96823 1.92882
2.96783 1.89293
2.96789 1.90229
2.96799 1.91091
2.96804 1.91385
2.96807 1.91408
2.96789 1.90271
2.96775 1.89117
2.96794 1.90578
