2.96902 2.07474
2.96887 2.04319
2.96875 2.01652
2.96913 2.09519
2.96891 2.05101
2.96917 2.10462
2.96917 2.10538
2.96917 2.10424
2.96911 2.09176
2.96906 2.07823
2.96882 2.02965
2.969 2.07023
2.96881 2.03007
2.96902 2.0735
2.96903 2.07705
2.96897 2.06237
2.96895 2.05622
2.96895 2.05917
2.969 2.07064
2.96906 2.08144
2.96916 2.10376
2.96918 2.10626
2.96891 2.0501
2.96912 2.09459
2.96922 2.11558
2.96915 2.09845
2.96907 2.08402
2.96881 2.03188
2.96894 2.05655
2.96918 2.10706
2.969 2.06976
2.96904 2.07753
2.96881 2.03106
2.96897 2.06448
2.96916 2.10294
2.96887 2.04399
2.96887 2.04278
2.96884 2.03615
2.96916 2.10216
2.96877 2.02202
2.96878 2.02413
2.9692 2.1106
2.9689 2.05024
2.96889 2.04675
2.96916 2.10065
2.96885 2.03986
2.96905 2.08107
2.96893 2.05481
2.96918 2.10648
2.96899 2.06805
2.9691 2.08998
2.96898 2.06573
2.96898 2.06504
2.96888 2.04428
2.96894 2.05235
2.96882 2.03285
2.96885 2.03907
2.96892 2.05283
2.96894 2.05583
2.96919 2.10908
2.96886 2.04145
2.96894 2.04896
2.96913 2.09695
2.96883 2.03524
2.96892 2.05252
2.96917 2.10401
2.96877 2.02237
2.96901 2.07198
2.96911 2.09331
2.96878 2.0127
2.96913 2.09662
2.96892 2.05261
2.96921 2.10845
2.96875 2.01851
2.96913 2.09697
2.96917 2.10397
2.9688 2.0281
2.96919 2.10951
2.96897 2.06418
2.96881 2.03137
2.96919 2.10916
2.96922 2.11431
2.9688 2.02804
2.96891 2.0514
2.9688 2.02788
2.96893 2.05447
2.96894 2.05387
2.96879 2.02693
2.96907 2.08379
2.9688 2.02822
2.96919 2.10902
2.96921 2.11129
2.96883 2.03121
2.96889 2.04678
2.96899 2.06709
2.96903 2.07529
2.96906 2.07898
2.96889 2.04786
2.96876 2.02069
2.96894 2.0565
