2.97907 2.03208
2.979 2.00107
2.97895 1.97628
2.97912 2.05242
2.97902 2.00908
2.97914 2.06162
2.97914 2.06201
2.97914 2.06089
2.97911 2.0487
2.97909 2.03756
2.97898 1.98925
2.97906 2.02759
2.97897 1.98848
2.97907 2.03133
2.97908 2.03436
2.97905 2.02023
2.97904 2.01525
2.97904 2.01706
2.97906 2.02808
2.97909 2.03859
2.97914 2.06043
2.97914 2.06344
2.97902 2.00876
2.97912 2.05184
2.97916 2.07203
2.97913 2.05612
2.97909 2.04123
2.97898 1.99003
2.97903 2.01431
2.97914 2.06372
2.97906 2.02728
2.97908 2.03472
2.97897 1.98925
2.97905 2.02197
2.97913 2.05965
2.979 2.00189
2.979 2.00075
2.97899 1.99429
2.97913 2.05893
2.97896 1.9808
2.97896 1.9825
2.97915 2.06717
2.97902 2.00802
2.97901 2.00457
2.97913 2.05829
2.97899 1.99779
2.97909 2.03818
2.97903 2.01253
2.97914 2.06313
2.97906 2.02548
2.97911 2.04694
2.97905 2.02327
2.97905 2.02247
2.97901 2.00243
2.97904 2.01285
2.97898 1.99097
2.97899 1.99744
2.97902 2.01053
2.97903 2.01402
2.97915 2.06569
2.979 1.99952
2.97903 2.01017
2.97912 2.05375
2.97898 1.99336
2.97902 2.01037
2.97914 2.0607
2.97896 1.98068
2.97907 2.02985
2.97911 2.05025
2.97896 1.97554
2.97912 2.05352
2.97902 2.01043
2.97916 2.06769
2.97895 1.97741
2.97912 2.05379
2.97914 2.06073
2.97897 1.98642
2.97915 2.06619
2.97905 2.02183
2.97898 1.98982
2.97915 2.06578
2.97916 2.07124
2.97897 1.98633
2.97902 2.00918
2.97897 1.98617
2.97903 2.01281
2.97903 2.01316
2.97897 1.98521
2.97909 2.04118
2.97897 1.98651
2.97915 2.06559
2.97916 2.06863
2.97898 1.99138
2.97901 2.0046
2.97905 2.02455
2.97908 2.03303
2.97909 2.03768
2.97901 2.00568
2.97895 1.979
2.97903 2.01466
