2.86256 2.1924
2.8595 2.13608
2.8572 2.05963
2.86458 2.22261
2.86032 2.14106
2.86548 2.24133
2.86549 2.25271
2.86538 2.25049
2.86419 2.22598
2.86332 2.1675
2.85848 2.08304
2.86211 2.1858
2.85829 2.10404
2.86253 2.17845
2.86278 2.19624
2.86142 2.16192
2.86103 2.13302
2.8611 2.15683
2.86217 2.18419
2.86319 2.20676
2.86534 2.24919
2.86568 2.23966
2.86034 2.12838
2.86453 2.22151
2.86648 2.27098
2.86499 2.21893
2.86346 2.20822
2.85842 2.11354
2.86082 2.15696
2.86566 2.25391
2.86209 2.18088
2.86281 2.20049
2.85835 2.11137
2.86156 2.17474
2.86526 2.24711
2.85959 2.13628
2.85948 2.13261
2.85885 2.11929
2.86519 2.24425
2.85756 2.08399
2.85769 2.0972
2.866 2.261
2.86019 2.14792
2.85985 2.14266
2.86521 2.22267
2.85918 2.13025
2.86315 2.20741
2.86064 2.15548
2.8656 2.25358
2.86191 2.18117
2.86401 2.22307
2.86169 2.17474
2.8616 2.17739
2.85966 2.1299
2.86098 2.11574
2.85851 2.11583
2.85918 2.11742
2.86043 2.15402
2.86083 2.14537
2.86586 2.25788
2.85937 2.12804
2.86084 2.10749
2.86468 2.23681
2.85875 2.11855
2.86043 2.1489
2.86536 2.24919
2.8575 2.09668
2.86238 2.17554
2.86434 2.22777
2.8577 2.0397
2.86466 2.23317
2.86043 2.15004
2.86635 2.22096
2.85723 2.07628
2.86468 2.23604
2.86537 2.24703
2.85808 2.10383
2.86591 2.25647
2.86156 2.16967
2.85843 2.1048
2.86587 2.25769
2.86644 2.25656
2.85806 2.10459
2.86031 2.14957
2.85805 2.10424
2.86072 2.14032
2.86085 2.12641
2.85795 2.10346
2.86347 2.20301
2.85808 2.10487
2.86584 2.25884
2.86622 2.24396
2.85877 2.08049
2.85985 2.1427
2.86182 2.17905
2.86269 2.18292
2.86325 2.17418
2.85996 2.14372
2.85733 2.09469
2.86089 2.14711
