2.18951 2.51052
2.08262 2.47239
2.00197 2.14646
2.26041 2.46699
2.11126 2.34539
2.29188 2.50543
2.29213 2.67199
2.28828 2.66661
2.24647 2.59899
2.21605 2.30749
2.04694 2.18145
2.1739 2.53501
2.04014 2.30544
2.18843 2.37389
2.19738 2.50892
2.14963 2.3756
2.13621 2.26057
2.13862 2.37475
2.1758 2.48829
2.2117 2.56894
2.28675 2.65431
2.29882 2.47063
2.112 2.26875
2.2584 2.46529
2.32667 2.68235
2.2748 2.41213
2.22112 2.51203
2.04479 2.40593
2.12854 2.43082
2.29819 2.63027
2.17324 2.45859
2.19832 2.58262
2.04217 2.39061
2.15459 2.51061
2.28411 2.63822
2.08557 2.44483
2.08179 2.41349
2.05967 2.37724
2.28177 2.60504
2.01442 2.23436
2.01907 2.34753
2.31 2.65148
2.10666 2.46278
2.09465 2.48107
2.28236 2.41687
2.0713 2.47258
2.21017 2.60182
2.12226 2.45676
2.29608 2.64534
2.16668 2.51596
2.24039 2.60323
2.1593 2.46888
2.15615 2.55113
2.08818 2.34004
2.13435 2.22514
2.04796 2.41917
2.07141 2.29772
2.11514 2.4995
2.12891 2.32124
2.30495 2.64068
2.07779 2.37505
2.12922 2.21281
2.26373 2.64262
2.05638 2.39126
2.11508 2.41058
2.28771 2.64326
2.01256 2.39735
2.18334 2.36888
2.25192 2.5797
2.01949 2.10891
2.26325 2.57427
2.11517 2.42621
2.32218 2.39027
2.00294 2.21552
2.26396 2.62237
2.28801 2.59859
2.03265 2.34624
2.30688 2.59867
2.15459 2.4309
2.04495 2.29143
2.30528 2.63356
2.32535 2.50843
2.03226 2.36042
2.11067 2.45553
2.03171 2.35915
2.1252 2.30134
2.12985 2.24704
2.0283 2.3742
2.22154 2.44962
2.03287 2.36009
2.30451 2.66584
2.31761 2.45506
2.05682 2.1714
2.09475 2.48089
2.16352 2.50605
2.1941 2.38732
2.2138 2.32324
2.09857 2.46115
2.00665 2.42115
2.13103 2.32663
