2.91134 2.08692
2.91007 2.12275
2.90911 2.13246
2.91218 2.05978
2.91041 2.10854
2.91255 2.05023
2.91255 2.05523
2.91251 2.05644
2.91201 2.06939
2.91165 2.05617
2.90965 2.11699
2.91115 2.09287
2.90957 2.13267
2.91132 2.08092
2.91143 2.08414
2.91087 2.09594
2.91071 2.08847
2.91073 2.09998
2.91118 2.09108
2.9116 2.08065
2.91249 2.05674
2.91263 2.04525
2.91042 2.10148
2.91215 2.06044
2.91296 2.04369
2.91235 2.04905
2.91171 2.07594
2.90962 2.1343
2.91061 2.1059
2.91263 2.05234
2.91114 2.09106
2.91144 2.08547
2.90959 2.13484
2.91092 2.09896
2.91246 2.05733
2.91011 2.12118
2.91006 2.12171
2.9098 2.12839
2.91243 2.05741
2.90926 2.13817
2.90932 2.1417
2.91277 2.04876
2.91036 2.11434
2.91021 2.11883
2.91244 2.04636
2.90994 2.1266
2.91158 2.08179
2.91054 2.10882
2.9126 2.05339
2.91107 2.09493
2.91194 2.07154
2.91098 2.09628
2.91094 2.09921
2.91014 2.11678
2.91068 2.07775
2.90966 2.13351
2.90994 2.12066
2.91046 2.1122
2.91062 2.10011
2.91271 2.05026
2.91001 2.12195
2.91062 2.07504
2.91222 2.06434
2.90976 2.12993
2.91046 2.10998
2.9125 2.0562
2.90924 2.14516
2.91126 2.08252
2.91208 2.06709
2.90932 2.10429
2.91221 2.06304
2.91046 2.11044
2.91291 2.01795
2.90913 2.1412
2.91222 2.06389
2.91251 2.05509
2.90948 2.1369
2.91273 2.04854
2.91092 2.09669
2.90962 2.13021
2.91271 2.04998
2.91295 2.03778
2.90947 2.13747
2.9104 2.11279
2.90947 2.13762
2.91058 2.09975
2.91063 2.08856
2.90943 2.13922
2.91172 2.07328
2.90948 2.13725
2.9127 2.05092
2.91286 2.03594
2.90976 2.10847
2.91021 2.11879
2.91103 2.09578
2.91139 2.07976
2.91163 2.06223
2.91026 2.11708
2.90917 2.14762
2.91064 2.09972
