2.92997 2.10968
2.92918 2.13509
2.92859 2.14243
2.9305 2.09062
2.92939 2.12529
2.93073 2.08379
2.93073 2.08701
2.9307 2.08788
2.93039 2.09714
2.93017 2.08773
2.92892 2.13139
2.92986 2.11384
2.92887 2.14241
2.92996 2.10575
2.93003 2.10772
2.92968 2.11633
2.92958 2.11111
2.9296 2.11919
2.92987 2.11266
2.93014 2.10515
2.93069 2.08811
2.93078 2.08037
2.9294 2.12046
2.93048 2.09109
2.93098 2.07883
2.9306 2.08315
2.9302 2.10192
2.9289 2.14336
2.92952 2.12324
2.93077 2.08503
2.92985 2.11271
2.93004 2.10854
2.92888 2.14376
2.92971 2.11819
2.93067 2.08855
2.9292 2.13401
2.92918 2.13444
2.92901 2.13923
2.93065 2.08865
2.92868 2.14645
2.92871 2.14869
2.93086 2.08246
2.92936 2.12915
2.92927 2.13229
2.93066 2.08123
2.9291 2.13781
2.93012 2.10591
2.92947 2.12525
2.93076 2.08575
2.9298 2.11533
2.93035 2.09866
2.92975 2.11637
2.92972 2.11831
2.92922 2.13112
2.92956 2.10256
2.92893 2.14278
2.9291 2.13395
2.92942 2.12758
2.92952 2.1194
2.93082 2.08354
2.92915 2.13468
2.92953 2.09996
2.93052 2.0935
2.92899 2.1403
2.92942 2.12616
2.9307 2.08774
2.92866 2.15105
2.92993 2.10689
2.93043 2.09554
2.92872 2.11948
2.93052 2.09269
2.92942 2.12646
2.93095 2.06014
2.92859 2.14863
2.93052 2.09321
2.9307 2.08703
2.92881 2.14531
2.93084 2.0824
2.92971 2.11674
2.9289 2.1407
2.93083 2.08336
2.93098 2.07501
2.92881 2.14568
2.92939 2.12806
2.92881 2.14579
2.9295 2.11919
2.92953 2.11109
2.92878 2.14689
2.93021 2.10018
2.92881 2.14552
2.93082 2.08397
2.93092 2.07381
2.92899 2.12501
2.92927 2.13227
2.92978 2.11596
2.93001 2.1049
2.93015 2.0924
2.9293 2.13109
2.92862 2.15276
2.92954 2.11912
