2.94376 2.01336
2.94325 2.04965
2.94287 2.06884
2.9441 1.98781
2.94339 2.03795
2.94425 1.97756
2.94425 1.97964
2.94423 1.98092
2.94403 1.99467
2.94389 1.99306
2.94308 2.05328
2.94368 2.01896
2.94305 2.06224
2.94375 2.01091
2.9438 2.01063
2.94357 2.02502
2.94351 2.02361
2.94352 2.02892
2.94369 2.01783
2.94386 2.00631
2.94422 1.98135
2.94428 1.97399
2.94339 2.03446
2.94409 1.98848
2.94441 1.96794
2.94417 1.98011
2.94391 2.00246
2.94307 2.06202
2.94347 2.03345
2.94428 1.97724
2.94368 2.01833
2.9438 2.01099
2.94306 2.06277
2.94359 2.02535
2.94421 1.98213
2.94326 2.0484
2.94325 2.04938
2.94314 2.05658
2.9442 1.98263
2.94293 2.06958
2.94295 2.07024
2.94433 1.97338
2.94336 2.04134
2.94331 2.04561
2.9442 1.97745
2.9432 2.05351
2.94386 2.00709
2.94344 2.03592
2.94427 1.97809
2.94365 2.02126
2.944 1.99678
2.94362 2.02329
2.9436 2.02514
2.94328 2.04601
2.9435 2.01716
2.94309 2.06106
2.9432 2.05093
2.94341 2.03876
2.94347 2.03079
2.94431 1.97502
2.94323 2.05027
2.94347 2.01565
2.94411 1.98912
2.94313 2.05789
2.9434 2.03783
2.94423 1.98093
2.94292 2.07299
2.94373 2.01259
2.94406 1.99262
2.94295 2.04714
2.94411 1.98867
2.94341 2.03801
2.94439 1.955
2.94287 2.0731
2.94411 1.98888
2.94423 1.98042
2.94301 2.06553
2.94432 1.97391
2.94359 2.0244
2.94307 2.06023
2.94431 1.97484
2.94441 1.96563
2.94301 2.06584
2.94338 2.03989
2.94301 2.06602
2.94345 2.0313
2.94348 2.02463
2.94299 2.06737
2.94391 2.00123
2.94301 2.06563
2.94431 1.97538
2.94437 1.96615
2.94313 2.04683
2.94331 2.04557
2.94364 2.02225
2.94378 2.00933
2.94387 1.99702
2.94333 2.0441
2.94289 2.07519
2.94348 2.03022
