2.95069 2.1286
2.9503 2.1312
2.95001 2.12664
2.95095 2.12571
2.95041 2.12896
2.95107 2.12528
2.95107 2.12696
2.95106 2.12703
2.9509 2.12771
2.95079 2.11873
2.95017 2.12528
2.95064 2.12921
2.95015 2.13082
2.95069 2.12641
2.95072 2.12836
2.95055 2.1281
2.9505 2.12361
2.95051 2.1285
2.95064 2.12879
2.95077 2.12843
2.95105 2.127
2.95109 2.12415
2.95041 2.12636
2.95095 2.12575
2.9512 2.12613
2.95101 2.12311
2.95081 2.1277
2.95016 2.13176
2.95047 2.12961
2.95109 2.12654
2.95063 2.12856
2.95073 2.12886
2.95015 2.13172
2.95057 2.12955
2.95104 2.12697
2.95031 2.13094
2.9503 2.1308
2.95022 2.1311
2.95103 2.1268
2.95005 2.13035
2.95007 2.13199
2.95113 2.12637
2.95039 2.1305
2.95035 2.13094
2.95103 2.12285
2.95026 2.1315
2.95077 2.12866
2.95045 2.13003
2.95108 2.1267
2.95061 2.12927
2.95088 2.12789
2.95058 2.12908
2.95057 2.12976
2.95032 2.12971
2.95049 2.11758
2.95018 2.13177
2.95026 2.12951
2.95042 2.13052
2.95047 2.12761
2.95112 2.12643
2.95028 2.13053
2.95047 2.11479
2.95097 2.12752
2.95021 2.13132
2.95042 2.12979
2.95105 2.12691
2.95005 2.13257
2.95067 2.1265
2.95092 2.12742
2.95007 2.11215
2.95096 2.12706
2.95042 2.12996
2.95118 2.11432
2.95001 2.13033
2.95097 2.1274
2.95105 2.12658
2.95012 2.13158
2.95112 2.12604
2.95057 2.12881
2.95016 2.1304
2.95112 2.12637
2.95119 2.12401
2.95012 2.13173
2.95041 2.13034
2.95012 2.13174
2.95046 2.1271
2.95048 2.12281
2.9501 2.13197
2.95081 2.12683
2.95012 2.13171
2.95111 2.12661
2.95116 2.12252
2.95021 2.12243
2.95035 2.13094
2.9506 2.12928
2.95071 2.12654
2.95078 2.12149
2.95036 2.13071
2.95002 2.13286
2.95048 2.12768
