2.95512 1.96605
2.9548 1.92321
2.95455 1.88534
2.95533 1.99349
2.95488 1.93339
2.95543 2.00638
2.95543 2.00789
2.95542 2.00633
2.95529 1.98929
2.9552 1.96872
2.95469 1.90313
2.95507 1.95998
2.95467 1.905
2.95512 1.96375
2.95514 1.96916
2.955 1.94884
2.95496 1.93933
2.95497 1.94453
2.95508 1.96043
2.95519 1.97525
2.95541 2.00566
2.95545 2.00835
2.95488 1.9315
2.95533 1.99268
2.95554 2.02175
2.95538 1.99734
2.95522 1.97861
2.95468 1.90775
2.95493 1.94122
2.95545 2.0101
2.95507 1.95917
2.95515 1.96997
2.95467 1.9066
2.95501 1.95214
2.95541 2.00452
2.9548 1.92424
2.95479 1.92252
2.95473 1.91346
2.9554 2.0034
2.95459 1.89377
2.9546 1.89711
2.95549 2.01493
2.95487 1.93275
2.95483 1.92806
2.9554 2.00031
2.95476 1.91869
2.95518 1.9748
2.95492 1.93892
2.95544 2.00934
2.95505 1.95699
2.95527 1.98689
2.95503 1.95373
2.95502 1.95297
2.95481 1.9243
2.95495 1.93317
2.95469 1.90909
2.95476 1.91707
2.95489 1.93633
2.95494 1.93969
2.95547 2.01285
2.95478 1.92061
2.95494 1.92842
2.95534 1.9964
2.95472 1.91226
2.95489 1.9357
2.95542 2.00599
2.95458 1.89484
2.9551 1.96168
2.95531 1.99135
2.9546 1.87944
2.95534 1.99582
2.95489 1.93587
2.95552 2.00959
2.95455 1.88892
2.95535 1.9964
2.95542 2.00584
2.95464 1.90248
2.95548 2.01334
2.95501 1.95152
2.95468 1.90668
2.95547 2.01294
2.95553 2.01942
2.95464 1.90245
2.95488 1.9343
2.95464 1.90222
2.95492 1.93769
2.95494 1.93595
2.95463 1.90097
2.95522 1.97806
2.95464 1.90269
2.95547 2.01281
2.95551 2.01489
2.95472 1.90478
2.95483 1.9281
2.95504 1.95567
2.95513 1.96626
2.95519 1.97021
2.95484 1.92951
2.95457 1.8926
2.95494 1.94064
