2.95965 1.90144
2.95939 1.90245
2.95919 1.8986
2.95982 1.89998
2.95946 1.90112
2.9599 1.89991
2.9599 1.90106
2.95989 1.90108
2.95979 1.90124
2.95971 1.89447
2.9593 1.89798
2.95961 1.90174
2.95928 1.90188
2.95965 1.89993
2.95967 1.90134
2.95955 1.90081
2.95952 1.89749
2.95952 1.90101
2.95961 1.90147
2.9597 1.90148
2.95989 1.90105
2.95992 1.89918
2.95946 1.8993
2.95982 1.89999
2.95998 1.90074
2.95986 1.89826
2.95973 1.90106
2.95929 1.90256
2.9595 1.90169
2.95991 1.90082
2.95961 1.9013
2.95967 1.90168
2.95929 1.90251
2.95956 1.90184
2.95988 1.90101
2.95939 1.90229
2.95938 1.90217
2.95933 1.90222
2.95987 1.90088
2.95922 1.90137
2.95923 1.90253
2.95994 1.90079
2.95945 1.90215
2.95942 1.90236
2.95988 1.89813
2.95936 1.90257
2.9597 1.90163
2.95948 1.90193
2.95991 1.90091
2.95959 1.90173
2.95977 1.90133
2.95957 1.90156
2.95957 1.90199
2.9594 1.90147
2.95951 1.89277
2.9593 1.90259
2.95936 1.90121
2.95947 1.90222
2.9595 1.90032
2.95993 1.90079
2.95937 1.90196
2.9595 1.89038
2.95983 1.90124
2.95932 1.90234
2.95947 1.90172
2.95989 1.90099
2.95921 1.90288
2.95963 1.89995
2.9598 1.90109
2.95923 1.88674
2.95983 1.90093
2.95947 1.90183
2.95997 1.89198
2.95919 1.90127
2.95983 1.90116
2.95989 1.90077
2.95926 1.90235
2.95994 1.90054
2.95956 1.90134
2.95929 1.90163
2.95993 1.90076
2.95998 1.89928
2.95926 1.90245
2.95945 1.90206
2.95926 1.90245
2.95949 1.89993
2.9595 1.89684
2.95925 1.90258
2.95973 1.90047
2.95926 1.90244
2.95993 1.90091
2.95996 1.89817
2.95932 1.89589
2.95942 1.90236
2.95958 1.90172
2.95966 1.90006
2.95971 1.89657
2.95943 1.90223
2.9592 1.90303
2.9595 1.90038
