2.96045 1.9409
2.96019 1.90706
2.96 1.87708
2.96061 1.96258
2.96026 1.91511
2.96069 1.97277
2.96069 1.97395
2.96068 1.97271
2.96058 1.95926
2.96051 1.9428
2.96011 1.89113
2.96041 1.93611
2.96009 1.89268
2.96044 1.93909
2.96046 1.94336
2.96035 1.92731
2.96032 1.91973
2.96033 1.92391
2.96041 1.93647
2.9605 1.94817
2.96067 1.97219
2.9607 1.97432
2.96026 1.9136
2.96061 1.96194
2.96077 1.98489
2.96065 1.9656
2.96052 1.95082
2.96011 1.89485
2.9603 1.92129
2.9607 1.97569
2.96041 1.93547
2.96047 1.944
2.9601 1.89395
2.96036 1.92991
2.96067 1.97129
2.9602 1.90787
2.96019 1.90652
2.96014 1.89936
2.96066 1.9704
2.96003 1.88381
2.96004 1.88645
2.96073 1.97951
2.96025 1.9146
2.96022 1.91089
2.96066 1.96795
2.96017 1.90349
2.96049 1.94781
2.96029 1.91947
2.9607 1.97509
2.96039 1.93375
2.96057 1.95736
2.96037 1.93117
2.96037 1.93057
2.96021 1.90793
2.96032 1.91452
2.96011 1.89591
2.96017 1.90222
2.96027 1.91743
2.9603 1.92009
2.96072 1.97787
2.96018 1.90502
2.9603 1.9105
2.96062 1.96487
2.96013 1.89842
2.96027 1.91693
2.96068 1.97245
2.96003 1.88466
2.96043 1.93745
2.96059 1.96089
2.96005 1.87115
2.96062 1.96442
2.96027 1.91707
2.96076 1.97493
2.96001 1.87998
2.96062 1.96487
2.96068 1.97233
2.96008 1.89069
2.96072 1.97825
2.96036 1.92943
2.96011 1.89401
2.96072 1.97794
2.96077 1.98306
2.96008 1.89066
2.96026 1.91582
2.96007 1.89048
2.96029 1.9185
2.96031 1.91702
2.96007 1.8895
2.96052 1.95039
2.96008 1.89085
2.96072 1.97784
2.96075 1.97947
2.96013 1.89231
2.96022 1.91092
2.96038 1.9327
2.96046 1.94107
2.9605 1.9441
2.96023 1.91204
2.96002 1.88288
2.96031 1.92083
