2.9704 1.95397
2.97026 1.97833
2.97015 1.99407
2.97049 1.93737
2.9703 1.97122
2.97053 1.93032
2.97053 1.9309
2.97053 1.93177
2.97047 1.94117
2.97043 1.94389
2.97021 1.98369
2.97038 1.95761
2.9702 1.98748
2.9704 1.95337
2.97041 1.95216
2.97035 1.9625
2.97033 1.96354
2.97033 1.96507
2.97038 1.95704
2.97043 1.94905
2.97053 1.93209
2.97054 1.92837
2.9703 1.97001
2.97049 1.93782
2.97058 1.92303
2.97051 1.93318
2.97044 1.94671
2.97021 1.98682
2.97032 1.96769
2.97054 1.92942
2.97038 1.95752
2.97041 1.95214
2.9702 1.98738
2.97035 1.96197
2.97052 1.93266
2.97026 1.97759
2.97026 1.97836
2.97023 1.98332
2.97052 1.93311
2.97017 1.99292
2.97017 1.99253
2.97056 1.92677
2.97029 1.97281
2.97027 1.9756
2.97052 1.93142
2.97024 1.98092
2.97043 1.94947
2.97031 1.96922
2.97054 1.92994
2.97037 1.95921
2.97047 1.94257
2.97036 1.96076
2.97035 1.9617
2.97027 1.97655
2.97033 1.96085
2.97021 1.98613
2.97024 1.98014
2.9703 1.97096
2.97032 1.96684
2.97055 1.9279
2.97025 1.97914
2.97032 1.96023
2.9705 1.93732
2.97022 1.98412
2.9703 1.9707
2.97053 1.93184
2.97017 1.99417
2.97039 1.95451
2.97048 1.93987
2.97017 1.98151
2.9705 1.93726
2.9703 1.97074
2.97057 1.91865
2.97015 1.99542
2.9705 1.93723
2.97053 1.93166
2.97019 1.98941
2.97055 1.92733
2.97035 1.96169
2.97021 1.98627
2.97055 1.9278
2.97058 1.92252
2.97019 1.98955
2.97029 1.97187
2.97019 1.98967
2.97031 1.96744
2.97032 1.96455
2.97019 1.9905
2.97044 1.9463
2.97019 1.98941
2.97055 1.92806
2.97057 1.9236
2.97022 1.98017
2.97027 1.97558
2.97036 1.95991
2.9704 1.95218
2.97043 1.94573
2.97028 1.97466
2.97016 1.99557
2.97032 1.9664
