2.97083 1.91266
2.97069 1.90943
2.97059 1.90441
2.97092 1.91438
2.97073 1.90973
2.97096 1.91545
2.97096 1.91608
2.97096 1.91595
2.9709 1.91456
2.97086 1.90953
2.97065 1.90565
2.97081 1.91227
2.97064 1.90763
2.97083 1.9118
2.97084 1.91288
2.97078 1.91092
2.97076 1.90854
2.97077 1.91063
2.97081 1.9122
2.97086 1.91347
2.97095 1.91588
2.97097 1.9153
2.97073 1.90874
2.97092 1.91431
2.97101 1.91713
2.97094 1.91393
2.97087 1.91357
2.97065 1.90815
2.97075 1.91065
2.97097 1.91616
2.97081 1.91201
2.97084 1.9131
2.97064 1.90803
2.97079 1.91164
2.97095 1.91577
2.9707 1.90945
2.97069 1.90925
2.97066 1.9085
2.97095 1.91561
2.97061 1.90644
2.97061 1.90723
2.97098 1.91656
2.97072 1.91011
2.97071 1.9098
2.97095 1.91413
2.97068 1.90909
2.97086 1.91349
2.97074 1.91055
2.97097 1.91614
2.9708 1.91201
2.9709 1.91439
2.97079 1.91166
2.97079 1.91178
2.9707 1.9091
2.97076 1.90544
2.97065 1.90828
2.97068 1.90837
2.97074 1.91045
2.97075 1.90991
2.97098 1.91639
2.97069 1.909
2.97075 1.90352
2.97093 1.91517
2.97066 1.90845
2.97074 1.91019
2.97096 1.91588
2.9706 1.90718
2.97082 1.91164
2.97091 1.91467
2.97061 1.89651
2.97092 1.91499
2.97074 1.91025
2.971 1.91172
2.97059 1.90598
2.97093 1.91513
2.97096 1.91578
2.97063 1.90761
2.97098 1.91632
2.97079 1.91137
2.97065 1.90766
2.97098 1.91638
2.971 1.91629
2.97063 1.90765
2.97073 1.91021
2.97063 1.90763
2.97075 1.90956
2.97075 1.90792
2.97062 1.90758
2.97087 1.91327
2.97063 1.90767
2.97098 1.91643
2.97099 1.9154
2.97066 1.90471
2.97071 1.90981
2.9708 1.91189
2.97084 1.91208
2.97086 1.91076
2.97071 1.90987
2.9706 1.90706
2.97076 1.91002
