2.97388 2.02304
2.97377 1.98743
2.97369 1.95847
2.97395 2.04631
2.9738 1.99652
2.97398 2.05689
2.97398 2.05747
2.97398 2.05618
2.97394 2.04216
2.97391 2.02862
2.97373 1.97334
2.97386 2.0179
2.97373 1.97287
2.97388 2.02201
2.97389 2.02565
2.97384 2.00932
2.97382 2.00323
2.97383 2.00569
2.97386 2.01843
2.9739 2.03054
2.97398 2.05565
2.97399 2.05891
2.9738 1.99594
2.97395 2.04564
2.97402 2.06898
2.97397 2.05038
2.97391 2.03353
2.97373 1.97473
2.97382 2.00259
2.97399 2.05941
2.97386 2.01749
2.97389 2.02611
2.97373 1.97382
2.97384 2.01144
2.97398 2.05475
2.97377 1.98836
2.97377 1.98704
2.97375 1.9796
2.97397 2.0539
2.9737 1.96397
2.9737 1.96605
2.974 2.06338
2.97379 1.99541
2.97378 1.99145
2.97397 2.05287
2.97376 1.98367
2.9739 2.03008
2.97381 2.00058
2.97399 2.05874
2.97386 2.01547
2.97393 2.04014
2.97385 2.01291
2.97384 2.01203
2.97377 1.98889
2.97382 2.00001
2.97373 1.97581
2.97376 1.98312
2.9738 1.9983
2.97382 2.00211
2.974 2.06168
2.97376 1.9856
2.97382 1.99675
2.97395 2.04797
2.97374 1.97854
2.9738 1.99807
2.97398 2.05595
2.9737 1.964
2.97387 2.0203
2.97394 2.04393
2.9737 1.95681
2.97395 2.04768
2.9738 1.99814
2.97401 2.06308
2.97369 1.96005
2.97395 2.04802
2.97398 2.05596
2.97372 1.97055
2.974 2.06222
2.97384 2.01122
2.97373 1.97438
2.974 2.06177
2.97402 2.0679
2.97372 1.97046
2.9738 1.99673
2.97372 1.97027
2.97381 2.00068
2.97382 2.00075
2.97371 1.96918
2.97391 2.03342
2.97372 1.97066
2.974 2.06158
2.97401 2.06478
2.97374 1.97558
2.97378 1.99148
2.97385 2.0144
2.97388 2.02399
2.9739 2.02897
2.97379 1.99272
2.97369 1.96207
2.97382 2.00285
