2.97607 2.07454
2.97597 2.05009
2.97591 2.02986
2.97613 2.09046
2.976 2.05626
2.97615 2.09775
2.97615 2.09822
2.97615 2.09733
2.97612 2.08769
2.97609 2.07781
2.97594 2.04005
2.97605 2.07103
2.97594 2.04003
2.97607 2.07373
2.97607 2.07633
2.97603 2.06505
2.97602 2.0606
2.97602 2.06257
2.97605 2.07137
2.97609 2.07971
2.97615 2.09697
2.97616 2.09908
2.976 2.05573
2.97613 2.09
2.97618 2.10612
2.97614 2.09314
2.97609 2.08174
2.97594 2.04135
2.97601 2.06048
2.97616 2.09954
2.97605 2.07071
2.97607 2.07667
2.97594 2.04073
2.97604 2.06658
2.97615 2.09634
2.97598 2.05072
2.97597 2.0498
2.97596 2.04468
2.97615 2.09575
2.97592 2.03386
2.97592 2.03537
2.97617 2.10227
2.976 2.05556
2.97599 2.05285
2.97615 2.09485
2.97597 2.04751
2.97608 2.0794
2.97601 2.05911
2.97616 2.09908
2.97605 2.06935
2.97611 2.08631
2.97604 2.06757
2.97604 2.067
2.97598 2.05103
2.97602 2.05789
2.97595 2.0421
2.97597 2.04704
2.976 2.05756
2.97601 2.06005
2.97617 2.1011
2.97597 2.0488
2.97601 2.05531
2.97613 2.09169
2.97595 2.04397
2.976 2.05737
2.97615 2.09717
2.97591 2.03398
2.97606 2.07256
2.97612 2.0889
2.97592 2.02707
2.97613 2.09147
2.976 2.05743
2.97618 2.10129
2.97591 2.03116
2.97613 2.09172
2.97615 2.09716
2.97593 2.03846
2.97617 2.10146
2.97604 2.0664
2.97594 2.04105
2.97617 2.10116
2.97618 2.10528
2.97593 2.03841
2.976 2.05646
2.97593 2.03828
2.97601 2.05904
2.97602 2.05883
2.97593 2.03753
2.97609 2.08162
2.97593 2.03854
2.97617 2.10104
2.97618 2.10305
2.97595 2.0414
2.97599 2.05287
2.97604 2.06861
2.97607 2.0751
2.97609 2.07825
2.97599 2.05372
2.97591 2.03267
2.97602 2.06057
