2.97742 1.97388
2.97734 1.94375
2.97727 1.91941
2.97747 1.99361
2.97736 1.95148
2.9775 2.00255
2.9775 2.003
2.97749 2.00191
2.97746 1.99005
2.97744 1.97883
2.97731 1.932
2.97741 1.96953
2.9773 1.93147
2.97742 1.97307
2.97742 1.97609
2.97739 1.96232
2.97738 1.95729
2.97738 1.95924
2.97741 1.96999
2.97743 1.98022
2.97749 2.00146
2.9775 2.00428
2.97736 1.95106
2.97747 1.99304
2.97752 2.01274
2.97748 1.99711
2.97744 1.98277
2.97731 1.93301
2.97737 1.95659
2.9775 2.00465
2.97741 1.9692
2.97742 1.97647
2.97731 1.93225
2.97739 1.96406
2.97749 2.0007
2.97734 1.94455
2.97734 1.94343
2.97732 1.93714
2.97749 1.99999
2.97728 1.92397
2.97729 1.92568
2.97751 2.008
2.97735 1.9505
2.97735 1.94715
2.97749 1.99922
2.97733 1.94057
2.97743 1.97983
2.97737 1.95488
2.9775 2.00408
2.9774 1.96747
2.97746 1.98834
2.97739 1.96532
2.97739 1.96456
2.97734 1.94502
2.97738 1.95467
2.97731 1.93392
2.97733 1.94016
2.97736 1.95294
2.97737 1.95624
2.97751 2.00656
2.97733 1.94222
2.97737 1.95191
2.97747 1.99496
2.97732 1.93625
2.97736 1.95277
2.97749 2.00172
2.97728 1.92393
2.97741 1.97163
2.97747 1.99155
2.97729 1.91799
2.97747 1.99473
2.97736 1.95283
2.97752 2.00801
2.97728 1.92066
2.97747 1.995
2.97749 2.00173
2.9773 1.92949
2.97751 2.00703
2.97739 1.9639
2.97731 1.93276
2.97751 2.00665
2.97752 2.01188
2.9773 1.92941
2.97736 1.95162
2.9773 1.92925
2.97737 1.95505
2.97737 1.95521
2.97729 1.92832
2.97744 1.98269
2.9773 1.92958
2.97751 2.00648
2.97752 2.00929
2.97732 1.93396
2.97735 1.94718
2.9774 1.96657
2.97742 1.97474
2.97744 1.97907
2.97735 1.94823
2.97728 1.9223
2.97737 1.95687
