2.97767 2.05455
2.97759 2.02573
2.97753 2.00241
2.97772 2.07341
2.97761 2.03311
2.97775 2.08197
2.97775 2.0824
2.97774 2.08135
2.97771 2.07001
2.97769 2.05922
2.97756 2.01445
2.97766 2.05039
2.97756 2.01397
2.97767 2.05376
2.97768 2.05666
2.97764 2.04347
2.97763 2.03864
2.97763 2.04053
2.97766 2.05082
2.97769 2.06061
2.97774 2.08093
2.97775 2.08362
2.97761 2.0327
2.97772 2.07286
2.97777 2.09171
2.97773 2.07675
2.97769 2.06304
2.97756 2.01545
2.97762 2.03801
2.97775 2.08397
2.97766 2.05007
2.97768 2.05702
2.97756 2.01472
2.97764 2.04515
2.97774 2.0802
2.97759 2.02648
2.97759 2.02541
2.97757 2.0194
2.97774 2.07952
2.97754 2.00679
2.97754 2.00843
2.97776 2.08719
2.97761 2.03218
2.9776 2.02898
2.97774 2.07876
2.97758 2.02268
2.97769 2.06024
2.97762 2.03637
2.97775 2.08343
2.97765 2.04841
2.97771 2.06838
2.97765 2.04635
2.97765 2.04563
2.97759 2.02693
2.97763 2.03608
2.97756 2.01632
2.97758 2.02228
2.97761 2.03452
2.97762 2.03766
2.97776 2.08581
2.97759 2.02426
2.97762 2.0334
2.97773 2.07471
2.97757 2.01854
2.97761 2.03435
2.97774 2.08117
2.97754 2.00676
2.97767 2.05238
2.97772 2.07145
2.97754 2.00085
2.97773 2.07448
2.97761 2.03441
2.97777 2.08711
2.97753 2.00362
2.97773 2.07475
2.97774 2.08118
2.97755 2.01208
2.97776 2.08626
2.97764 2.045
2.97756 2.0152
2.97776 2.08589
2.97777 2.09089
2.97755 2.012
2.97761 2.03325
2.97755 2.01185
2.97762 2.03651
2.97763 2.03664
2.97755 2.01096
2.97769 2.06297
2.97755 2.01217
2.97776 2.08572
2.97777 2.0884
2.97757 2.0163
2.9776 2.029
2.97765 2.04755
2.97767 2.05535
2.97769 2.05947
2.9776 2.03001
2.97753 2.0052
2.97763 2.03826
