2.9247 2.08147
2.92378 2.02332
2.92309 1.96613
2.9253 2.11753
2.92403 2.03548
2.92557 2.13539
2.92557 2.13928
2.92554 2.13713
2.92518 2.1136
2.92492 2.07854
2.92348 1.99022
2.92456 2.0735
2.92342 1.99702
2.92469 2.07611
2.92476 2.08565
2.92436 2.05654
2.92424 2.03985
2.92426 2.05082
2.92458 2.07369
2.92489 2.0944
2.92553 2.13614
2.92563 2.13715
2.92403 2.03064
2.92529 2.11642
2.92587 2.1581
2.92543 2.1208
2.92497 2.09839
2.92346 2.00191
2.92418 2.04723
2.92563 2.14195
2.92456 2.07165
2.92477 2.08736
2.92344 2.00023
2.9244 2.06271
2.92551 2.13449
2.92381 2.02449
2.92378 2.0219
2.92359 2.00932
2.92549 2.1327
2.9232 1.98068
2.92324 1.98702
2.92573 2.14865
2.92399 2.03614
2.92389 2.02994
2.92549 2.12478
2.92369 2.0172
2.92487 2.09402
2.92412 2.04441
2.92561 2.14105
2.9245 2.06931
2.92513 2.11038
2.92444 2.06447
2.92441 2.06413
2.92383 2.02331
2.92423 2.02915
2.92349 2.00383
2.92369 2.01288
2.92406 2.04126
2.92418 2.04317
2.92568 2.14576
2.92374 2.01891
2.92418 2.02236
2.92533 2.12353
2.92356 2.00786
2.92406 2.03959
2.92554 2.13651
2.92318 1.98441
2.92464 2.07326
2.92523 2.11622
2.92324 1.95581
2.92533 2.1222
2.92406 2.04
2.92583 2.13382
2.9231 1.97381
2.92533 2.12338
2.92554 2.13593
2.92336 1.99423
2.9257 2.14603
2.9244 2.06105
2.92346 1.999
2.92569 2.14582
2.92586 2.15266
2.92335 1.99434
2.92402 2.03817
2.92335 1.99402
2.92415 2.03991
2.92419 2.03471
2.92332 1.99249
2.92497 2.09674
2.92336 1.99466
2.92568 2.1459
2.92579 2.14503
2.92356 1.99122
2.92389 2.02999
2.92447 2.06745
2.92474 2.07976
2.9249 2.08179
2.92392 2.03176
2.92313 1.98155
2.9242 2.04456
