2.93234 1.9775
2.9316 2.01467
2.93105 2.03156
2.93283 1.95077
2.9318 2.00192
2.93305 1.94044
2.93305 1.94343
2.93302 1.94472
2.93273 1.95862
2.93252 1.9534
2.93136 2.01557
2.93223 1.98336
2.93131 2.02685
2.93233 1.97394
2.9324 1.97468
2.93207 1.98872
2.93197 1.98541
2.93199 1.99278
2.93225 1.98201
2.93249 1.97048
2.93301 1.94512
2.93309 1.93635
2.93181 1.99725
2.93282 1.95146
2.93329 1.93144
2.93293 1.94194
2.93256 1.96628
2.93134 2.02716
2.93192 1.99783
2.93309 1.94082
2.93223 1.98237
2.9324 1.97533
2.93132 2.02787
2.9321 1.98985
2.93299 1.94587
2.93162 2.0133
2.9316 2.01418
2.93145 2.02143
2.93298 1.94626
2.93113 2.03385
2.93117 2.03537
2.93317 1.93693
2.93177 2.00611
2.93169 2.01055
2.93298 1.93919
2.93153 2.01864
2.93248 1.97138
2.93188 2.00051
2.93308 1.94175
2.93218 1.98565
2.93269 1.96081
2.93213 1.98755
2.93211 1.98976
2.93164 2.01026
2.93196 1.97738
2.93136 2.02622
2.93153 2.01501
2.93183 2.00358
2.93192 1.99418
2.93314 1.93857
2.93157 2.01491
2.93193 1.97544
2.93285 1.95306
2.93142 2.02284
2.93183 2.00225
2.93302 1.94466
2.93112 2.0384
2.9323 1.97564
2.93277 1.95645
2.93117 2.00717
2.93285 1.95236
2.93183 2.00252
2.93326 1.91417
2.93105 2.03732
2.93285 1.95276
2.93302 1.94396
2.93126 2.0305
2.93315 1.93726
2.9321 1.98848
2.93134 2.02465
2.93314 1.93836
2.93328 1.92802
2.93126 2.0309
2.9318 2.00459
2.93125 2.03107
2.9319 1.99444
2.93193 1.98616
2.93123 2.03253
2.93256 1.9646
2.93126 2.03068
2.93313 1.93903
2.93322 1.92784
2.93143 2.00826
2.93169 2.01052
2.93216 1.98663
2.93237 1.97244
2.93251 1.95816
2.93171 2.00893
2.93108 2.04074
2.93194 1.99365
