2.95409 1.89705
2.95375 1.88611
2.95349 1.87208
2.95431 1.90329
2.95384 1.88769
2.95441 1.90681
2.95441 1.90831
2.9544 1.90789
2.95427 1.90331
2.95417 1.89152
2.95364 1.87644
2.95404 1.89565
2.95362 1.88052
2.95409 1.895
2.95411 1.89781
2.95396 1.89168
2.95392 1.88603
2.95393 1.89067
2.95405 1.89552
2.95416 1.89965
2.9544 1.90768
2.95444 1.90668
2.95384 1.88549
2.95431 1.90308
2.95452 1.91186
2.95436 1.90278
2.95419 1.90017
2.95363 1.88192
2.9539 1.89039
2.95443 1.90869
2.95404 1.89501
2.95412 1.89837
2.95362 1.88155
2.95398 1.89357
2.95439 1.90732
2.95376 1.88624
2.95375 1.88565
2.95368 1.88318
2.95438 1.90689
2.95353 1.87692
2.95355 1.87894
2.95447 1.91001
2.95383 1.88847
2.95379 1.88737
2.95438 1.90348
2.95371 1.88496
2.95415 1.89966
2.95388 1.88998
2.95443 1.90857
2.95402 1.89481
2.95425 1.90273
2.95399 1.89374
2.95398 1.89394
2.95377 1.88549
2.95391 1.88027
2.95364 1.88232
2.95371 1.88324
2.95385 1.88953
2.9539 1.88869
2.95445 1.90943
2.95373 1.88492
2.9539 1.87699
2.95432 1.90529
2.95367 1.88297
2.95385 1.88889
2.9544 1.90772
2.95353 1.87863
2.95407 1.89445
2.95429 1.90374
2.95355 1.86068
2.95432 1.90483
2.95385 1.88904
2.95451 1.90068
2.9535 1.87549
2.95433 1.90521
2.9544 1.90746
2.95359 1.88026
2.95446 1.90933
2.95398 1.89292
2.95363 1.88075
2.95446 1.90942
2.95452 1.90984
2.95359 1.88034
2.95384 1.88882
2.95359 1.88028
2.95388 1.88777
2.9539 1.88451
2.95358 1.88006
2.95419 1.89947
2.95359 1.8804
2.95445 1.90953
2.9545 1.90756
2.95367 1.87508
2.95379 1.88737
2.95401 1.89443
2.9541 1.89582
2.95417 1.89375
2.9538 1.88765
2.95351 1.87816
2.9539 1.88901
