2.96698 2.02092
2.9668 2.05054
2.96667 2.06967
2.96709 2.00073
2.96685 2.04189
2.96715 1.99217
2.96715 1.99288
2.96714 1.99394
2.96707 2.00537
2.96702 2.00873
2.96674 2.05705
2.96695 2.02535
2.96673 2.06166
2.96698 2.02018
2.96699 2.01872
2.96691 2.03129
2.96689 2.03256
2.96689 2.03441
2.96695 2.02466
2.96701 2.01495
2.96714 1.99433
2.96716 1.98979
2.96685 2.04042
2.96709 2.00129
2.9672 1.98332
2.96712 1.99564
2.96703 2.0121
2.96674 2.06086
2.96688 2.0376
2.96716 1.99108
2.96695 2.02523
2.96699 2.0187
2.96674 2.06153
2.96692 2.03065
2.96713 1.99502
2.96681 2.04964
2.9668 2.05058
2.96676 2.0566
2.96713 1.99557
2.96669 2.06826
2.9667 2.0678
2.96717 1.98786
2.96684 2.04383
2.96682 2.04722
2.96713 1.9935
2.96678 2.05368
2.96701 2.01546
2.96687 2.03946
2.96715 1.99172
2.96694 2.0273
2.96706 2.00707
2.96693 2.02918
2.96692 2.03033
2.96681 2.04837
2.96689 2.02945
2.96675 2.06002
2.96678 2.05273
2.96686 2.04158
2.96688 2.03655
2.96717 1.98924
2.96679 2.05152
2.96688 2.02886
2.9671 2.00069
2.96676 2.05757
2.96686 2.04126
2.96714 1.99403
2.96669 2.0698
2.96697 2.02157
2.96708 2.00379
2.9667 2.05521
2.9671 2.00061
2.96686 2.04132
2.96719 1.97813
2.96667 2.0713
2.9671 2.00057
2.96714 1.9938
2.96672 2.064
2.96717 1.98854
2.96692 2.03031
2.96674 2.06018
2.96717 1.98912
2.9672 1.98268
2.96672 2.06418
2.96685 2.04269
2.96672 2.06432
2.96687 2.03729
2.96688 2.0338
2.96671 2.06534
2.96703 2.01159
2.96672 2.064
2.96717 1.98943
2.96719 1.984
2.96676 2.05282
2.96682 2.04719
2.96693 2.02815
2.96698 2.01874
2.96702 2.01091
2.96683 2.04607
2.96668 2.0715
2.96688 2.03603
