2.97125 1.95903
2.97112 1.9274
2.97102 1.90103
2.97134 1.9796
2.97115 1.93533
2.97138 1.98903
2.97138 1.9897
2.97137 1.98855
2.97132 1.97606
2.97128 1.96305
2.97107 1.91421
2.97123 1.95449
2.97106 1.91433
2.97125 1.95791
2.97126 1.96135
2.9712 1.94671
2.97118 1.94082
2.97119 1.9435
2.97123 1.95493
2.97128 1.96573
2.97137 1.98808
2.97139 1.99073
2.97115 1.93457
2.97134 1.979
2.97142 1.99993
2.97136 1.98299
2.97129 1.96834
2.97107 1.91608
2.97117 1.94083
2.97139 1.9914
2.97123 1.95407
2.97126 1.96181
2.97107 1.91527
2.97121 1.94874
2.97137 1.98727
2.97112 1.92821
2.97112 1.92701
2.97109 1.92038
2.97136 1.98649
2.97103 1.90632
2.97104 1.90833
2.9714 1.99494
2.97115 1.93448
2.97113 1.93097
2.97137 1.9852
2.9711 1.92406
2.97128 1.96535
2.97117 1.93906
2.97138 1.99081
2.97122 1.95232
2.97131 1.97428
2.97121 1.95001
2.97121 1.94929
2.97112 1.92857
2.97118 1.93728
2.97107 1.91705
2.9711 1.92339
2.97116 1.93706
2.97117 1.94021
2.97139 1.99342
2.97111 1.9257
2.97117 1.93403
2.97134 1.98125
2.97108 1.91946
2.97116 1.93679
2.97137 1.98834
2.97103 1.90655
2.97124 1.95639
2.97133 1.97763
2.97104 1.89791
2.97134 1.98095
2.97116 1.93688
2.97142 1.99345
2.97102 1.90281
2.97134 1.98128
2.97137 1.98832
2.97105 1.91232
2.9714 1.99387
2.97121 1.94848
2.97107 1.91565
2.97139 1.9935
2.97142 1.99877
2.97105 1.91226
2.97115 1.93564
2.97105 1.91209
2.97117 1.93888
2.97118 1.93852
2.97105 1.91113
2.97129 1.96816
2.97105 1.91244
2.97139 1.99335
2.97141 1.99584
2.97108 1.91592
2.97113 1.931
2.97122 1.95136
2.97126 1.95969
2.97128 1.96365
2.97114 1.93209
2.97102 1.90485
2.97118 1.94088
