2.73459 2.12636
2.72314 2.0118
2.7145 1.84085
2.74219 2.1826
2.72621 2.01223
2.74556 2.22251
2.74559 2.25715
2.74517 2.2524
2.74069 2.1992
2.73743 2.07236
2.71932 1.89048
2.73292 2.11495
2.71859 1.93612
2.73447 2.08847
2.73543 2.13385
2.73032 2.05575
2.72888 1.99494
2.72914 2.04563
2.73312 2.10846
2.73697 2.15893
2.74501 2.24902
2.7463 2.21673
2.72629 1.983
2.74197 2.18029
2.74929 2.29428
2.74373 2.17266
2.73798 2.15777
2.71909 1.9625
2.72806 2.05031
2.74623 2.25686
2.73285 2.09968
2.73553 2.14731
2.7188 1.95713
2.73085 2.09132
2.74473 2.24386
2.72345 2.01036
2.72305 2.00087
2.72068 1.97182
2.74448 2.23592
2.71583 1.89111
2.71633 1.92592
2.7475 2.27238
2.72571 2.03473
2.72443 2.02547
2.74454 2.18053
2.72193 2.00017
2.7368 2.16232
2.72739 2.04931
2.74601 2.25721
2.73214 2.10446
2.74004 2.19366
2.73135 2.08833
2.73102 2.0992
2.72373 1.98982
2.72868 1.9688
2.71942 1.96796
2.72194 1.96191
2.72662 2.0493
2.7281 2.01913
2.74696 2.26546
2.72262 1.98892
2.72813 1.95617
2.74254 2.22357
2.72033 1.9714
2.72662 2.03284
2.74511 2.24833
2.71563 1.9284
2.73393 2.08235
2.74128 2.20144
2.71637 1.82107
2.74249 2.21175
2.72663 2.03629
2.74881 2.18816
2.7146 1.87454
2.74257 2.22077
2.74514 2.24098
2.71778 1.93892
2.74717 2.25966
2.73085 2.07539
2.7191 1.9365
2.74699 2.26459
2.74915 2.25287
2.71774 1.94149
2.72614 2.03749
2.71768 1.9407
2.7277 2.00803
2.7282 1.98248
2.71732 1.94026
2.73802 2.14257
2.71781 1.94203
2.74691 2.26902
2.74832 2.22503
2.72037 1.8894
2.72444 2.02554
2.73181 2.09956
2.73508 2.09822
2.73719 2.08191
2.72485 2.02627
2.715 1.92594
2.72832 2.02293
