2.97244 2.06637
2.97232 2.08588
2.97222 2.09827
2.97252 2.05305
2.97235 2.08015
2.97256 2.04742
2.97256 2.04793
2.97255 2.04862
2.9725 2.05614
2.97247 2.05796
2.97228 2.08995
2.97242 2.0693
2.97227 2.09317
2.97244 2.06583
2.97245 2.06492
2.97239 2.07317
2.97238 2.07384
2.97238 2.07522
2.97242 2.06883
2.97246 2.06245
2.97255 2.04888
2.97256 2.04583
2.97235 2.0791
2.97252 2.05342
2.9726 2.04163
2.97254 2.04963
2.97247 2.06056
2.97227 2.09267
2.97237 2.07735
2.97256 2.04673
2.97242 2.0692
2.97245 2.06492
2.97227 2.09311
2.9724 2.07278
2.97255 2.04933
2.97232 2.08528
2.97232 2.08589
2.97229 2.08985
2.97254 2.04968
2.97224 2.0975
2.97224 2.09723
2.97258 2.04462
2.97234 2.08146
2.97233 2.0837
2.97254 2.04822
2.9723 2.08795
2.97246 2.06279
2.97236 2.07858
2.97256 2.04715
2.97241 2.07058
2.9725 2.05726
2.9724 2.07181
2.9724 2.07257
2.97232 2.08442
2.97238 2.07136
2.97228 2.09212
2.9723 2.08728
2.97235 2.07998
2.97237 2.07661
2.97257 2.04552
2.97231 2.08651
2.97237 2.07065
2.97252 2.05307
2.97229 2.0905
2.97235 2.07976
2.97255 2.04868
2.97224 2.09855
2.97243 2.06675
2.97251 2.0551
2.97224 2.08714
2.97252 2.053
2.97235 2.0798
2.97259 2.03764
2.97223 2.09949
2.97252 2.05299
2.97255 2.04852
2.97226 2.09473
2.97257 2.04506
2.9724 2.07254
2.97227 2.09219
2.97257 2.04544
2.97259 2.04116
2.97226 2.09485
2.97235 2.0807
2.97226 2.09494
2.97237 2.07708
2.97237 2.07461
2.97225 2.09561
2.97248 2.06021
2.97226 2.09473
2.97257 2.04565
2.97259 2.04198
2.97229 2.08701
2.97233 2.08368
2.97241 2.07113
2.97244 2.06489
2.97247 2.05956
2.97233 2.08294
2.97223 2.09968
2.97237 2.07627
