2.97281 1.97876
2.97269 2.00587
2.97261 2.02406
2.97289 1.9604
2.97273 1.99811
2.97293 1.95253
2.97293 1.953
2.97292 1.95397
2.97288 1.96447
2.97284 1.96854
2.97266 2.01254
2.9728 1.98279
2.97265 2.01619
2.97281 1.97831
2.97282 1.97675
2.97277 1.9884
2.97275 1.99007
2.97276 1.99124
2.9728 1.98219
2.97284 1.97325
2.97292 1.95434
2.97293 1.95045
2.97273 1.99703
2.97289 1.96091
2.97297 1.94425
2.97291 1.95597
2.97285 1.9707
2.97265 2.01535
2.97275 1.99407
2.97293 1.95138
2.9728 1.98275
2.97282 1.97667
2.97265 2.01598
2.97277 1.98765
2.97292 1.95498
2.9727 2.00506
2.97269 2.00594
2.97267 2.01148
2.97292 1.9555
2.97262 2.02235
2.97262 2.02175
2.97295 1.94842
2.97272 1.99974
2.97271 2.00283
2.97292 1.95403
2.97268 2.00874
2.97284 1.9737
2.97274 1.99575
2.97293 1.95195
2.97279 1.98458
2.97287 1.96602
2.97278 1.98634
2.97278 1.98733
2.9727 2.00403
2.97275 1.98778
2.97266 2.01457
2.97268 2.00808
2.97273 1.99765
2.97275 1.99333
2.97294 1.94968
2.97269 2.00684
2.97275 1.98746
2.9729 1.96016
2.97267 2.01236
2.97273 1.99744
2.97292 1.95407
2.97262 2.02353
2.97281 1.97959
2.97288 1.96304
2.97262 2.01179
2.9729 1.96014
2.97273 1.99747
2.97296 1.94068
2.97261 2.02517
2.9729 1.96007
2.97292 1.9539
2.97264 2.01828
2.97294 1.94909
2.97277 1.98741
2.97265 2.01488
2.97294 1.94958
2.97296 1.94389
2.97264 2.01842
2.97273 1.9987
2.97264 2.01856
2.97274 1.99406
2.97275 1.9913
2.97263 2.01947
2.97285 1.97032
2.97264 2.01826
2.97294 1.94985
2.97296 1.94527
2.97267 2.00892
2.97271 2.0028
2.97278 1.98536
2.97282 1.97696
2.97284 1.97027
2.97271 2.00179
2.97261 2.02507
2.97275 1.99283
