2.97971 1.99084
2.97964 2.01576
2.97959 2.03325
2.97975 1.9741
2.97966 2.00881
2.97977 1.96683
2.97977 1.96707
2.97977 1.96797
2.97974 1.97765
2.97973 1.98256
2.97962 2.02269
2.9797 1.99452
2.97962 2.02541
2.97971 1.99069
2.97971 1.989
2.97968 1.99988
2.97968 2.00198
2.97968 2.00247
2.9797 1.99402
2.97972 1.98574
2.97977 1.96831
2.97978 1.96503
2.97966 2.00812
2.97975 1.97457
2.97979 1.95902
2.97976 1.9703
2.97973 1.98345
2.97962 2.02452
2.97967 2.00497
2.97978 1.96561
2.9797 1.99456
2.97971 1.98888
2.97962 2.02511
2.97969 1.99901
2.97977 1.96891
2.97964 2.01504
2.97964 2.01588
2.97963 2.021
2.97977 1.96942
2.9796 2.0312
2.9796 2.03045
2.97978 1.96288
2.97966 2.01014
2.97965 2.01296
2.97977 1.96852
2.97964 2.01841
2.97972 1.98613
2.97967 2.00649
2.97977 1.96612
2.9797 1.99619
2.97974 1.97908
2.97969 1.99784
2.97969 1.99868
2.97965 2.01422
2.97968 2.00063
2.97962 2.0238
2.97964 2.01802
2.97966 2.0082
2.97967 2.00452
2.97978 1.96405
2.97964 2.01675
2.97967 2.00068
2.97975 1.97367
2.97963 2.02179
2.97966 2.00809
2.97977 1.96807
2.9796 2.03204
2.97971 1.99186
2.97975 1.97636
2.9796 2.02355
2.97975 1.9737
2.97966 2.0081
2.97979 1.95719
2.97959 2.03383
2.97976 1.9736
2.97977 1.96795
2.97961 2.02727
2.97978 1.96354
2.97969 1.99887
2.97962 2.02424
2.97978 1.96396
2.97979 1.95894
2.97961 2.02738
2.97966 2.00919
2.97961 2.02751
2.97967 2.00526
2.97967 2.00323
2.97961 2.02833
2.97973 1.9832
2.97961 2.02724
2.97978 1.96418
2.97979 1.96041
2.97963 2.01969
2.97965 2.01294
2.97969 1.99691
2.97971 1.98942
2.97972 1.98381
2.97965 2.01203
2.9796 2.03344
2.97967 2.00405
