0.9741 1.3786
1.6536 1.7683
0.8671 1.1986
0.9379 1.3619
0.944 1.3391
0.9627 1.2972
1.6567 1.7795
0.8301 1.2797
1.7462 1.7731
0.9452 1.2989
0.7642 1.2281
0.9218 1.2816
0.9405 1.3503
1.4817 1.6749
1.7264 1.791
1.4557 1.646
1.4214 1.6653
1.7474 1.7865
1.4913 1.6986
1.4876 1.6722
1.4434 1.6765
1.4813 1.6884
1.4739 1.671
1.4802 1.6918
1.4793 1.6952
1.7367 1.7658
1.6445 1.755
1.6623 1.7809
1.7962 1.7662
1.6604 1.7651
1.7445 1.7772
1.7421 1.7776
1.6383 1.7789
1.6575 1.7687
1.6273 1.7772
1.7911 1.7417
1.7975 1.756
1.6573 1.7773
1.6563 1.7816
1.7437 1.7883
1.733 1.7901
1.7443 1.7847
1.744 1.7867
1.7982 1.7692
1.7886 1.7659
1.7963 1.7591
1.7842 1.7638
1.7947 1.7583
1.796 1.7678
1.7958 1.7692
