2.8268 1.85367
2.82194 1.86362
2.81827 1.82368
2.83002 1.83667
2.82324 1.8459
2.83145 1.83689
2.83146 1.85371
2.83129 1.85379
2.82938 1.85385
2.828 1.79976
2.82032 1.81951
2.82609 1.85761
2.82001 1.85301
2.82675 1.83438
2.82715 1.85247
2.82498 1.84335
2.82437 1.81554
2.82448 1.84537
2.82617 1.85344
2.8278 1.85569
2.83122 1.85315
2.83176 1.82875
2.82327 1.82793
2.82993 1.83679
2.83303 1.85059
2.83067 1.82
2.82823 1.84948
2.82022 1.86311
2.82402 1.85428
2.83174 1.85007
2.82606 1.85073
2.8272 1.85816
2.8201 1.86216
2.82521 1.85805
2.8311 1.85233
2.82207 1.86124
2.8219 1.85904
2.82089 1.85856
2.83099 1.85005
2.81884 1.84604
2.81905 1.86126
2.83227 1.85029
2.82303 1.8601
2.82248 1.86286
2.83102 1.81902
2.82142 1.86489
2.82773 1.8581
2.82374 1.85763
2.83164 1.85147
2.82576 1.85701
2.82911 1.85485
2.82542 1.85381
2.82528 1.86072
2.82219 1.84943
2.82429 1.79663
2.82036 1.86377
2.82143 1.84572
2.82342 1.86182
2.82404 1.83729
2.83204 1.85007
2.82172 1.85569
2.82406 1.79099
2.83017 1.85491
2.82074 1.86037
2.82341 1.85407
2.83126 1.85228
2.81875 1.86631
2.82652 1.83451
2.82963 1.85167
2.81907 1.78935
2.83015 1.84975
2.82342 1.85571
2.83283 1.78819
2.81832 1.84476
2.83018 1.85352
2.83127 1.84869
2.81967 1.85921
2.83213 1.84618
2.82521 1.85038
2.82023 1.84999
2.83206 1.84947
2.83297 1.83046
2.81965 1.8607
2.82321 1.85901
2.81962 1.86065
2.82387 1.83341
2.82408 1.81211
2.81947 1.86251
2.82825 1.84144
2.81968 1.86059
2.83202 1.85195
2.83262 1.81952
2.82076 1.8094
2.82249 1.86284
2.82561 1.8566
2.827 1.83592
2.8279 1.80929
2.82266 1.86095
2.81848 1.86861
2.82414 1.83798
