2.2763 1.9553
2.3275 1.9778
2.3252 1.9764
2.3281 1.9805
1.9385 1.9773
2.2174 1.9929
2.3271 1.9785
2.3279 1.972
2.3262 1.979
2.3227 1.9703
1.9746 1.9729
2.327 1.9798
2.3256 1.9707
2.2771 1.956
2.3258 1.9754
2.1552 1.9935
2.3271 1.9745
1.9386 1.971
1.9195 1.974
1.9316 1.9167
1.9757 1.9784
2.3293 1.9802
2.1461 1.9996
2.2832 1.9591
2.262 1.9522
2.1585 1.997
2.3283 1.9724
1.9867 1.9657
2.3146 1.9667
1.923 1.9334
2.3298 1.9748
1.9716 1.9682
2.3285 1.9755
2.3252 1.9768
2.3191 1.9682
2.3273 1.9706
2.2834 1.9659
2.3285 1.979
2.3267 1.9742
2.2765 1.9564
2.3291 1.9719
2.2993 1.9812
1.9658 1.9609
2.2119 1.9976
2.3242 1.9696
2.1438 1.9854
2.3261 1.981
2.1398 2.0004
2.3132 1.9753
2.2087 1.9992
2.3277 1.9795
2.1462 1.9982
2.1582 1.9958
2.3237 1.9803
2.3044 1.9613
2.274 1.9478
2.3293 1.9771
2.3162 1.9742
2.1622 1.9929
2.3258 1.9739
2.3067 1.9649
2.141 1.9911
2.2765 1.9559
2.3288 1.9707
2.325 1.9822
2.3221 1.9719
2.2844 1.9673
2.1571 1.9949
2.3294 1.9725
2.3213 1.9823
2.2834 1.9662
2.2107 1.9892
2.3228 1.9729
2.2615 1.9574
2.3239 1.9748
2.2471 1.9784
2.2093 1.9938
2.2119 1.9969
2.3285 1.9739
2.2899 1.9816
2.2179 1.9932
2.3069 1.9661
2.2199 1.9908
2.3267 1.9731
2.2181 1.9938
2.2438 1.9829
2.3272 1.9739
2.3239 1.9741
2.3104 1.9847
2.2748 1.9536
2.3203 1.9741
2.3284 1.9704
2.2486 1.9763
2.3287 1.9781
2.3231 1.979
2.2995 1.981
2.2164 1.9925
2.3292 1.9764
2.2431 1.9748
2.2419 1.9846
2.3268 1.9785
2.2625 1.9615
2.3239 1.9752
2.3191 1.9693
2.2438 1.9823
2.3091 1.9782
2.3053 1.9633
2.2988 1.9831
2.2422 1.9797
2.3271 1.9744
2.2474 1.9786
2.2748 1.9532
2.3283 1.9724
2.3287 1.974
2.322 1.9726
2.3298 1.979
2.2475 1.9791
2.3275 1.9779
2.2465 1.9782
2.3292 1.9764
2.3231 1.9792
2.3286 1.9805
2.2625 1.9621
2.2612 1.9624
2.3185 1.9783
2.2649 1.9604
2.3268 1.9793
2.327 1.9798
2.3298 1.9784
2.3244 1.9701
2.3237 1.9796
2.2657 1.9591
2.3185 1.978
2.3153 1.9638
2.2988 1.9832
2.265 1.9609
2.2647 1.96
2.2643 1.9593
2.329 1.9798
2.3297 1.9722
2.3261 1.9824
2.3135 1.974
2.3217 1.9782
2.3178 1.9839
2.2744 1.9435
2.3256 1.969
2.2847 1.969
2.2739 1.9519
2.2761 1.9541
2.3239 1.9749
2.3154 1.9662
2.2827 1.9646
2.2847 1.9687
2.2851 1.9691
2.3263 1.9776
2.3295 1.9753
2.2829 1.962
2.3251 1.9811
2.2846 1.9682
2.3285 1.9795
2.3255 1.9708
2.2899 1.9817
2.3268 1.9792
2.3073 1.968
2.2897 1.9775
2.3296 1.9808
2.3047 1.962
2.2894 1.9814
2.2909 1.9821
2.3051 1.9629
2.2912 1.9819
2.3027 1.9693
2.2909 1.9823
2.3276 1.9814
2.3294 1.9724
2.3295 1.9796
2.2895 1.9798
2.2908 1.9819
2.3297 1.9737
2.2906 1.9815
2.3208 1.9808
2.3185 1.9787
2.2948 1.9879
2.2947 1.985
2.2944 1.9886
2.3282 1.9778
2.3186 1.977
2.2948 1.9878
2.2956 1.9864
2.3187 1.9767
2.2959 1.9857
2.3287 1.9739
2.3234 1.9823
2.2957 1.9865
2.3087 1.9771
2.3197 1.9658
2.2945 1.9872
2.3286 1.9807
2.3227 1.9698
2.2956 1.9864
2.3239 1.974
2.3132 1.9736
2.2954 1.9864
2.3283 1.9767
2.3289 1.9785
2.3173 1.9826
2.3253 1.9761
2.2987 1.9805
2.3292 1.9767
2.2985 1.9843
2.3237 1.98
2.3202 1.9727
2.2997 1.9801
2.322 1.9723
2.2995 1.9811
2.3134 1.9742
2.3293 1.977
2.2985 1.9829
2.3298 1.9787
2.3299 1.9716
2.2994 1.9811
2.3286 1.9807
2.3248 1.9813
2.302 1.9712
2.327 1.9789
2.3247 1.9773
2.3291 1.9753
2.3146 1.9668
2.3019 1.9679
2.3017 1.9717
2.3294 1.9725
2.3193 1.9694
2.302 1.971
2.3052 1.9633
2.3292 1.9803
2.3025 1.9699
2.3217 1.9789
2.3279 1.9719
2.3026 1.9699
2.3018 1.9704
2.3291 1.9748
2.3246 1.976
2.3165 1.9762
2.3025 1.9699
2.3297 1.9716
2.3297 1.9712
2.3024 1.9698
2.3046 1.958
2.3275 1.9774
2.3287 1.9736
2.3047 1.9619
2.3051 1.9631
2.3294 1.9724
2.3223 1.9665
2.3045 1.9601
2.3287 1.978
2.3289 1.981
2.3221 1.9719
2.3285 1.9744
2.3247 1.9775
2.3296 1.9736
2.305 1.9625
2.3287 1.9788
2.3297 1.9741
2.3069 1.9662
2.3068 1.9625
2.3073 1.9683
2.3254 1.9707
2.3075 1.9689
2.3073 1.9685
2.3122 1.9822
2.3068 1.9641
2.322 1.9723
2.3072 1.9675
2.3264 1.9725
2.3088 1.9777
2.3298 1.9793
2.3228 1.9725
2.3088 1.9751
2.329 1.9806
2.3089 1.9776
2.3092 1.9786
2.3297 1.9724
2.3093 1.9788
2.329 1.9801
2.3092 1.9787
2.3251 1.9805
2.3105 1.9849
2.3087 1.9765
2.3293 1.9803
2.3092 1.9785
2.3105 1.985
2.3278 1.976
2.3104 1.9832
2.3244 1.9694
2.3103 1.9853
2.329 1.9787
2.3108 1.9843
2.3224 1.9677
2.318 1.9822
2.3109 1.984
2.3249 1.9816
2.3108 1.9843
2.318 1.9827
2.3154 1.9662
2.3263 1.9772
2.3298 1.979
2.3191 1.9696
2.3108 1.9843
2.3258 1.9759
2.3171 1.9827
2.3146 1.9667
2.3132 1.9754
2.3107 1.9843
2.312 1.9838
2.3252 1.9773
2.3234 1.9823
2.322 1.9714
2.3193 1.9695
2.3119 1.9823
2.3298 1.975
2.3246 1.9765
2.3292 1.9731
2.3118 1.9846
2.312 1.9838
2.3278 1.9753
2.3122 1.9822
2.3275 1.9771
2.3291 1.9755
2.3244 1.9693
2.322 1.9724
2.3273 1.971
2.3291 1.9713
2.3123 1.9815
2.3292 1.9763
2.3259 1.9805
2.3119 1.9839
2.3122 1.9823
2.3288 1.9744
2.3122 1.9824
2.3131 1.976
2.3295 1.9796
2.3259 1.9805
2.3135 1.974
2.3266 1.9703
2.3291 1.972
2.3135 1.9735
2.3212 1.9829
2.3269 1.9814
2.3131 1.9753
2.3251 1.9809
2.3134 1.9741
2.3293 1.9795
2.3144 1.9663
2.3143 1.964
2.3246 1.976
2.3212 1.9829
2.3142 1.9661
2.3144 1.9663
2.329 1.9807
2.3143 1.9655
2.3239 1.9748
2.3145 1.9666
2.3145 1.9665
2.3173 1.9824
2.3288 1.9731
2.3153 1.9653
2.326 1.9805
2.3248 1.9818
2.3156 1.968
2.3216 1.9799
2.3289 1.9812
2.3255 1.9708
2.3156 1.9685
2.3156 1.9681
2.3198 1.968
2.3153 1.9649
2.3207 1.9795
2.3155 1.9678
2.3155 1.9675
2.3198 1.9682
2.318 1.9828
2.3163 1.9749
2.3163 1.973
2.3258 1.9755
2.3247 1.977
2.3163 1.9748
2.3251 1.981
2.3165 1.9761
2.3165 1.9764
2.3267 1.9742
2.3237 1.98
2.3162 1.9739
2.3288 1.9727
2.3297 1.9722
2.317 1.9824
2.3164 1.9759
2.3295 1.975
2.3164 1.9757
2.3267 1.9739
2.3263 1.9776
2.3258 1.9747
2.3171 1.9814
2.3249 1.9816
2.317 1.9828
2.3294 1.9713
2.3171 1.9827
2.3173 1.9825
2.3297 1.9721
2.3172 1.9825
2.3298 1.9803
2.3172 1.9825
2.3178 1.9829
2.3233 1.9829
2.3178 1.9845
2.3283 1.9724
2.3295 1.9796
2.3178 1.9839
2.318 1.9827
2.3299 1.9724
2.3178 1.9841
2.326 1.9805
2.3179 1.9829
2.3253 1.9759
2.3185 1.9781
2.3185 1.977
2.3264 1.9723
2.3296 1.9734
2.3234 1.9821
2.3187 1.9762
2.3211 1.984
2.3187 1.9767
2.3266 1.9705
2.3191 1.9695
2.3186 1.9768
2.3191 1.9696
2.3197 1.966
2.3283 1.9725
2.3292 1.9731
2.3193 1.9694
2.3296 1.977
2.3236 1.9818
2.3197 1.9668
2.3193 1.9694
2.3292 1.9805
2.3297 1.972
2.3192 1.9694
2.3282 1.9812
2.324 1.9737
2.3197 1.965
2.3197 1.9667
2.3265 1.9692
2.3213 1.9827
2.3198 1.9681
2.3199 1.9685
2.3283 1.9724
2.3239 1.9742
2.3227 1.9703
2.3198 1.9677
2.3202 1.9727
2.3202 1.9712
2.3202 1.972
2.3204 1.9745
2.3203 1.9741
2.3202 1.9718
2.3203 1.9739
2.3203 1.9737
2.3207 1.9806
2.3276 1.9807
2.3207 1.9805
2.3207 1.9806
2.3209 1.9808
2.3269 1.9819
2.3298 1.9787
2.3208 1.9808
2.3207 1.9803
2.3208 1.9807
2.3208 1.9807
2.3212 1.9836
2.3212 1.9836
2.3213 1.9827
2.3211 1.9838
2.3213 1.9827
2.3216 1.9793
2.3231 1.9789
2.3216 1.9806
2.3216 1.9799
2.3217 1.9787
2.3217 1.9787
2.3256 1.9696
2.325 1.9819
2.3216 1.9803
2.3271 1.9743
2.3256 1.9707
2.3217 1.9788
2.3279 1.9706
2.3252 1.9768
2.3281 1.9804
2.329 1.979
2.3221 1.9717
2.3223 1.9671
2.3221 1.9719
2.3221 1.9719
2.3267 1.9741
2.3224 1.9677
2.3298 1.9783
2.3223 1.9672
2.3224 1.9686
2.3293 1.9804
2.3225 1.9689
2.3224 1.9687
2.3268 1.9788
2.3289 1.9783
2.3233 1.9823
2.3224 1.9685
2.3224 1.9684
2.3227 1.9711
2.3277 1.98
2.3227 1.9711
2.3279 1.9715
2.3228 1.9725
2.3234 1.9823
2.3228 1.9723
2.3296 1.9801
2.3244 1.9713
2.3228 1.9721
2.323 1.9785
2.3299 1.9716
2.323 1.9776
2.3278 1.9714
2.3285 1.9792
2.3264 1.972
2.3293 1.9803
2.323 1.9782
2.323 1.9785
2.3269 1.9822
2.3298 1.9749
2.3231 1.979
2.3231 1.979
2.3276 1.981
2.3298 1.9748
2.323 1.9781
2.3233 1.9829
2.3297 1.9738
2.3256 1.9704
2.3233 1.9832
2.3289 1.9784
2.3233 1.983
2.3298 1.9787
2.3234 1.9824
2.3236 1.9812
2.3296 1.9783
2.3236 1.9807
2.328 1.9764
2.3297 1.9713
2.3268 1.979
2.3273 1.9708
2.3236 1.9812
2.328 1.9754
2.3288 1.9716
2.3236 1.9815
2.3254 1.9707
2.3237 1.9801
2.3249 1.9815
2.3272 1.9699
2.3239 1.974
2.3239 1.9741
2.3241 1.9691
2.3292 1.9772
2.3241 1.9681
2.3261 1.9813
2.3241 1.9688
2.3241 1.9691
2.3242 1.9696
2.3242 1.9697
2.3294 1.9725
2.3241 1.9687
2.3255 1.9708
2.3242 1.9695
2.3295 1.976
2.3242 1.9694
2.3244 1.9701
2.3244 1.969
2.3283 1.9768
2.3244 1.9718
2.3244 1.9714
2.3244 1.9712
2.3244 1.971
2.3282 1.9775
2.3285 1.9792
2.3298 1.9787
2.3259 1.98
2.3246 1.9765
2.3296 1.9803
2.3254 1.97
2.3246 1.9756
2.3266 1.9725
2.3247 1.9773
2.3286 1.9815
2.3247 1.9772
2.3248 1.9819
2.3248 1.9818
2.3249 1.9814
2.3298 1.9783
2.3248 1.9818
2.325 1.9815
2.325 1.9824
2.3288 1.9741
2.326 1.9805
2.325 1.9819
2.3268 1.9788
2.3251 1.9809
2.3253 1.9759
2.3253 1.9756
2.3288 1.9706
2.3252 1.9771
2.3297 1.9749
2.3253 1.976
2.3273 1.9708
2.3254 1.9706
2.3254 1.9707
2.3254 1.9705
2.3288 1.974
2.3255 1.9708
2.3269 1.9811
2.3256 1.9687
2.3256 1.969
2.3282 1.9802
2.3256 1.9696
2.3264 1.9725
2.3257 1.971
2.3256 1.9706
2.3287 1.9788
2.3298 1.9807
2.3258 1.9747
2.3258 1.9741
2.3258 1.9756
2.3258 1.9757
2.3259 1.9805
2.3283 1.9765
2.3292 1.9804
2.326 1.9805
2.3259 1.9804
2.3265 1.9696
2.326 1.9805
2.3261 1.9821
2.3261 1.9818
2.3261 1.9825
2.3261 1.9821
2.3293 1.9808
2.3261 1.9813
2.3261 1.9814
2.3261 1.9815
2.3263 1.9775
2.3263 1.9785
2.3297 1.9712
2.3262 1.9782
2.3263 1.9785
2.3276 1.9809
2.3262 1.9789
2.3263 1.9778
2.3274 1.9714
2.3264 1.9726
2.3268 1.979
2.3264 1.9722
2.3295 1.9796
2.3264 1.9725
2.3264 1.9722
2.3297 1.9748
2.3264 1.9723
2.3265 1.9696
2.3265 1.9689
2.3266 1.9708
2.3266 1.9705
2.3277 1.9798
2.3265 1.9692
2.3266 1.9704
2.3296 1.9774
2.3296 1.9734
2.3267 1.9731
2.3299 1.9716
2.3266 1.9724
2.3267 1.9745
2.3288 1.9741
2.3266 1.9725
2.3268 1.9793
2.3268 1.9794
2.3268 1.9793
2.3269 1.9819
2.3274 1.9727
2.3269 1.9816
2.3287 1.9777
2.3269 1.9813
2.3288 1.9715
2.3269 1.9813
2.3269 1.9821
2.3269 1.9815
2.327 1.9796
2.327 1.9803
2.327 1.9788
2.327 1.9802
2.327 1.9789
2.3293 1.9768
2.327 1.9791
2.3271 1.9743
2.3271 1.9739
2.3284 1.9708
2.3272 1.9738
2.3272 1.9736
2.3272 1.9738
2.3272 1.9738
2.3272 1.9702
2.3272 1.9697
2.3272 1.9699
2.3273 1.9707
2.3274 1.9719
2.3287 1.9735
2.3274 1.9713
2.3274 1.9713
2.3274 1.973
2.3274 1.9733
2.3274 1.973
2.3274 1.9729
2.3275 1.9769
2.3282 1.9804
2.3275 1.9774
2.3275 1.9781
2.3275 1.978
2.3277 1.9798
2.3275 1.9771
2.3286 1.9808
2.3275 1.9779
2.3276 1.9811
2.3276 1.9815
2.3295 1.9749
2.3276 1.9814
2.3277 1.9762
2.3276 1.981
2.3294 1.9722
2.3276 1.981
2.3276 1.9814
2.3278 1.9707
2.3276 1.981
2.3276 1.9811
2.3276 1.9805
2.3287 1.978
2.3296 1.9736
2.3276 1.9812
2.328 1.9765
2.3276 1.9807
2.3277 1.9799
2.3278 1.976
2.3277 1.9758
2.3277 1.9764
2.3278 1.9753
2.3298 1.9803
2.3278 1.9751
2.3278 1.9754
2.3278 1.9755
2.3278 1.9712
2.3298 1.9801
2.3278 1.9711
2.3291 1.9712
2.3279 1.9714
2.3291 1.9756
2.3279 1.9714
2.3289 1.9812
2.3298 1.9804
2.3278 1.971
2.3279 1.9714
2.3282 1.9775
2.3293 1.9797
2.3279 1.9711
2.3299 1.9721
2.3279 1.9706
2.3297 1.9741
2.3279 1.9721
2.3295 1.9763
2.3298 1.9785
2.3279 1.9724
2.3279 1.9721
2.3293 1.9799
2.3279 1.9706
2.328 1.9758
2.329 1.9792
2.328 1.9753
2.328 1.9754
2.3283 1.9724
2.3294 1.9761
2.328 1.9765
2.328 1.9768
2.328 1.9766
2.3281 1.9805
2.3281 1.9802
2.3281 1.9805
2.3298 1.981
2.3281 1.9805
2.3291 1.9749
2.3281 1.9803
2.3281 1.9804
2.3281 1.9804
2.3281 1.9811
2.3292 1.9718
2.3298 1.9783
2.3281 1.9816
2.3282 1.9812
2.3282 1.9804
2.3281 1.9815
2.3282 1.9805
2.3282 1.9806
2.3282 1.9774
2.3282 1.9779
2.3283 1.9767
2.3293 1.9798
2.3283 1.9769
2.3283 1.9721
2.3283 1.9724
2.3287 1.9782
2.3283 1.9724
2.3284 1.9703
2.3296 1.9784
2.3284 1.9704
2.3295 1.976
2.3284 1.9716
2.3293 1.9768
2.3284 1.9719
2.3286 1.9807
2.3284 1.9717
2.3287 1.9787
2.3284 1.9716
2.3284 1.9714
2.3285 1.9739
2.3299 1.9745
2.3285 1.9752
2.3285 1.9753
2.3296 1.9775
2.3285 1.9739
2.3295 1.9796
2.3285 1.9751
2.3285 1.975
2.3285 1.9793
2.3285 1.9795
2.3285 1.9795
2.3285 1.9795
2.3285 1.9794
2.3286 1.9813
2.3286 1.9812
2.3286 1.9816
2.3286 1.9813
2.3287 1.9793
2.3287 1.9791
2.3287 1.9736
2.3294 1.9725
2.3287 1.974
2.3287 1.9736
2.3294 1.9713
2.3287 1.9739
2.3287 1.9736
2.3287 1.9736
2.3288 1.971
2.3288 1.9706
2.3299 1.9745
2.3288 1.9718
2.3288 1.9716
2.3288 1.9714
2.3298 1.979
2.3288 1.9727
2.3288 1.9727
2.3288 1.9738
2.3289 1.978
2.3289 1.9777
2.3289 1.9778
2.3289 1.9784
2.3298 1.9747
2.3289 1.9778
2.3289 1.9784
2.3289 1.981
2.3289 1.9809
2.329 1.9805
2.329 1.9806
2.329 1.9807
2.329 1.9797
2.329 1.9802
2.329 1.9798
2.329 1.979
2.329 1.9791
2.3291 1.9753
2.3291 1.9752
2.3291 1.9747
2.3291 1.9748
2.3291 1.9715
2.3291 1.975
2.3291 1.9719
2.3291 1.9718
2.3291 1.9718
2.3292 1.9722
2.3292 1.9718
2.3292 1.9734
2.3292 1.9718
2.3292 1.973
2.3292 1.9729
2.3292 1.9772
2.3292 1.9774
2.3292 1.9772
2.3292 1.9771
2.3292 1.9805
2.3293 1.9802
2.3293 1.9802
2.3299 1.9718
2.3293 1.9805
2.3293 1.9805
2.3293 1.9797
2.3293 1.9807
2.3293 1.9767
2.3294 1.9759
2.3294 1.9761
2.3294 1.9762
2.3294 1.9763
2.3294 1.9724
2.3294 1.9724
2.3294 1.9725
2.3294 1.9725
2.3294 1.9717
2.3294 1.9713
2.3294 1.9727
2.3296 1.9773
2.3298 1.9809
2.3294 1.9725
2.3294 1.9723
2.3295 1.976
2.3295 1.975
2.3295 1.9758
2.3295 1.9796
2.3295 1.9794
2.3295 1.9795
2.3296 1.9808
2.3298 1.9785
2.3296 1.9807
2.3296 1.9811
2.3296 1.9801
2.3296 1.9799
2.3296 1.981
2.3296 1.9802
2.3296 1.978
2.3296 1.978
2.3296 1.978
2.3296 1.9773
2.3296 1.9736
2.3296 1.9734
2.3296 1.9734
2.3296 1.9734
2.3297 1.9737
2.3297 1.9752
2.3297 1.9749
2.3297 1.9747
2.3298 1.9784
2.3298 1.9788
2.3298 1.9807
2.3298 1.9806
2.3298 1.9803
2.3298 1.9794
2.3298 1.9781
2.3298 1.9785
2.3299 1.9723
2.3299 1.9743
2.3299 1.9745
2.3299 1.9745
2.3299 1.9723
2.3299 1.9722
