2.47513 1.76764
2.46654 1.78206
2.29912 2.08641
2.33145 2.03342
2.32124 2.04759
2.4868 1.74846
2.40641 1.91042
2.30257 2.08088
2.30392 2.05675
2.49066 1.74203
2.29261 2.08285
2.47082 1.76752
2.47803 1.77184
2.46587 1.78357
2.45715 1.80884
2.49011 1.74679
2.45491 1.81501
2.48779 1.75199
2.32061 2.05373
2.30162 2.05791
2.47059 1.7707
2.45426 1.81538
2.32152 2.05064
2.40309 1.91417
2.40526 1.91268
2.29362 2.10331
2.49101 1.74044
2.41603 1.89154
2.47612 1.77026
2.41263 1.89754
2.40686 1.90452
2.48077 1.76961
2.40609 1.90549
2.47496 1.76963
2.43931 1.85038
2.4916 1.74523
2.45539 1.81065
2.41273 1.89819
2.48956 1.75151
2.41242 1.89915
2.49106 1.74107
2.47028 1.76918
2.48121 1.76922
2.40343 1.9178
2.48571 1.74846
2.46438 1.78672
2.44412 1.8389
2.48423 1.75584
2.47575 1.76993
2.43874 1.85174
2.43954 1.84673
2.44242 1.84259
2.43765 1.85274
2.43915 1.84728
2.44247 1.84295
2.44232 1.84352
2.43782 1.85466
2.47075 1.77072
2.46401 1.78816
2.45814 1.80595
2.48438 1.75565
2.45712 1.80851
2.47165 1.77084
2.45516 1.81088
2.45706 1.80926
2.47161 1.77097
2.47071 1.7669
2.45525 1.81406
2.45436 1.81716
2.46586 1.78321
2.4647 1.78256
2.46395 1.78605
2.46455 1.78232
2.46581 1.78386
2.46461 1.78622
2.47213 1.77077
2.48771 1.75282
2.47164 1.77052
2.47033 1.77123
2.47473 1.76854
2.47505 1.76715
2.48567 1.74841
2.47576 1.77013
2.47573 1.7702
2.47509 1.76972
2.47477 1.76985
2.47911 1.77107
2.47821 1.77217
2.47883 1.77132
2.47834 1.77071
2.47828 1.77051
2.47883 1.77143
2.47881 1.77151
2.48057 1.77109
2.47831 1.77205
2.47806 1.77255
2.48143 1.76851
2.48071 1.77098
2.48082 1.76965
2.48121 1.76929
2.48119 1.76939
2.48079 1.77072
2.48059 1.77153
2.48329 1.76213
2.48271 1.76508
2.48311 1.76301
2.4916 1.74522
2.48279 1.76371
2.48259 1.7653
2.49116 1.74189
2.48275 1.7637
2.48311 1.76306
2.48863 1.75509
2.4831 1.76318
2.4905 1.74204
2.48277 1.76477
2.48261 1.76569
2.48481 1.75394
2.48432 1.75586
2.48466 1.75447
2.48573 1.74737
2.4844 1.75451
2.48436 1.75438
2.48466 1.75454
2.48465 1.75463
2.48424 1.75631
2.4916 1.7452
2.48608 1.74888
2.48595 1.74867
2.48558 1.74789
2.4857 1.74703
2.4877 1.75249
2.48674 1.7483
2.48595 1.74876
2.48594 1.74878
2.4856 1.74847
2.48715 1.74994
2.48704 1.74943
2.48854 1.75524
2.48685 1.74777
2.48673 1.74779
2.48682 1.74739
2.48704 1.74951
2.48703 1.7495
2.48684 1.74862
2.48807 1.75319
2.48776 1.75281
2.48797 1.75304
2.48781 1.75221
2.48798 1.75309
2.48797 1.7531
2.4878 1.75286
2.48887 1.75415
2.4886 1.7552
2.49055 1.74201
2.48878 1.75445
2.48864 1.75454
2.48862 1.75446
2.48878 1.75448
2.48878 1.75453
2.48855 1.75544
2.48933 1.75338
2.48949 1.75208
2.48936 1.75263
2.48928 1.75358
2.48934 1.75261
2.48949 1.7521
2.48948 1.75217
2.48935 1.75318
2.48929 1.75374
2.49018 1.74633
2.48997 1.74787
2.49116 1.74185
2.49 1.74712
2.48992 1.748
2.48998 1.74707
2.49107 1.7406
2.49011 1.74682
2.49011 1.74687
2.48999 1.74771
2.48993 1.74818
2.49072 1.74209
2.49053 1.742
2.49056 1.74144
2.4905 1.74178
2.49055 1.74124
2.49067 1.74207
2.49066 1.74208
2.49121 1.7423
2.49104 1.74091
2.49105 1.74031
2.49115 1.74187
2.49101 1.74072
2.49165 1.74549
2.4915 1.74461
2.49152 1.74433
2.49147 1.74429
2.49151 1.74412
2.49151 1.74471
2.49147 1.7445
