2.94945 2.10716
2.94904 2.07016
2.94873 2.03543
2.94972 2.13049
2.94915 2.07846
2.94984 2.14174
2.94984 2.1436
2.94983 2.14224
2.94967 2.12741
2.94955 2.10676
2.9489 2.05073
2.94939 2.102
2.94887 2.05397
2.94944 2.10447
2.94948 2.10984
2.94929 2.09182
2.94924 2.08216
2.94925 2.08814
2.94939 2.10227
2.94953 2.11524
2.94982 2.14164
2.94987 2.14314
2.94915 2.07602
2.94971 2.12979
2.94997 2.15557
2.94977 2.13312
2.94957 2.11797
2.94889 2.05669
2.94921 2.08556
2.94986 2.14541
2.94938 2.10108
2.94948 2.11072
2.94888 2.05566
2.94931 2.09519
2.94981 2.14062
2.94905 2.07099
2.94903 2.06943
2.94895 2.06152
2.9498 2.13958
2.94877 2.04392
2.94879 2.04737
2.94991 2.14962
2.94913 2.07836
2.94908 2.07436
2.9498 2.13566
2.94899 2.06626
2.94953 2.11492
2.94919 2.08367
2.94986 2.14479
2.94936 2.09938
2.94964 2.12534
2.94933 2.09645
2.94932 2.09599
2.94906 2.07066
2.94923 2.07526
2.9489 2.05788
2.94899 2.06422
2.94916 2.08154
2.94921 2.08361
2.94989 2.14781
2.94902 2.06766
2.94921 2.0705
2.94973 2.13363
2.94893 2.06054
2.94916 2.08075
2.94982 2.1419
2.94877 2.04555
2.94942 2.10267
2.94969 2.12913
2.94879 2.02712
2.94973 2.13297
2.94916 2.08095
2.94996 2.14164
2.94873 2.03964
2.94973 2.13358
2.94983 2.14166
2.94884 2.05199
2.9499 2.14811
2.94931 2.09441
2.94889 2.05532
2.94989 2.14787
2.94997 2.15286
2.94884 2.052
2.94914 2.07968
2.94884 2.0518
2.9492 2.08169
2.94922 2.07897
2.94883 2.05077
2.94957 2.11722
2.94884 2.05221
2.94989 2.14783
2.94994 2.14842
2.94894 2.05145
2.94908 2.0744
2.94935 2.09822
2.94946 2.10672
2.94954 2.10878
2.9491 2.07558
2.94874 2.04366
2.94922 2.08446
