2.4974 1.779
2.5653 1.5855
2.4867 1.7891
2.4937 1.7897
2.4944 1.7842
2.4962 1.7706
2.5656 1.5857
2.483 1.8171
2.5746 1.5534
2.4945 1.7775
2.4764 1.8334
2.4921 1.7833
2.494 1.7871
2.5481 1.6353
2.5726 1.5625
2.5455 1.6411
2.5421 1.6555
2.5747 1.5546
2.5491 1.6347
2.5487 1.6329
2.5443 1.649
2.5481 1.637
2.5473 1.6376
2.548 1.6378
2.5479 1.6385
2.5736 1.5559
2.5644 1.5872
2.5662 1.5839
2.5796 1.5347
2.566 1.5828
2.5744 1.5545
2.5742 1.5554
2.5638 1.5921
2.5657 1.5842
2.5627 1.5957
2.5791 1.5333
2.5797 1.5329
2.5657 1.5852
2.5656 1.586
2.5743 1.5561
2.5732 1.5601
2.5744 1.5554
2.5744 1.5558
2.5798 1.5344
2.5788 1.5374
2.5796 1.5338
2.5784 1.5387
2.5794 1.5342
2.5796 1.535
2.5795 1.5352
