2.6552 1.4776
2.6654 1.4771
2.6649 1.4771
2.6655 1.4776
2.5877 1.5171
2.6434 1.4918
2.6653 1.4773
2.6655 1.4759
2.6651 1.4775
2.6644 1.4761
2.5949 1.5124
2.6653 1.4776
2.665 1.4759
2.6553 1.4777
2.6651 1.4768
2.631 1.4985
2.6653 1.4765
2.5877 1.5155
2.5839 1.5182
2.5863 1.5018
2.5951 1.5136
2.6658 1.4775
2.6292 1.5007
2.6565 1.4778
2.6523 1.4784
2.6316 1.4989
2.6656 1.4759
2.5973 1.5094
2.6628 1.4762
2.5846 1.5073
2.6659 1.4763
2.5943 1.5116
2.6656 1.4766
2.6649 1.4772
2.6637 1.476
2.6654 1.4757
2.6566 1.4792
2.6656 1.4773
2.6652 1.4765
2.6552 1.4778
2.6657 1.4757
2.6598 1.4808
2.5931 1.5103
2.6423 1.4934
2.6647 1.4758
2.6287 1.4979
2.6651 1.4779
2.6279 1.5015
2.6626 1.4781
2.6417 1.494
2.6654 1.4775
2.6292 1.5004
2.6316 1.4986
2.6646 1.4781
2.6608 1.476
2.6547 1.4762
2.6658 1.4768
2.6631 1.4776
2.6324 1.4976
2.6651 1.4765
2.6612 1.4766
2.6281 1.4994
2.6552 1.4777
2.6657 1.4755
2.6649 1.4783
2.6643 1.4765
2.6568 1.4794
2.6314 1.4985
2.6658 1.4758
2.6642 1.4787
2.6566 1.4793
2.6421 1.4918
2.6645 1.4766
2.6522 1.4796
2.6647 1.4769
2.6493 1.4857
2.6418 1.4928
2.6423 1.4932
2.6656 1.4762
2.6579 1.4819
2.6435 1.4918
2.6613 1.4768
2.6439 1.4911
2.6652 1.4762
2.6435 1.4919
2.6487 1.487
2.6653 1.4764
2.6647 1.4768
2.662 1.4804
2.6549 1.4774
2.664 1.4771
2.6656 1.4755
2.6496 1.4851
2.6656 1.4771
2.6645 1.4778
2.6598 1.4807
2.6432 1.4918
2.6657 1.4767
2.6485 1.4853
2.6483 1.4875
2.6653 1.4774
2.6524 1.4804
2.6647 1.477
2.6637 1.4762
2.6487 1.4869
2.6617 1.4791
2.661 1.4764
2.6597 1.4812
2.6484 1.4865
2.6653 1.4765
2.6494 1.4857
2.6549 1.4773
2.6656 1.4759
2.6656 1.4762
2.6643 1.4766
2.6659 1.4772
2.6494 1.4858
2.6654 1.4772
2.6492 1.4857
2.6657 1.4767
2.6645 1.4779
2.6656 1.4776
2.6524 1.4805
2.6522 1.4808
2.6636 1.4782
2.6529 1.4799
2.6653 1.4775
2.6653 1.4776
2.6659 1.477
2.6648 1.4759
2.6646 1.4779
2.6531 1.4796
2.6636 1.4781
2.663 1.4755
2.6597 1.4813
2.6529 1.48
2.6529 1.4799
2.6528 1.4797
2.6657 1.4774
2.6658 1.4757
2.6651 1.4782
2.6626 1.4778
2.6642 1.4778
2.6635 1.4794
2.6548 1.4751
2.665 1.4755
2.6569 1.4798
2.6547 1.4771
2.6551 1.4774
2.6647 1.4769
2.663 1.476
2.6565 1.479
2.6568 1.4797
2.6569 1.4797
2.6652 1.4772
2.6658 1.4764
2.6565 1.4784
2.6649 1.4781
2.6568 1.4796
2.6656 1.4774
2.665 1.4759
2.6579 1.4819
2.6653 1.4775
2.6614 1.4772
2.6578 1.481
2.6658 1.4775
2.6608 1.4762
2.6578 1.4819
2.6581 1.4819
2.6609 1.4763
2.6581 1.4818
2.6604 1.4779
2.6581 1.4819
2.6654 1.4779
2.6658 1.4758
2.6658 1.4773
2.6578 1.4815
2.6581 1.4818
2.6658 1.4761
2.658 1.4818
2.6641 1.4785
2.6636 1.4783
2.6589 1.4826
2.6588 1.4821
2.6588 1.4828
2.6655 1.4771
2.6636 1.4779
2.6589 1.4826
2.659 1.4823
2.6636 1.4778
2.6591 1.4821
2.6656 1.4762
2.6646 1.4785
2.659 1.4823
2.6616 1.479
2.6638 1.4754
2.6588 1.4825
2.6656 1.4776
2.6644 1.476
2.659 1.4823
2.6647 1.4767
2.6625 1.4778
2.659 1.4823
2.6656 1.4768
2.6657 1.4771
2.6634 1.4792
2.665 1.477
2.6596 1.4807
2.6657 1.4767
2.6596 1.4815
2.6646 1.478
2.6639 1.4768
2.6598 1.4805
2.6643 1.4766
2.6598 1.4808
2.6626 1.4779
2.6658 1.4768
2.6596 1.4812
2.6659 1.4771
2.6659 1.4756
2.6598 1.4808
2.6656 1.4776
2.6649 1.4781
2.6603 1.4784
2.6653 1.4774
2.6648 1.4773
2.6657 1.4765
2.6628 1.4762
2.6603 1.4777
2.6602 1.4786
2.6658 1.4758
2.6638 1.4762
2.6603 1.4784
2.6609 1.4764
2.6657 1.4775
2.6604 1.4781
2.6642 1.478
2.6655 1.4759
2.6604 1.4781
2.6603 1.4783
2.6657 1.4764
2.6648 1.4771
2.6632 1.478
2.6604 1.4781
2.6658 1.4756
2.6658 1.4755
2.6604 1.4781
2.6608 1.4753
2.6654 1.4771
2.6656 1.4761
2.6608 1.4761
2.6609 1.4764
2.6658 1.4758
2.6644 1.4753
2.6608 1.4758
2.6656 1.4771
2.6657 1.4777
2.6643 1.4765
2.6656 1.4763
2.6648 1.4774
2.6658 1.4761
2.6609 1.4763
2.6656 1.4772
2.6658 1.4761
2.6613 1.4768
2.6613 1.4761
2.6614 1.4773
2.665 1.4759
2.6614 1.4774
2.6614 1.4773
2.6624 1.4796
2.6613 1.4764
2.6643 1.4766
2.6613 1.4771
2.6652 1.4762
2.6617 1.4791
2.6659 1.4772
2.6645 1.4765
2.6617 1.4785
2.6657 1.4776
2.6617 1.4791
2.6617 1.4792
2.6658 1.4758
2.6618 1.4793
2.6657 1.4775
2.6617 1.4792
2.6649 1.478
2.662 1.4804
2.6616 1.4788
2.6658 1.4775
2.6617 1.4792
2.662 1.4804
2.6655 1.4767
2.662 1.4801
2.6648 1.4757
2.662 1.4805
2.6657 1.4772
2.6621 1.4802
2.6644 1.4756
2.6635 1.479
2.6621 1.4802
2.6649 1.4782
2.6621 1.4802
2.6635 1.4791
2.663 1.476
2.6652 1.4771
2.6659 1.4772
2.6637 1.4763
2.6621 1.4802
2.6651 1.4769
2.6633 1.4792
2.6628 1.4762
2.6626 1.4781
2.662 1.4802
2.6623 1.48
2.6649 1.4773
2.6646 1.4785
2.6643 1.4764
2.6638 1.4763
2.6623 1.4797
2.6659 1.4763
2.6648 1.4772
2.6657 1.476
2.6623 1.4802
2.6623 1.48
2.6655 1.4766
2.6623 1.4796
2.6654 1.477
2.6657 1.4765
2.6648 1.4757
2.6643 1.4766
2.6654 1.4757
2.6657 1.4756
2.6624 1.4795
2.6657 1.4767
2.6651 1.4779
2.6623 1.48
2.6623 1.4797
2.6657 1.4763
2.6623 1.4797
2.6625 1.4783
2.6658 1.4773
2.6651 1.4779
2.6626 1.4778
2.6652 1.4757
2.6657 1.4758
2.6626 1.4777
2.6641 1.4788
2.6653 1.4779
2.6625 1.4781
2.6649 1.478
2.6626 1.4778
2.6658 1.4773
2.6628 1.4761
2.6628 1.4756
2.6648 1.4771
2.6641 1.4788
2.6628 1.4761
2.6628 1.4761
2.6657 1.4776
2.6628 1.4759
2.6647 1.4769
2.6628 1.4761
2.6628 1.4761
2.6634 1.4792
2.6657 1.476
2.663 1.4758
2.6651 1.4779
2.6649 1.4782
2.663 1.4763
2.6642 1.4782
2.6657 1.4777
2.665 1.4759
2.663 1.4764
2.663 1.4764
2.6639 1.4759
2.663 1.4757
2.664 1.4782
2.663 1.4763
2.663 1.4762
2.6639 1.4759
2.6635 1.4792
2.6632 1.4777
2.6632 1.4773
2.6651 1.4768
2.6648 1.4773
2.6632 1.4777
2.6649 1.478
2.6632 1.4779
2.6632 1.478
2.6652 1.4765
2.6646 1.478
2.6631 1.4775
2.6657 1.4759
2.6658 1.4757
2.6633 1.4792
2.6632 1.4779
2.6658 1.4763
2.6632 1.4779
2.6652 1.4764
2.6652 1.4772
2.6651 1.4767
2.6633 1.479
2.6649 1.4782
2.6633 1.4793
2.6658 1.4756
2.6633 1.4792
2.6634 1.4792
2.6658 1.4757
2.6633 1.4792
2.6659 1.4774
2.6633 1.4792
2.6635 1.4792
2.6646 1.4786
2.6635 1.4795
2.6656 1.4759
2.6658 1.4773
2.6635 1.4794
2.6635 1.4791
2.6659 1.4758
2.6635 1.4795
2.6651 1.4779
2.6635 1.4792
2.665 1.477
2.6636 1.4781
2.6636 1.4779
2.6652 1.4761
2.6658 1.476
2.6646 1.4784
2.6636 1.4777
2.6641 1.4791
2.6636 1.4778
2.6652 1.4757
2.6637 1.4763
2.6636 1.4779
2.6637 1.4763
2.6638 1.4755
2.6656 1.4759
2.6657 1.476
2.6638 1.4763
2.6658 1.4768
2.6646 1.4784
2.6638 1.4756
2.6638 1.4763
2.6657 1.4775
2.6658 1.4757
2.6637 1.4762
2.6655 1.4778
2.6647 1.4767
2.6638 1.4753
2.6638 1.4756
2.6652 1.4754
2.6642 1.4788
2.6639 1.4759
2.6639 1.476
2.6656 1.4759
2.6647 1.4768
2.6644 1.4761
2.6639 1.4758
2.6639 1.4768
2.6639 1.4765
2.6639 1.4767
2.664 1.4772
2.664 1.4771
2.6639 1.4767
2.664 1.4771
2.664 1.477
2.664 1.4784
2.6654 1.4777
2.664 1.4784
2.664 1.4784
2.6641 1.4785
2.6653 1.478
2.6659 1.4771
2.6641 1.4785
2.664 1.4784
2.6641 1.4784
2.6641 1.4784
2.6641 1.479
2.6641 1.479
2.6642 1.4788
2.6641 1.479
2.6642 1.4788
2.6642 1.4781
2.6645 1.4778
2.6642 1.4783
2.6642 1.4782
2.6642 1.4779
2.6642 1.4779
2.665 1.4756
2.6649 1.4782
2.6642 1.4783
2.6653 1.4764
2.665 1.4759
2.6642 1.4779
2.6655 1.4756
2.6649 1.4772
2.6655 1.4776
2.6657 1.4772
2.6643 1.4764
2.6644 1.4754
2.6643 1.4765
2.6643 1.4765
2.6652 1.4765
2.6644 1.4756
2.6659 1.477
2.6644 1.4755
2.6644 1.4758
2.6658 1.4775
2.6644 1.4758
2.6644 1.4758
2.6653 1.4774
2.6657 1.4771
2.6646 1.4785
2.6644 1.4757
2.6644 1.4757
2.6644 1.4762
2.6654 1.4776
2.6644 1.4762
2.6655 1.4758
2.6645 1.4765
2.6646 1.4785
2.6645 1.4765
2.6658 1.4774
2.6648 1.4761
2.6645 1.4764
2.6645 1.4778
2.6659 1.4756
2.6645 1.4776
2.6655 1.4758
2.6656 1.4773
2.6652 1.476
2.6658 1.4775
2.6645 1.4777
2.6645 1.4777
2.6653 1.4781
2.6659 1.4763
2.6645 1.4779
2.6645 1.4779
2.6654 1.4778
2.6659 1.4763
2.6645 1.4777
2.6646 1.4786
2.6658 1.4761
2.665 1.4758
2.6646 1.4787
2.6657 1.4771
2.6646 1.4786
2.6659 1.4771
2.6646 1.4785
2.6646 1.4782
2.6658 1.477
2.6646 1.4781
2.6655 1.4768
2.6658 1.4756
2.6653 1.4775
2.6654 1.4757
2.6646 1.4782
2.6655 1.4766
2.6657 1.4757
2.6646 1.4783
2.665 1.4759
2.6646 1.478
2.6649 1.4782
2.6653 1.4755
2.6647 1.4767
2.6647 1.4767
2.6647 1.4757
2.6657 1.4768
2.6647 1.4755
2.6651 1.478
2.6647 1.4756
2.6647 1.4757
2.6647 1.4758
2.6647 1.4758
2.6658 1.4758
2.6647 1.4756
2.665 1.4759
2.6647 1.4758
2.6658 1.4766
2.6647 1.4757
2.6648 1.4759
2.6648 1.4756
2.6656 1.4769
2.6648 1.4762
2.6648 1.4761
2.6648 1.4761
2.6648 1.476
2.6655 1.477
2.6656 1.4773
2.6659 1.4771
2.6651 1.4778
2.6648 1.4772
2.6658 1.4774
2.665 1.4757
2.6648 1.477
2.6652 1.4761
2.6648 1.4773
2.6656 1.4778
2.6648 1.4773
2.6649 1.4783
2.6649 1.4782
2.6649 1.4782
2.6659 1.477
2.6649 1.4782
2.6649 1.4782
2.6649 1.4783
2.6657 1.4762
2.6651 1.4779
2.6649 1.4782
2.6653 1.4774
2.6649 1.478
2.665 1.477
2.665 1.4769
2.6657 1.4755
2.6649 1.4772
2.6658 1.4763
2.665 1.477
2.6654 1.4757
2.665 1.4759
2.665 1.4759
2.665 1.4758
2.6657 1.4762
2.665 1.4759
2.6653 1.4779
2.665 1.4754
2.665 1.4755
2.6655 1.4776
2.665 1.4756
2.6652 1.4762
2.665 1.4759
2.665 1.4758
2.6656 1.4772
2.6659 1.4775
2.6651 1.4767
2.6651 1.4766
2.6651 1.4769
2.6651 1.4769
2.6651 1.4779
2.6656 1.4768
2.6657 1.4775
2.6651 1.4779
2.6651 1.4778
2.6652 1.4755
2.6651 1.4779
2.6651 1.4782
2.6651 1.4781
2.6651 1.4783
2.6651 1.4782
2.6658 1.4776
2.6651 1.478
2.6651 1.478
2.6651 1.478
2.6652 1.4772
2.6652 1.4774
2.6658 1.4755
2.6651 1.4774
2.6652 1.4774
2.6654 1.4778
2.6651 1.4775
2.6652 1.4773
2.6654 1.4758
2.6652 1.4762
2.6653 1.4775
2.6652 1.4761
2.6658 1.4773
2.6652 1.4761
2.6652 1.4761
2.6658 1.4763
2.6652 1.4761
2.6652 1.4755
2.6652 1.4754
2.6652 1.4758
2.6652 1.4757
2.6654 1.4775
2.6652 1.4754
2.6652 1.4757
2.6658 1.4768
2.6658 1.476
2.6652 1.4763
2.6659 1.4756
2.6652 1.4761
2.6652 1.4765
2.6657 1.4762
2.6652 1.4761
2.6653 1.4775
2.6653 1.4775
2.6653 1.4775
2.6653 1.4781
2.6654 1.4761
2.6653 1.478
2.6656 1.477
2.6653 1.4779
2.6657 1.4757
2.6653 1.4779
2.6653 1.4781
2.6653 1.478
2.6653 1.4776
2.6653 1.4777
2.6653 1.4774
2.6653 1.4777
2.6653 1.4774
2.6658 1.4767
2.6653 1.4775
2.6653 1.4764
2.6653 1.4764
2.6656 1.4756
2.6653 1.4763
2.6653 1.4763
2.6653 1.4763
2.6653 1.4764
2.6653 1.4756
2.6653 1.4755
2.6653 1.4755
2.6654 1.4757
2.6654 1.4759
2.6656 1.4761
2.6654 1.4758
2.6654 1.4758
2.6654 1.4761
2.6654 1.4762
2.6654 1.4762
2.6654 1.4761
2.6654 1.477
2.6655 1.4776
2.6654 1.4771
2.6654 1.4772
2.6654 1.4772
2.6654 1.4775
2.6654 1.477
2.6656 1.4776
2.6654 1.4772
2.6654 1.4778
2.6654 1.4779
2.6658 1.4763
2.6654 1.4779
2.6654 1.4768
2.6654 1.4778
2.6658 1.4758
2.6654 1.4778
2.6654 1.4779
2.6655 1.4756
2.6654 1.4778
2.6654 1.4778
2.6654 1.4777
2.6656 1.4771
2.6658 1.476
2.6654 1.4778
2.6655 1.4768
2.6654 1.4777
2.6654 1.4776
2.6655 1.4767
2.6654 1.4767
2.6654 1.4768
2.6655 1.4766
2.6659 1.4774
2.6655 1.4765
2.6655 1.4766
2.6655 1.4766
2.6655 1.4757
2.6659 1.4774
2.6655 1.4757
2.6657 1.4756
2.6655 1.4758
2.6657 1.4765
2.6655 1.4758
2.6657 1.4777
2.6659 1.4774
2.6655 1.4757
2.6655 1.4758
2.6655 1.477
2.6658 1.4773
2.6655 1.4757
2.6659 1.4757
2.6655 1.4756
2.6658 1.4761
2.6655 1.4759
2.6658 1.4766
2.6659 1.477
2.6655 1.476
2.6655 1.4759
2.6658 1.4774
2.6655 1.4756
2.6655 1.4767
2.6657 1.4773
2.6655 1.4766
2.6655 1.4766
2.6656 1.4759
2.6658 1.4766
2.6655 1.4768
2.6655 1.4769
2.6655 1.4768
2.6655 1.4776
2.6655 1.4776
2.6655 1.4776
2.6659 1.4775
2.6655 1.4776
2.6657 1.4764
2.6655 1.4776
2.6655 1.4776
2.6655 1.4776
2.6655 1.4777
2.6657 1.4757
2.6659 1.477
2.6655 1.4779
2.6655 1.4778
2.6655 1.4776
2.6655 1.4778
2.6655 1.4776
2.6655 1.4776
2.6655 1.477
2.6655 1.4771
2.6656 1.4768
2.6658 1.4774
2.6656 1.4769
2.6656 1.4759
2.6656 1.4759
2.6656 1.4771
2.6656 1.4759
2.6656 1.4755
2.6658 1.477
2.6656 1.4755
2.6658 1.4766
2.6656 1.4758
2.6658 1.4767
2.6656 1.4758
2.6656 1.4776
2.6656 1.4758
2.6656 1.4772
2.6656 1.4757
2.6656 1.4757
2.6656 1.4762
2.6659 1.4762
2.6656 1.4765
2.6656 1.4765
2.6658 1.4768
2.6656 1.4762
2.6658 1.4773
2.6656 1.4765
2.6656 1.4765
2.6656 1.4773
2.6656 1.4774
2.6656 1.4774
2.6656 1.4774
2.6656 1.4774
2.6656 1.4777
2.6656 1.4777
2.6656 1.4778
2.6656 1.4777
2.6656 1.4773
2.6656 1.4773
2.6656 1.4762
2.6658 1.4758
2.6656 1.4762
2.6656 1.4761
2.6658 1.4756
2.6656 1.4762
2.6656 1.4761
2.6656 1.4761
2.6657 1.4756
2.6657 1.4755
2.6659 1.4762
2.6657 1.4757
2.6657 1.4757
2.6657 1.4757
2.6659 1.4771
2.6657 1.4759
2.6657 1.4759
2.6657 1.4762
2.6657 1.477
2.6657 1.477
2.6657 1.477
2.6657 1.4771
2.6659 1.4763
2.6657 1.477
2.6657 1.4771
2.6657 1.4777
2.6657 1.4776
2.6657 1.4775
2.6657 1.4776
2.6657 1.4776
2.6657 1.4774
2.6657 1.4775
2.6657 1.4774
2.6657 1.4772
2.6657 1.4772
2.6657 1.4765
2.6657 1.4764
2.6657 1.4763
2.6657 1.4764
2.6657 1.4757
2.6657 1.4764
2.6657 1.4757
2.6657 1.4757
2.6657 1.4757
2.6657 1.4758
2.6657 1.4757
2.6657 1.4761
2.6657 1.4757
2.6657 1.476
2.6657 1.4759
2.6657 1.4768
2.6657 1.4769
2.6657 1.4768
2.6657 1.4768
2.6657 1.4775
2.6658 1.4775
2.6658 1.4774
2.6659 1.4756
2.6658 1.4775
2.6658 1.4775
2.6658 1.4773
2.6658 1.4776
2.6658 1.4767
2.6658 1.4766
2.6658 1.4766
2.6658 1.4766
2.6658 1.4766
2.6658 1.4758
2.6658 1.4758
2.6658 1.4758
2.6658 1.4758
2.6658 1.4757
2.6658 1.4756
2.6658 1.4759
2.6658 1.4768
2.6659 1.4775
2.6658 1.4758
2.6658 1.4758
2.6658 1.4766
2.6658 1.4763
2.6658 1.4765
2.6658 1.4773
2.6658 1.4773
2.6658 1.4773
2.6658 1.4775
2.6659 1.477
2.6658 1.4775
2.6658 1.4776
2.6658 1.4774
2.6658 1.4774
2.6658 1.4776
2.6658 1.4774
2.6658 1.477
2.6658 1.477
2.6658 1.477
2.6658 1.4768
2.6658 1.476
2.6658 1.476
2.6658 1.476
2.6658 1.476
2.6658 1.4761
2.6658 1.4764
2.6658 1.4763
2.6658 1.4763
2.6659 1.477
2.6659 1.4771
2.6659 1.4775
2.6659 1.4775
2.6659 1.4774
2.6659 1.4772
2.6659 1.4769
2.6659 1.477
2.6659 1.4757
2.6659 1.4762
2.6659 1.4762
2.6659 1.4762
2.6659 1.4757
2.6659 1.4757
