2.96335 1.99263
2.96313 2.02382
2.96297 2.04346
2.96349 1.97128
2.96319 2.01459
2.96355 1.9623
2.96355 1.96318
2.96355 1.96429
2.96346 1.9763
2.9634 1.97914
2.96306 2.03017
2.96331 1.99732
2.96304 2.03541
2.96334 1.99168
2.96336 1.99031
2.96327 2.00343
2.96324 2.00442
2.96324 2.00672
2.96332 1.99655
2.96339 1.98637
2.96354 1.9647
2.96357 1.95971
2.96319 2.01284
2.96348 1.97187
2.96362 1.95311
2.96352 1.96575
2.96341 1.98334
2.96305 2.03465
2.96322 2.01015
2.96357 1.96126
2.96331 1.99714
2.96336 1.99033
2.96305 2.03536
2.96328 2.00288
2.96354 1.96541
2.96314 2.02285
2.96313 2.02382
2.96308 2.03014
2.96353 1.96597
2.96299 2.04228
2.963 2.04193
2.96359 1.95788
2.96318 2.01674
2.96315 2.02033
2.96353 1.9635
2.96311 2.02713
2.96339 1.98693
2.96321 2.01214
2.96356 1.96194
2.9633 1.99936
2.96345 1.97809
2.96328 2.00131
2.96328 2.00256
2.96314 2.02143
2.96323 2.00079
2.96306 2.03378
2.96311 2.02597
2.9632 2.01439
2.96322 2.0089
2.96358 1.95932
2.96312 2.02478
2.96322 2.00005
2.9635 1.97139
2.96308 2.03118
2.9632 2.014
2.96354 1.96438
2.96299 2.04406
2.96333 1.99314
2.96347 1.97462
2.963 2.0277
2.96349 1.97127
2.9632 2.01407
2.96361 1.94683
2.96297 2.04546
2.9635 1.97126
2.96354 1.96411
2.96303 2.03792
2.96358 1.95856
2.96328 2.00246
2.96305 2.03384
2.96358 1.95919
2.96362 1.95227
2.96303 2.03812
2.96319 2.01553
2.96303 2.03827
2.96322 2.00963
2.96323 2.00566
2.96302 2.03935
2.96341 1.98273
2.96303 2.03794
2.96358 1.95954
2.9636 1.95353
2.96308 2.02555
2.96315 2.0203
2.96329 2.00024
2.96335 1.99018
2.96339 1.98161
2.96316 2.01911
2.96298 2.04587
2.96323 2.00835
