2.96464 1.92351
2.96444 1.89971
2.96429 1.87811
2.96478 1.93867
2.96449 1.90526
2.96483 1.94586
2.96483 1.94681
2.96483 1.94593
2.96475 1.93645
2.96469 1.924
2.96437 1.88795
2.96461 1.92015
2.96436 1.8895
2.96464 1.92208
2.96466 1.92523
2.96457 1.91385
2.96454 1.90811
2.96455 1.91147
2.96462 1.92038
2.96468 1.92864
2.96482 1.94556
2.96485 1.94688
2.9645 1.904
2.96477 1.93822
2.9649 1.9545
2.9648 1.94062
2.9647 1.93048
2.96437 1.89109
2.96453 1.90968
2.96485 1.94801
2.96461 1.91966
2.96466 1.92572
2.96437 1.89045
2.96458 1.91578
2.96482 1.94492
2.96445 1.90027
2.96444 1.8993
2.9644 1.89425
2.96482 1.94428
2.96431 1.88318
2.96432 1.88516
2.96487 1.95071
2.96449 1.905
2.96446 1.9024
2.96482 1.94226
2.96442 1.89719
2.96468 1.9284
2.96452 1.90842
2.96484 1.9476
2.9646 1.91848
2.96474 1.93512
2.96459 1.91665
2.96458 1.91626
2.96445 1.90023
2.96454 1.90371
2.96438 1.89184
2.96442 1.89617
2.9645 1.907
2.96453 1.90869
2.96486 1.94955
2.96443 1.89822
2.96453 1.90042
2.96478 1.94041
2.96439 1.89359
2.9645 1.90661
2.96483 1.94574
2.96431 1.88393
2.96463 1.92092
2.96476 1.93758
2.96432 1.87173
2.96478 1.94006
2.9645 1.90672
2.96489 1.94633
2.96429 1.88047
2.96478 1.9404
2.96483 1.94564
2.96435 1.88814
2.96486 1.9498
2.96458 1.9154
2.96437 1.89041
2.96486 1.94959
2.9649 1.95307
2.96435 1.88813
2.96449 1.90586
2.96435 1.888
2.96452 1.90753
2.96453 1.90611
2.96434 1.88732
2.9647 1.93011
2.96435 1.88826
2.96486 1.94954
2.96488 1.95041
2.96439 1.8885
2.96446 1.90242
2.96459 1.91774
2.96465 1.92349
2.96469 1.92521
2.96447 1.9032
2.9643 1.88269
2.96453 1.90923
