2.96995 2.04601
2.96981 2.07156
2.9697 2.08812
2.97005 2.0286
2.96985 2.06412
2.97009 2.02121
2.97009 2.0218
2.97009 2.02271
2.97003 2.03258
2.96999 2.03553
2.96976 2.07724
2.96993 2.04983
2.96975 2.08117
2.96995 2.04539
2.96996 2.04411
2.9699 2.05497
2.96988 2.05611
2.96988 2.05766
2.96994 2.04923
2.96998 2.04084
2.97009 2.02306
2.9701 2.01917
2.96985 2.06287
2.97005 2.02908
2.97014 2.01355
2.97007 2.02423
2.97 2.0384
2.96976 2.08047
2.96987 2.0604
2.9701 2.02025
2.96993 2.04973
2.96997 2.04408
2.96975 2.08105
2.96991 2.0544
2.97008 2.02365
2.96981 2.07078
2.96981 2.0716
2.96978 2.07679
2.97008 2.02412
2.96972 2.08688
2.96972 2.08646
2.97012 2.01747
2.96984 2.06577
2.96983 2.0687
2.97008 2.02239
2.96979 2.07427
2.96998 2.04129
2.96986 2.06201
2.9701 2.0208
2.96992 2.05151
2.97002 2.03405
2.96991 2.05313
2.96991 2.05412
2.96982 2.06971
2.96988 2.05337
2.96976 2.07974
2.96979 2.07348
2.96985 2.06383
2.96987 2.05953
2.97011 2.01866
2.9698 2.07242
2.96987 2.05278
2.97005 2.02854
2.96977 2.07764
2.96985 2.06357
2.97009 2.0228
2.96971 2.08818
2.96995 2.04659
2.97004 2.03122
2.96972 2.07523
2.97005 2.02848
2.96985 2.06361
2.97013 2.00909
2.9697 2.08951
2.97005 2.02844
2.97009 2.02261
2.96974 2.08319
2.97011 2.01807
2.96991 2.05411
2.96976 2.0799
2.97011 2.01856
2.97014 2.01303
2.96974 2.08333
2.96985 2.06479
2.96974 2.08346
2.96987 2.06016
2.96987 2.05718
2.96974 2.08433
2.97 2.03797
2.96974 2.08319
2.97011 2.01883
2.97013 2.01418
2.96977 2.07358
2.96983 2.06867
2.96992 2.05224
2.96996 2.04415
2.96999 2.03742
2.96983 2.06771
2.96971 2.08965
2.96987 2.05907
