2.76579 2.2781
2.75689 2.22482
2.75016 2.11288
2.7717 2.29695
2.75927 2.21429
2.77432 2.31773
2.77434 2.34588
2.77402 2.34347
2.77054 2.31594
2.768 2.21909
2.75391 2.13615
2.76449 2.27459
2.75334 2.17917
2.7657 2.24689
2.76645 2.28124
2.76247 2.23529
2.76135 2.1878
2.76155 2.23126
2.76465 2.26868
2.76764 2.2962
2.7739 2.34133
2.7749 2.3099
2.75933 2.18863
2.77153 2.29582
2.77722 2.36321
2.7729 2.28203
2.76843 2.29181
2.75373 2.19897
2.76071 2.23907
2.77485 2.34351
2.76444 2.26248
2.76653 2.29169
2.75351 2.1956
2.76288 2.26261
2.77368 2.33815
2.75713 2.22262
2.75682 2.21636
2.75497 2.20102
2.77348 2.33264
2.7512 2.1517
2.75159 2.17888
2.77583 2.35168
2.75889 2.23454
2.75789 2.23143
2.77353 2.28552
2.75594 2.21957
2.76751 2.29944
2.76019 2.24059
2.77467 2.34454
2.76389 2.26879
2.77003 2.31369
2.76328 2.25848
2.76301 2.26833
2.75735 2.20481
2.7612 2.16418
2.754 2.20219
2.75595 2.18814
2.75959 2.24315
2.76074 2.21275
2.77541 2.34796
2.75648 2.20813
2.76077 2.15479
2.77198 2.32922
2.7547 2.2019
2.75959 2.2299
2.77398 2.34044
2.75105 2.18325
2.76528 2.2438
2.77099 2.31577
2.75162 2.08464
2.77194 2.31994
2.7596 2.23268
2.77685 2.27254
2.75025 2.14238
2.772 2.32691
2.774 2.33444
2.75272 2.18437
2.77557 2.34259
2.76288 2.24969
2.75375 2.17755
2.77544 2.34714
2.77711 2.3296
2.75269 2.18661
2.75922 2.23531
2.75264 2.18617
2.76043 2.20473
2.76082 2.17949
2.75236 2.18707
2.76846 2.27908
2.75274 2.18682
2.77538 2.35095
2.77647 2.3088
2.75474 2.13009
2.7579 2.23146
2.76363 2.266
2.76618 2.25284
2.76782 2.22918
2.75821 2.23068
2.75055 2.18338
2.76092 2.21512
