2.97816 2.04858
2.97808 2.06928
2.97802 2.08339
2.97821 2.0346
2.9781 2.06342
2.97823 2.02857
2.97823 2.02887
2.97823 2.02961
2.9782 2.03765
2.97818 2.04105
2.97806 2.0746
2.97815 2.05165
2.97805 2.07722
2.97816 2.04831
2.97816 2.04704
2.97813 2.056
2.97812 2.05742
2.97812 2.05816
2.97815 2.05121
2.97817 2.04436
2.97823 2.0299
2.97824 2.02702
2.9781 2.06268
2.97821 2.03499
2.97826 2.02219
2.97822 2.03129
2.97818 2.04243
2.97805 2.07654
2.97811 2.06029
2.97824 2.02765
2.97815 2.05164
2.97816 2.04697
2.97805 2.07702
2.97813 2.05536
2.97823 2.03039
2.97808 2.06867
2.97808 2.06936
2.97806 2.07359
2.97822 2.0308
2.97803 2.08197
2.97804 2.08144
2.97824 2.02538
2.9781 2.0646
2.97809 2.06696
2.97822 2.02981
2.97807 2.07148
2.97817 2.04469
2.97811 2.06156
2.97823 2.02808
2.97814 2.05302
2.97819 2.03883
2.97814 2.05438
2.97813 2.05511
2.97809 2.06793
2.97812 2.05579
2.97806 2.07594
2.97807 2.07104
2.9781 2.06301
2.97811 2.05979
2.97824 2.02635
2.97808 2.07006
2.97811 2.05553
2.97821 2.03435
2.97806 2.07426
2.9781 2.06287
2.97823 2.0297
2.97803 2.08279
2.97815 2.04929
2.9782 2.03656
2.97804 2.07388
2.97821 2.03435
2.9781 2.06289
2.97825 2.01979
2.97802 2.08413
2.97821 2.03428
2.97823 2.02957
2.97805 2.07879
2.97824 2.0259
2.97813 2.05521
2.97805 2.07623
2.97824 2.02627
2.97826 2.02199
2.97805 2.0789
2.9781 2.06381
2.97804 2.079
2.97811 2.06037
2.97812 2.05839
2.97804 2.07969
2.97818 2.04217
2.97805 2.07878
2.97824 2.02647
2.97825 2.0231
2.97806 2.0719
2.97809 2.06694
2.97814 2.05362
2.97816 2.04727
2.97818 2.04231
2.97809 2.06617
2.97803 2.08396
2.97812 2.05941
