2.97862 1.92355
2.97855 1.92518
2.9785 1.92496
2.97867 1.92223
2.97857 1.92444
2.97869 1.92181
2.97869 1.92214
2.97869 1.9222
2.97866 1.92277
2.97864 1.92084
2.97853 1.9242
2.97861 1.92383
2.97852 1.92555
2.97862 1.92311
2.97863 1.92342
2.9786 1.92386
2.97859 1.92294
2.97859 1.92406
2.97862 1.92373
2.97864 1.92328
2.97869 1.92221
2.9787 1.9215
2.97857 1.92386
2.97867 1.92225
2.97872 1.92162
2.97868 1.92151
2.97865 1.92304
2.97853 1.92569
2.97858 1.92439
2.9787 1.922
2.97861 1.92371
2.97863 1.9235
2.97852 1.92571
2.9786 1.9241
2.97869 1.92223
2.97855 1.9251
2.97855 1.92511
2.97854 1.9254
2.97869 1.92222
2.9785 1.92572
2.97851 1.92601
2.97871 1.92184
2.97857 1.92479
2.97856 1.925
2.97869 1.92137
2.97854 1.92536
2.97864 1.92334
2.97858 1.92453
2.9787 1.92205
2.97861 1.92392
2.97866 1.92287
2.9786 1.92396
2.9786 1.92412
2.97856 1.92483
2.97859 1.92104
2.97853 1.92566
2.97854 1.92496
2.97857 1.92471
2.97858 1.92397
2.9787 1.92191
2.97855 1.9251
2.97858 1.9199
2.97868 1.92255
2.97853 1.92548
2.97857 1.92456
2.97869 1.92218
2.9785 1.92619
2.97862 1.92318
2.97867 1.92266
2.97851 1.91873
2.97868 1.92247
2.97857 1.9246
2.97872 1.91854
2.9785 1.92583
2.97868 1.92253
2.97869 1.92211
2.97852 1.92578
2.9787 1.92181
2.9786 1.92396
2.97853 1.92542
2.9787 1.92189
2.97872 1.9212
2.97852 1.92582
2.97857 1.92472
2.97852 1.92582
2.97858 1.92389
2.97858 1.92278
2.97851 1.9259
2.97865 1.92286
2.97852 1.92581
2.9787 1.92194
2.97871 1.92095
2.97853 1.92329
2.97856 1.925
2.97861 1.92395
2.97863 1.92308
2.97864 1.92167
2.97856 1.92492
2.9785 1.92631
2.97858 1.92396
