2.9795 2.06491
2.97943 2.07969
2.97938 2.08951
2.97955 2.05488
2.97945 2.07545
2.97957 2.05059
2.97957 2.05087
2.97956 2.05139
2.97954 2.05712
2.97952 2.0591
2.97941 2.08321
2.97949 2.06711
2.97941 2.08531
2.9795 2.06464
2.97951 2.06381
2.97948 2.07015
2.97947 2.07097
2.97947 2.0717
2.97949 2.06678
2.97952 2.06191
2.97956 2.05159
2.97957 2.04945
2.97945 2.07482
2.97954 2.05516
2.97959 2.04609
2.97955 2.05243
2.97952 2.06051
2.97941 2.08486
2.97946 2.07326
2.97957 2.04998
2.97949 2.06708
2.97951 2.06377
2.97941 2.08521
2.97948 2.06976
2.97956 2.05194
2.97944 2.07925
2.97943 2.07973
2.97942 2.08275
2.97956 2.05223
2.97939 2.08866
2.97939 2.08835
2.97958 2.04837
2.97945 2.07635
2.97944 2.07804
2.97956 2.05137
2.97943 2.08126
2.97951 2.06215
2.97946 2.07417
2.97957 2.05029
2.97949 2.06809
2.97953 2.05797
2.97948 2.06904
2.97948 2.06959
2.97944 2.07868
2.97947 2.06942
2.97941 2.08444
2.97943 2.08088
2.97945 2.07522
2.97946 2.07283
2.97957 2.04906
2.97943 2.08022
2.97946 2.06897
2.97955 2.05477
2.97942 2.08323
2.97945 2.07509
2.97956 2.05145
2.97939 2.08933
2.9795 2.06534
2.97954 2.05634
2.97939 2.0814
2.97955 2.05475
2.97945 2.07511
2.97958 2.04378
2.97938 2.09019
2.97955 2.05472
2.97956 2.05135
2.9794 2.08646
2.97958 2.04873
2.97948 2.06962
2.97941 2.08459
2.97957 2.049
2.97959 2.04587
2.9794 2.08654
2.97945 2.07578
2.9794 2.08661
2.97946 2.07322
2.97946 2.07161
2.9794 2.08711
2.97952 2.0603
2.9794 2.08645
2.97957 2.04914
2.97958 2.0466
2.97942 2.08114
2.97944 2.07802
2.97948 2.06851
2.9795 2.06391
2.97952 2.06015
2.97944 2.07747
2.97939 2.09017
2.97946 2.07256
