3.78477 4.7419
4.80196 5.8294
3.8629 4.76718
4.69745 5.73119
4.21681 5.24416
5.62641 6.60952
4.76465 5.79043
3.78763 4.70758
4.88217 5.90547
3.78145 4.74998
5.39935 6.39547
3.7839 4.75316
5.62902 6.61198
5.37057 6.36831
3.76907 4.69287
4.7715 5.79835
4.72494 5.75348
3.91607 4.95186
4.21654 5.27317
5.4892 6.48022
3.9155 4.95132
4.87413 5.89882
5.52234 6.51146
3.92501 4.96048
4.68503 5.71644
3.74784 4.67597
5.65042 6.63215
3.91887 4.95456
5.44958 6.44286
5.62204 6.60541
4.76811 5.7947
5.65827 6.63955
3.76931 4.69178
4.76957 5.79609
4.62471 5.66102
4.75551 5.78321
3.7464 4.72005
3.78229 4.73916
5.14508 6.15531
3.92993 4.96656
4.77034 5.79725
4.88745 5.91048
4.70722 5.73616
3.78222 4.73908
3.78084 4.74945
4.76502 5.79078
3.92416 4.95941
5.23248 6.23793
3.79585 4.76253
3.92176 4.95706
5.07448 6.08852
5.29138 6.29356
3.91386 4.94974
3.83194 4.79487
3.91531 4.95025
4.33054 5.38203
4.57254 5.60971
4.77668 5.80288
3.79871 4.83975
4.73815 5.76609
4.22343 5.27973
4.77749 5.80365
3.77775 4.69867
4.86247 5.8868
3.90098 4.85668
4.6887 5.71883
3.75918 4.73054
4.72914 5.7569
4.16306 5.19239
4.09712 5.1288
5.40587 6.40163
3.78352 4.7412
4.67908 5.71079
5.61444 6.59824
3.91231 4.94737
3.91799 4.95281
4.44351 5.48849
3.77938 4.73638
3.92085 4.95647
4.75634 5.78711
4.70869 5.73887
3.91441 4.95027
4.75412 5.78135
3.78384 4.74052
4.76255 5.78987
4.93519 5.95665
3.77925 4.73553
4.77433 5.80063
5.65019 6.63193
3.95285 4.98876
3.78167 4.73815
4.40781 5.45442
4.70849 5.73868
4.7729 5.79927
4.43525 5.4818
3.92546 4.96092
5.13204 6.14297
4.76583 5.79155
5.58741 6.57279
3.79358 4.75972
4.73694 5.76427
4.73323 5.76211
4.76527 5.792
3.90941 4.94544
3.76247 4.68763
3.79235 4.75918
3.91978 4.95453
4.39613 5.44451
3.92296 4.95823
5.25211 6.25648
4.7383 5.76624
3.94211 4.97836
3.77978 4.74853
4.58544 5.62367
3.77478 4.73057
3.79421 4.76085
3.92377 4.95903
3.76753 4.69032
5.45939 6.45212
3.89176 4.92763
4.76144 5.7874
5.66235 6.64338
4.68867 5.71988
3.95721 4.99297
4.46537 5.5093
4.75278 5.78372
3.87208 4.90939
3.92126 4.95816
3.92048 4.9552
3.92087 4.95649
5.52165 6.51081
3.77541 4.69677
5.6149 6.59867
4.56582 5.60499
4.76396 5.79075
4.74496 5.77184
5.07218 6.08635
4.87148 5.89533
3.8026 4.84286
3.77251 4.69415
3.78218 4.75003
5.11018 6.12231
3.79399 4.76065
5.31173 6.31277
4.7314 5.76039
3.89622 4.93271
4.75725 5.78486
5.25093 6.25535
5.38842 6.38517
4.65587 5.68878
3.79027 4.75768
3.79054 4.75792
5.47902 6.47063
4.74059 5.76771
4.77107 5.79793
5.36942 6.36723
4.76915 5.79611
4.71709 5.74598
3.77682 4.69791
3.92389 4.95915
5.4588 6.45156
5.59352 6.57854
4.75923 5.78623
4.76331 5.79012
4.8645 5.88872
4.7507 5.78076
3.90948 4.9455
5.57528 6.56136
5.56975 6.55614
5.53961 6.52774
3.91671 4.95212
3.91878 4.95632
4.17768 5.20647
5.53305 6.52156
4.53724 5.57618
3.91597 4.95088
5.54352 6.53143
3.92194 4.95661
4.20967 5.23728
3.9185 4.95421
3.78807 4.75576
5.57563 6.5617
5.6465 6.62845
3.77079 4.74159
3.77898 4.70073
3.88529 4.92214
3.82179 4.86154
3.75361 4.67995
4.79978 5.82734
3.78255 4.73929
3.92392 4.87683
4.63305 5.666
4.40551 5.45223
3.781 4.73819
4.74588 5.77271
4.76149 5.78744
4.71503 5.74686
4.17411 5.20303
3.77399 4.69528
4.75031 5.78038
3.78057 4.73726
4.87401 5.89774
3.90289 4.93916
4.64506 5.68036
3.78454 4.74154
4.47842 5.52174
3.76935 4.69172
3.92302 4.95856
4.75996 5.78692
4.63961 5.6722
4.75804 5.78509
4.13529 5.16561
4.58426 5.62254
4.84055 5.86601
3.74352 4.67294
4.74416 5.77454
4.75216 5.77864
4.15293 5.18262
3.91899 4.95378
4.8198 5.84633
3.92272 4.95799
4.72901 5.75737
4.70339 5.73581
3.92574 4.96095
4.69149 5.72449
3.90971 4.94488
4.78981 5.81787
3.75551 4.68145
4.69073 5.72377
3.77563 4.69847
4.75361 5.78141
3.7754 4.69635
3.79612 4.76255
4.71068 5.74273
4.87547 5.89912
4.76379 5.79318
4.77058 5.79962
3.77748 4.69845
3.76052 4.71524
4.79019 5.81823
3.86149 4.76607
4.88609 5.9092
3.77646 4.69717
4.7482 5.77629
3.77284 4.69502
4.12947 5.16
3.91317 4.8674
4.81652 5.84323
3.77594 4.69676
3.92132 4.95663
3.79486 4.76166
4.79614 5.82388
3.81391 4.7796
4.21942 5.24668
4.82973 5.85575
4.7465 5.77469
4.82634 5.85254
3.77249 4.69439
3.76435 4.68787
4.84078 5.86622
3.77528 4.69819
3.8929 4.92949
4.87634 5.89994
3.96248 4.99808
3.84536 4.80777
4.8196 5.84615
4.85658 5.88122
3.9084 4.94363
4.84654 5.87169
3.91107 4.94704
4.20734 5.23504
4.84435 5.86962
4.7566 5.78424
3.9231 4.95837
3.79293 4.75917
3.89716 4.93477
3.89303 4.92962
3.91812 4.95294
3.79204 4.7584
4.84784 5.87292
3.76223 4.68623
3.78457 4.75197
4.85854 5.88308
4.76261 5.78993
3.78288 4.73982
3.77691 4.69818
3.78716 4.70721
4.71685 5.74575
4.85843 5.88296
4.88347 5.90672
3.78114 4.73768
4.87163 5.89547
4.12352 5.15426
4.88339 5.90664
4.61624 5.6512
3.78835 4.70815
4.53609 5.5751
4.69085 5.72195
4.02482 5.05894
4.77643 5.80264
3.79241 4.7509
4.75935 5.78543
4.73431 5.76314
3.92369 4.9592
4.64569 5.67913
3.77152 4.69399
4.62546 5.65995
3.80739 4.77386
4.77503 5.80169
3.77332 4.69539
4.76907 5.79604
4.76931 5.79584
3.96116 4.9968
4.7743 5.8006
4.72509 5.75307
4.76816 5.79475
3.86624 4.76979
4.55509 5.59315
3.96072 4.99638
4.76457 5.79179
4.62606 5.66051
4.77527 5.80153
4.6787 5.71042
3.92556 4.96077
3.91758 4.95298
4.68741 5.71744
4.56602 5.60352
3.77145 4.69333
3.77327 4.7422
4.67528 5.70596
4.77706 5.80361
3.77555 4.69713
4.14986 5.17966
3.74078 4.67032
4.64353 5.6759
4.70541 5.73576
3.79431 4.76035
4.69568 5.7255
4.74323 5.77159
4.71523 5.74507
4.12314 5.15389
4.71862 5.74828
4.74068 5.76852
4.72843 5.75756
3.79288 4.75994
4.77638 5.80297
3.79144 4.74982
3.95804 4.99435
3.91433 4.94979
4.7416 5.77004
4.72824 5.75738
3.78834 4.70814
4.75372 5.78152
4.74313 5.7715
3.77927 4.7474
3.76209 4.73308
3.82253 4.78768
4.76504 5.7908
3.79437 4.76041
4.76163 5.789
3.80676 4.7733
4.76559 5.79275
3.92073 4.95544
4.7479 5.77462
3.78073 4.73712
4.77442 5.80111
3.78478 4.7529
4.72325 5.75133
4.77507 5.80173
3.78986 4.74806
4.66974 5.70072
3.78405 4.70475
4.73994 5.76709
4.77169 5.79812
3.92097 4.95567
3.78462 4.74163
4.62165 5.6552
3.79203 4.75839
4.71451 5.74306
3.77537 4.69699
4.7622 5.78812
4.69352 5.72321
4.75756 5.78374
3.78424 4.75242
4.62234 5.65584
3.78306 4.73967
4.75874 5.78485
3.77751 4.69847
3.91787 4.95359
3.91356 4.94903
3.77428 4.74373
4.22078 5.24798
3.7901 4.75674
4.67563 5.7063
4.74594 5.77277
3.89807 4.85413
4.75396 5.78034
4.76623 5.79193
3.83835 4.80194
3.90501 4.94238
3.88529 4.84289
4.71102 5.73976
3.8819 4.83992
3.78469 4.74181
3.77971 4.73606
4.72521 5.75319
3.78865 4.74671
3.93774 4.88895
3.77614 4.69692
4.70745 5.73638
4.7132 5.74182
3.79108 4.75839
4.76264 5.78853
4.73117 5.75882
3.92352 4.96034
3.91499 4.94994
4.20496 5.23274
3.89623 4.93204
4.73706 5.76437
3.91295 4.94798
4.73884 5.76606
4.74892 5.77558
3.90775 4.943
4.18991 5.21826
3.77028 4.73962
4.75223 5.77871
4.75698 5.78319
3.78495 4.74201
4.75331 5.77972
3.76957 4.692
3.78348 4.74012
4.75435 5.78071
4.75753 5.78371
3.92319 4.95846
4.7629 5.78878
4.71316 5.74222
3.79417 4.76024
4.6811 5.71155
3.78294 4.74036
3.8951 4.85151
4.74301 5.77074
3.7715 4.6948
4.76039 5.78734
4.7748 5.80109
3.82914 4.74072
4.68156 5.71198
3.9024 4.93786
4.7725 5.79889
3.90439 4.94004
3.73921 4.71424
4.69308 5.723
4.76887 5.79543
3.93326 4.96978
3.91039 4.94553
3.77725 4.69826
3.78209 4.73895
3.78358 4.74059
3.79427 4.76115
4.76595 5.79264
3.79223 4.7507
4.74883 5.77631
3.87411 4.91065
3.78478 4.70533
3.80974 4.77593
3.78999 4.75664
4.75014 5.77756
4.74214 5.76991
3.95716 4.99292
4.7751 5.80136
3.75974 4.71461
3.7917 4.75011
4.75276 5.78006
3.86583 4.76947
4.75006 5.77748
4.77722 5.80339
3.79529 4.76181
3.91932 4.95467
4.75796 5.78502
4.76392 5.79071
4.77132 5.79776
4.77171 5.79814
3.88117 4.91745
3.93817 4.88933
3.78377 4.7408
4.7767 5.8029
3.89915 4.93729
3.90367 4.93908
3.7932 4.75995
4.13312 5.16351
3.92383 4.95934
4.2088 5.23644
3.96203 4.99765
4.17388 5.20281
3.77072 4.69277
3.73885 4.78151
3.78483 4.74187
3.9227 4.95798
3.8749 4.91317
3.89491 4.85134
3.92481 4.96028
4.04836 5.08169
3.92345 4.95897
3.77764 4.69858
4.07749 5.10984
3.77684 4.81851
4.08404 5.11616
3.92548 4.96069
3.85751 4.8953
3.95416 4.99002
4.20481 5.2326
3.91777 4.9526
3.79213 4.76091
3.97839 5.01404
3.91804 4.95342
4.21673 5.24408
3.7802 4.7017
3.74114 4.78374
3.91047 4.94646
3.79506 4.76184
3.81175 4.85243
3.77715 4.69837
3.93398 4.97048
3.9243 4.95954
4.1958 5.22393
3.86181 4.90046
3.91759 4.95516
3.90283 4.93909
3.77252 4.69416
4.15313 5.18282
4.02406 5.0582
3.85223 4.75883
4.03673 5.07045
3.85534 4.89319
3.92583 4.96104
4.04401 5.07749
4.10391 5.13534
3.8259 4.78821
3.79469 4.76127
3.91908 4.95477
3.92477 4.96
3.89385 4.9297
3.77764 4.69875
3.8145 4.85446
3.88991 4.92586
3.85527 4.8941
3.80033 4.76764
3.92167 4.95635
3.91472 4.95181
4.08364 5.11578
3.77693 4.698
4.15967 5.18912
3.92502 4.96049
3.77383 4.69548
3.9057 4.94133
3.77902 4.70076
3.95483 4.99068
3.91974 4.95509
3.78455 4.74154
4.19176 5.22003
4.17987 5.20858
3.7831 4.74006
3.91741 4.95226
4.19784 5.22588
3.84574 4.88391
3.77743 4.69841
4.18117 5.20983
3.76915 4.72458
4.19188 5.22015
3.85753 4.76298
3.79333 4.76005
4.2155 5.2429
3.87768 4.9141
3.78962 4.7478
3.80184 4.84212
3.9211 4.95642
3.78018 4.74823
3.78601 4.74378
3.91529 4.95023
3.92509 4.96031
3.91677 4.9538
3.73269 4.70848
3.79493 4.76149
3.958 4.99375
3.75602 4.72776
3.88169 4.91975
3.77659 4.69773
3.82614 4.86577
3.79377 4.76072
3.91999 4.95532
3.77554 4.73141
3.79168 4.75858
3.91934 4.9547
3.77543 4.69638
3.86142 4.90007
3.94685 4.98294
3.78599 4.74375
3.91739 4.95224
3.93993 4.97625
3.93884 4.97519
3.90113 4.93862
3.91235 4.94741
3.70276 4.68206
3.9169 4.95393
3.9239 4.95915
3.89691 4.93452
3.78496 4.74211
3.90356 4.94098
3.7758 4.69709
3.79837 4.76591
3.95849 4.99421
3.78181 4.7503
3.93006 4.96668
3.78431 4.74139
3.79585 4.76231
3.93205 4.96861
3.94324 4.97945
3.79233 4.75865
3.87208 4.83129
3.78499 4.74205
3.79525 4.76201
3.94693 4.98302
3.95878 4.9945
3.78566 4.70602
3.92088 4.95558
3.78981 4.75649
3.93987 4.97618
3.95219 4.98812
3.74055 4.67014
3.94884 4.98488
3.94812 4.98417
3.83916 4.80283
3.79069 4.75915
3.84536 4.88355
3.92152 4.95712
3.94928 4.9853
3.90562 4.94125
3.78752 4.75452
3.92569 4.96113
3.95281 4.98872
3.96113 4.99678
3.89695 4.93341
3.92503 4.96026
3.89501 4.93154
3.91144 4.94739
3.8819 4.91887
3.7685 4.69163
3.92476 4.96
3.8937 4.92955
3.85169 4.88968
3.78326 4.74009
3.79388 4.76056
3.87535 4.91255
3.8958 4.93152
3.77533 4.6963
3.79137 4.75863
3.87515 4.91236
3.76974 4.6938
3.78179 4.75129
3.77503 4.73112
3.9018 4.9381
3.76559 4.68934
3.89856 4.93432
3.84594 4.75391
3.90508 4.94126
3.92305 4.95858
3.91276 4.94825
3.90621 4.94235
3.77625 4.69768
3.91791 4.95363
3.79176 4.75017
3.91438 4.95023
3.90836 4.94359
3.92168 4.95636
3.92054 4.95617
3.92186 4.95744
3.91331 4.94833
3.87388 4.91043
3.90483 4.94019
3.91353 4.94854
3.89784 4.93347
3.91919 4.95397
3.91958 4.95434
3.78357 4.74058
3.89188 4.92775
3.94174 4.89247
3.87987 4.91619
3.92493 4.96016
3.92208 4.95673
3.76937 4.73944
3.90248 4.93793
3.9044 4.93977
3.77498 4.73146
3.91405 4.94951
3.91631 4.9512
3.91918 4.95395
3.84496 4.75314
3.92155 4.95623
3.77232 4.69401
3.77998 4.70152
3.9205 4.95521
3.78842 4.74646
3.85697 4.76255
3.72176 4.69885
3.92013 4.95547
3.80481 4.76487
3.77522 4.69621
3.90831 4.94389
3.90967 4.94522
3.89769 4.93346
3.92198 4.95728
3.78259 4.73915
3.7633 4.68706
3.91628 4.9517
3.77616 4.6976
3.83706 4.74693
3.91271 4.9482
3.74823 4.70168
3.91669 4.9521
3.79584 4.76252
3.92131 4.95662
3.77717 4.6982
3.85331 4.75967
3.92556 4.96078
3.78291 4.75279
3.8137 4.77941
3.77229 4.72844
3.77421 4.69579
3.89989 4.85572
3.81236 4.77873
3.74777 4.70117
3.93701 4.88831
3.80776 4.77418
3.85751 4.81847
3.81041 4.77652
3.93574 4.8872
3.79376 4.76071
3.77921 4.74735
3.9417 4.89244
3.77943 4.73643
3.779 4.73552
3.78819 4.7551
3.70391 4.68307
3.77312 4.69461
3.76874 4.69125
3.86264 4.76697
3.73464 4.70965
3.81272 4.77855
3.79548 4.76198
3.87535 4.83417
3.93124 4.88325
3.77536 4.69698
3.78949 4.75621
3.77751 4.69865
3.78553 4.75305
3.79272 4.76144
3.77925 4.73579
3.76424 4.73582
3.94373 4.89421
3.92028 4.87363
3.79996 4.76732
3.93582 4.88726
3.78887 4.75646
3.78475 4.75287
3.9099 4.86452
3.79172 4.76006
3.94305 4.89362
3.8517 4.81335
3.84575 4.80811
3.83482 4.79805
3.85534 4.81655
3.79399 4.76065
3.79572 4.76219
3.79606 4.76272
3.79611 4.76255
3.74059 4.71492
3.76097 4.73293
3.79417 4.76023
3.92039 4.87372
3.87515 4.83399
3.91487 4.86888
3.78444 4.70505
3.90826 4.86308
3.74423 4.71813
3.85756 4.76301
3.80496 4.77172
3.78618 4.75364
3.77771 4.6988
3.9098 4.86443
3.81075 4.77682
3.92921 4.88148
3.77767 4.6986
3.92829 4.88067
3.78192 4.7514
3.92327 4.87625
3.79433 4.76095
3.92218 4.8753
3.93225 4.88414
3.75621 4.72793
3.92927 4.88153
3.94108 4.8919
3.78321 4.74018
3.79259 4.75969
3.7743 4.69587
3.77218 4.74126
3.73425 4.70931
3.79572 4.76219
3.79098 4.7575
3.77573 4.69726
3.78584 4.75487
3.79227 4.75942
3.81191 4.77784
3.81234 4.77821
3.77371 4.69506
3.77418 4.74458
3.77622 4.69698
3.81458 4.78018
3.79301 4.75977
3.76404 4.73564
3.8033 4.77026
3.78454 4.75194
3.79178 4.76012
3.78509 4.74226
3.78511 4.75423
3.81258 4.77842
3.79397 4.76204
3.7951 4.76303
3.81435 4.77999
3.77743 4.69841
3.77829 4.74655
3.80275 4.76978
3.79936 4.76679
3.80439 4.77122
3.7983 4.76586
3.8068 4.77334
3.79239 4.75871
3.80327 4.77023
3.80943 4.77566
3.79277 4.75985
3.80967 4.77026
3.80797 4.77437
3.80976 4.77595
3.77767 4.69861
3.78614 4.7536
3.78088 4.73739
3.81194 4.77786
3.8139 4.77959
3.79323 4.75942
3.78905 4.75662
3.78822 4.70805
3.79485 4.76165
3.78755 4.70751
3.77598 4.74521
3.79409 4.76101
3.75725 4.68281
3.77101 4.74088
3.78124 4.7491
3.761 4.73212
3.78145 4.74938
3.79618 4.76282
3.77091 4.74079
3.78362 4.74028
3.78261 4.75042
3.79522 4.76175
3.77985 4.74858
3.79518 4.76194
3.78587 4.75385
3.78644 4.75434
3.77392 4.74277
3.78857 4.7562
3.78804 4.75573
3.79229 4.75943
3.77503 4.69761
3.79052 4.7579
3.7936 4.76058
3.77416 4.69605
3.79574 4.76244
3.76037 4.71507
3.8132 4.72816
3.78721 4.75425
3.79528 4.7618
3.78575 4.75299
3.7937 4.75983
3.78225 4.74997
3.78023 4.73732
3.8155 4.77672
3.75854 4.6845
3.77039 4.73971
3.79312 4.75934
3.79099 4.75751
3.72165 4.65549
3.78517 4.75249
3.7729 4.69472
3.78754 4.75453
3.78553 4.7528
3.79377 4.75989
3.79488 4.76145
3.78853 4.75539
3.78951 4.75623
3.79083 4.75737
3.79149 4.75793
3.79132 4.75779
3.79283 4.75908
3.79011 4.75717
3.79222 4.75856
3.77236 4.72853
3.79481 4.76138
3.79292 4.75916
3.79411 4.76018
3.77186 4.69425
3.79382 4.75993
3.79358 4.75972
3.77681 4.69791
3.7905 4.75752
3.7934 4.76012
3.78749 4.75481
3.7958 4.76227
3.77658 4.69726
3.78817 4.75542
3.82078 4.78256
3.82662 4.78901
3.78026 4.7483
3.79542 4.76192
3.79625 4.76267
3.79147 4.75839
3.78387 4.74078
3.79169 4.75859
3.78972 4.75681
3.82706 4.78949
3.78969 4.75679
3.79036 4.75739
3.79213 4.75898
3.7962 4.76263
3.79299 4.75976
3.77753 4.69849
3.79469 4.76128
3.76811 4.6908
3.77587 4.69672
3.79607 4.76251
3.78464 4.74165
3.79588 4.76234
3.83994 4.74919
3.78741 4.7078
3.76887 4.69143
3.86504 4.76886
3.8622 4.76663
3.81451 4.72919
3.77703 4.69828
3.78319 4.73981
3.82325 4.73608
3.78271 4.73947
3.7566 4.6823
3.73305 4.66461
3.78625 4.70649
3.84059 4.7497
3.86144 4.76604
3.79352 4.71262
3.77696 4.69803
3.86502 4.76884
3.77291 4.69446
3.77407 4.69568
3.77729 4.6983
3.72234 4.65603
3.776 4.69725
3.85874 4.76393
3.78208 4.73859
3.77369 4.69505
3.77604 4.69728
3.77465 4.69643
3.73961 4.66982
3.77646 4.69783
3.85216 4.75878
3.78165 4.70285
3.77085 4.69346
3.77861 4.73508
3.80722 4.72344
3.81102 4.72644
3.82521 4.73763
3.84336 4.80745
3.80745 4.72362
3.7764 4.69757
3.83117 4.74231
3.77638 4.69868
3.783 4.7396
3.74435 4.67318
3.75658 4.68294
3.7765 4.6972
3.82509 4.73753
3.84892 4.75624
3.74654 4.67492
3.83884 4.74834
3.8479 4.75544
3.76697 4.68989
3.83694 4.74684
3.77171 4.69375
3.84588 4.75386
3.78645 4.70665
3.85396 4.76018
3.85935 4.7644
3.75372 4.68004
3.85435 4.76049
3.86465 4.76855
3.77459 4.69574
3.77132 4.69323
3.78715 4.7072
3.77662 4.69729
3.7874 4.7074
3.76451 4.68924
3.77744 4.6986
3.78875 4.70846
3.78395 4.74087
3.75843 4.68441
3.77459 4.69574
3.77653 4.69768
3.77442 4.69712
3.78288 4.73981
3.78198 4.70311
3.77034 4.69388
3.77282 4.695
3.77507 4.69764
3.76915 4.69293
3.77107 4.69445
3.77706 4.69921
3.78861 4.70836
3.77482 4.69656
3.77961 4.70124
3.78297 4.7039
3.78263 4.70363
3.78408 4.70477
3.77633 4.69752
3.78196 4.7031
3.78465 4.70523
3.7925 4.75099
3.77566 4.69721
3.78585 4.70618
3.77169 4.69373
3.83478 4.798
3.78584 4.70617
3.77592 4.69719
3.76162 4.68624
3.76909 4.69208
3.77381 4.69547
3.77343 4.69548
3.76457 4.68855
3.84147 4.80537
3.77522 4.69622
3.7775 4.69865
3.76261 4.68701
3.76787 4.69113
3.76255 4.68697
3.77054 4.69322
3.77432 4.69617
3.77087 4.69348
3.76791 4.69116
3.77638 4.73262
3.76887 4.69191
3.77711 4.69833
3.77314 4.69525
3.7758 4.69708
3.77431 4.69617
3.7765 4.6972
3.77626 4.69768
3.77656 4.69791
3.77691 4.69818
3.76216 4.68618
3.77406 4.69533
3.77576 4.69663
3.76756 4.69035
3.76396 4.68756
3.7711 4.69307
3.78338 4.74084
3.77615 4.69692
3.77074 4.69279
3.77626 4.69701
3.7745 4.69567
3.77388 4.6952
3.7757 4.69658
3.77489 4.69597
3.77479 4.69589
3.78287 4.73964
3.77575 4.69663
3.77629 4.69703
3.77132 4.69343
3.76816 4.69084
3.77689 4.69797
3.77488 4.69634
3.77501 4.69645
3.77528 4.69666
3.79083 4.74914
3.79161 4.75021
3.77501 4.69644
3.77772 4.69865
3.77639 4.69757
3.77713 4.69817
3.77717 4.6982
3.7805 4.73686
3.77983 4.73709
3.79215 4.7506
3.84194 4.80588
3.84176 4.80569
3.77107 4.72672
3.75537 4.70972
3.7715 4.7272
3.84096 4.80481
3.78417 4.74124
3.79568 4.75473
3.78361 4.74049
3.84335 4.80743
3.78194 4.73844
3.76235 4.71754
3.7868 4.74465
3.78486 4.7419
3.81943 4.78106
3.78246 4.73901
3.78376 4.74147
3.84416 4.80833
3.84099 4.80484
3.83063 4.79343
3.78511 4.74219
3.84389 4.80803
3.80735 4.76769
3.81681 4.77817
3.80497 4.76504
3.8088 4.7693
3.78426 4.74123
3.82471 4.78689
3.78382 4.74085
3.77835 4.7345
3.78496 4.74201
3.7629 4.71792
3.77106 4.72706
3.78434 4.74106
3.81673 4.77808
3.83261 4.79562
3.82997 4.79271
3.76436 4.71955
3.82463 4.78681
3.83059 4.79339
3.79097 4.74929
3.83798 4.80153
3.83597 4.79932
3.78271 4.73928
3.83554 4.79884
3.83957 4.80328
3.83624 4.79961
3.78102 4.73775
3.83838 4.80197
3.78403 4.74096
3.8431 4.80716
3.78058 4.73727
3.78665 4.74449
3.7837 4.74072
3.78335 4.74081
3.79143 4.74981
3.7916 4.75
3.77634 4.73297
3.76523 4.72053
3.784 4.74093
3.78435 4.74133
3.78937 4.74752
3.78799 4.74598
3.78071 4.73786
3.78425 4.74182
3.78471 4.74232
3.78439 4.74112
3.78777 4.74573
3.78641 4.74422
3.78939 4.74753
3.78422 4.74118
3.78797 4.74596
3.79044 4.74871
3.78977 4.74796
3.79057 4.74885
3.78112 4.73766
3.79056 4.74884
3.79223 4.7507
3.77442 4.73044
3.76907 4.7245
3.77939 4.73595
3.78396 4.74065
3.785 4.74216
3.78461 4.74172
3.78306 4.73967
3.77034 4.72591
3.77706 4.73337
3.77507 4.73116
3.77858 4.73505
3.77916 4.73539
3.78514 4.74231
3.78036 4.73703
3.78474 4.74186
3.78124 4.738
3.7819 4.73872
3.77624 4.73217
3.78277 4.7397
3.78188 4.73871
3.78434 4.74106
3.78411 4.74117
3.78417 4.74124
3.78437 4.74146
3.78155 4.73801
3.78501 4.74216
3.78461 4.74172
3.77798 4.7341
3.78266 4.73923
3.78478 4.74181
3.78097 4.73737
3.7841 4.7408
3.78415 4.74085
3.77957 4.73584
3.77482 4.73062
3.78392 4.7406
3.77838 4.73453
3.7836 4.74025
3.77597 4.73189
3.78442 4.74115
3.78168 4.73816
3.78048 4.73684
3.78088 4.73728
3.78418 4.74088
3.78247 4.73902
3.78326 4.73989
3.78348 4.74013
3.7838 4.74047
3.78355 4.74021
3.78384 4.74051
3.78431 4.74103
3.78419 4.7409
3.7841 4.7408
3.77874 4.73495
3.78166 4.73828
3.78193 4.73859
3.78502 4.74208
3.77877 4.73498
3.77954 4.73586
3.78459 4.7416
3.78517 4.74225
3.7844 4.74138
3.78334 4.74019
3.78254 4.73928
3.78281 4.73958
3.78501 4.74207
3.78352 4.74038
3.78334 4.74018
3.78515 4.74223
3.78387 4.74078
3.78426 4.74123
3.78476 4.74178
3.78478 4.74181
3.7851 4.74217
3.78511 4.74219
