2.81034 2.0152
2.80451 2.06607
2.80011 2.05059
2.8142 1.96946
2.80607 2.0349
2.81592 1.95813
2.81593 1.97769
2.81572 1.97919
2.81344 1.99455
2.81178 1.94542
2.80256 2.02938
2.80949 2.02556
2.80219 2.06923
2.81028 1.99338
2.81077 2.01091
2.80816 2.01787
2.80743 1.99194
2.80756 2.02423
2.80959 2.01995
2.81155 2.00946
2.81564 1.97899
2.8163 1.94632
2.80611 2.01443
2.81409 1.97033
2.81782 1.96135
2.81499 1.94542
2.81206 1.9987
2.80244 2.07932
2.80701 2.03826
2.81626 1.97116
2.80945 2.01772
2.81082 2.01728
2.8023 2.07915
2.80843 2.03315
2.8155 1.97899
2.80467 2.06218
2.80446 2.06097
2.80325 2.06852
2.81537 1.97715
2.80079 2.07072
2.80104 2.08656
2.81691 1.9671
2.80582 2.05311
2.80516 2.06077
2.8154 1.94154
2.80389 2.07172
2.81146 2.01288
2.80667 2.04449
2.81615 1.97358
2.80909 2.02749
2.81311 1.99797
2.80869 2.02643
2.80852 2.03574
2.80481 2.04745
2.80733 1.97265
2.80262 2.07894
2.8039 2.04936
2.80628 2.05205
2.80703 2.01862
2.81663 1.96869
2.80424 2.05852
2.80705 1.96876
2.81439 1.9895
2.80308 2.07184
2.80628 2.04295
2.81569 1.97761
2.80069 2.09489
2.81 1.9954
2.81374 1.98999
2.80106 2.0082
2.81436 1.98358
2.80628 2.04483
2.81757 1.89372
2.80016 2.0735
2.8144 1.98776
2.81571 1.97327
2.80178 2.07918
2.81674 1.9634
2.80843 2.02415
2.80245 2.06399
2.81665 1.96786
2.81775 1.93847
2.80176 2.08107
2.80604 2.05035
2.80173 2.08121
2.80683 2.01563
2.80708 1.99062
2.80154 2.08464
2.81208 1.98923
2.80179 2.08071
2.81661 1.97107
2.81732 1.92905
2.8031 2.01493
2.80517 2.06071
2.80892 2.02816
2.81059 1.99303
2.81166 1.95639
2.80538 2.05707
2.80036 2.09978
2.80715 2.01861
