2.84062 1.87064
2.83651 1.81392
2.83341 1.72898
2.84335 1.89916
2.83761 1.81605
2.84456 1.9186
2.84457 1.93332
2.84442 1.93103
2.84281 1.90557
2.84164 1.83812
2.83514 1.75272
2.84002 1.86449
2.83488 1.77879
2.84058 1.85306
2.84092 1.87442
2.83909 1.83728
2.83857 1.80387
2.83866 1.83231
2.84009 1.86206
2.84148 1.88592
2.84436 1.92956
2.84483 1.91564
2.83764 1.80042
2.84327 1.89803
2.8459 1.95174
2.8439 1.89304
2.84184 1.88633
2.83506 1.79039
2.83828 1.83393
2.8448 1.93391
2.84 1.85816
2.84096 1.87986
2.83495 1.78797
2.83928 1.85308
2.84426 1.92725
2.83662 1.81368
2.83648 1.80948
2.83563 1.79556
2.84417 1.92386
2.83389 1.75691
2.83407 1.77309
2.84526 1.94131
2.83744 1.82557
2.83697 1.82061
2.84419 1.89678
2.83608 1.80809
2.84142 1.88705
2.83804 1.83299
2.84472 1.93381
2.83974 1.85957
2.84258 1.90272
2.83946 1.85232
2.83934 1.85632
2.83672 1.80504
2.8385 1.78481
2.83518 1.79289
2.83608 1.79151
2.83776 1.83223
2.83829 1.81922
2.84506 1.93803
2.83632 1.80414
2.8383 1.77617
2.84348 1.91701
2.8355 1.79511
2.83776 1.82553
2.8444 1.9294
2.83382 1.77346
2.84038 1.85007
2.84302 1.90703
2.83408 1.70683
2.84346 1.9123
2.83776 1.827
2.84573 1.8924
2.83345 1.74875
2.84349 1.91596
2.84441 1.92651
2.83459 1.77961
2.84514 1.93586
2.83928 1.84646
2.83506 1.77909
2.84507 1.93772
2.84585 1.9334
2.83457 1.78067
2.83759 1.82709
2.83455 1.78029
2.83815 1.81346
2.83833 1.79676
2.83442 1.77981
2.84185 1.87958
2.8346 1.78094
2.84505 1.93937
2.84555 1.91885
2.83552 1.74929
2.83698 1.82065
2.83962 1.85729
2.8408 1.85792
2.84156 1.84572
2.83712 1.82137
2.83359 1.77181
2.83837 1.82113
