2.87918 2.05543
2.87682 2.10002
2.87504 2.10565
2.88074 2.0201
2.87745 2.08002
2.88144 2.00869
2.88144 2.01751
2.88136 2.01898
2.88044 2.03448
2.87977 2.01133
2.87604 2.08653
2.87884 2.06322
2.87589 2.1101
2.87916 2.04508
2.87935 2.05191
2.8783 2.0645
2.878 2.05167
2.87806 2.06968
2.87888 2.06037
2.87967 2.04827
2.88133 2.01923
2.88159 2.00142
2.87747 2.06884
2.8807 2.0209
2.88221 2.00317
2.88106 2.00471
2.87988 2.04158
2.87599 2.11375
2.87784 2.07825
2.88158 2.01344
2.87882 2.05989
2.87937 2.05447
2.87593 2.11424
2.87841 2.07059
2.88127 2.01979
2.87689 2.09773
2.8768 2.09799
2.87632 2.1059
2.88122 2.01949
2.87532 2.11555
2.87542 2.12229
2.88184 2.00918
2.87735 2.08935
2.87709 2.09519
2.88123 2.00133
2.87657 2.10485
2.87964 2.05005
2.8777 2.08232
2.88153 2.01492
2.87868 2.06559
2.8803 2.03724
2.87851 2.06666
2.87844 2.07135
2.87695 2.09047
2.87796 2.03766
2.87606 2.11292
2.87658 2.09451
2.87754 2.08709
2.87784 2.06854
2.88173 2.01094
2.87672 2.0977
2.87785 2.03457
2.88082 2.02863
2.87624 2.10806
2.87754 2.0831
2.88135 2.01843
2.87528 2.1273
2.87904 2.04701
2.88056 2.03135
2.87543 2.07121
2.88081 2.02618
2.87754 2.08393
2.88211 1.96441
2.87506 2.11899
2.88082 2.02784
2.88135 2.01649
2.87572 2.11621
2.88177 2.00822
2.87841 2.06657
2.87599 2.10665
2.88173 2.01051
2.88218 1.99273
2.87571 2.11713
2.87744 2.08731
2.8757 2.11731
2.87776 2.06753
2.87786 2.05146
2.87562 2.11954
2.87989 2.03705
2.87573 2.11685
2.88172 2.01205
2.88201 1.98888
2.87625 2.07544
2.87709 2.09514
2.87861 2.06654
2.87928 2.04392
2.87972 2.01935
2.87717 2.09277
2.87515 2.13064
2.87789 2.06818
