2.92826 3.29688
3.26732 3.64028
2.9543 3.30243
3.23248 3.60946
3.07227 3.45677
3.54213 3.88496
3.25488 3.62811
2.92921 3.28428
3.29405 3.66414
2.92715 3.29985
3.46645 3.81782
2.92797 3.30088
3.543 3.88573
3.45686 3.8093
2.92302 3.2798
3.25717 3.63057
3.24165 3.6165
2.97202 3.3649
3.07218 3.46576
3.4964 3.8444
2.97183 3.36473
3.29137 3.66204
3.50745 3.8542
2.975 3.36761
3.22834 3.60487
2.91595 3.27463
3.55014 3.89206
2.97295 3.36574
3.48319 3.83269
3.54068 3.88367
3.25604 3.62943
3.55276 3.89438
2.9231 3.27938
3.25652 3.62987
3.20824 3.58746
3.25184 3.62582
2.91547 3.29053
2.92743 3.296
3.38169 3.74249
2.97664 3.36953
3.25678 3.63022
3.29581 3.66571
3.23574 3.61108
2.9274 3.29597
2.92695 3.29968
3.25501 3.62821
2.97472 3.36727
3.41083 3.76841
2.93195 3.30376
2.97392 3.36653
3.35816 3.72154
3.43046 3.78586
2.97129 3.36423
2.94398 3.31389
2.97177 3.36439
3.11018 3.49991
3.19085 3.57138
3.25889 3.632
2.9329 3.32965
3.24605 3.62046
3.07448 3.46782
3.25916 3.63224
2.92592 3.28149
3.28749 3.65829
2.96699 3.33324
3.22957 3.60563
2.91973 3.29378
3.24304 3.61758
3.05435 3.44051
3.03237 3.42052
3.46862 3.81975
2.92784 3.29668
3.22636 3.6031
3.53814 3.88142
2.97077 3.36348
2.97266 3.36519
3.14784 3.53333
2.92646 3.29512
2.97362 3.36635
3.25211 3.627
3.23623 3.61191
2.97147 3.3644
3.25137 3.62524
2.92795 3.29642
3.25418 3.62791
3.31173 3.68018
2.92642 3.29482
3.25811 3.63129
3.55006 3.89199
2.98428 3.3765
2.92722 3.29566
3.13594 3.52264
3.23616 3.61185
3.25763 3.63086
3.14508 3.53122
2.97515 3.36774
3.37735 3.73862
3.25527 3.62845
3.52914 3.87344
2.93119 3.30285
3.24565 3.61989
3.24441 3.6192
3.25509 3.62858
2.9698 3.36288
2.92082 3.27819
2.93078 3.30271
2.97326 3.36573
3.13204 3.51952
2.97432 3.3669
3.41737 3.77423
3.2461 3.6205
2.9807 3.37324
2.92659 3.29939
3.19515 3.57574
2.92493 3.29323
2.9314 3.30323
2.97459 3.36715
2.92251 3.27893
3.48646 3.83559
2.96392 3.35727
3.25381 3.62715
3.55411 3.89558
3.22956 3.60595
2.98574 3.37783
3.15512 3.53986
3.25093 3.62594
2.95736 3.35154
2.97375 3.36688
2.97349 3.36594
2.97362 3.36635
3.50722 3.854
2.92514 3.28091
3.5383 3.88156
3.1886 3.56988
3.25465 3.62819
3.24832 3.62227
3.35739 3.72086
3.29049 3.66096
2.9342 3.33063
2.92417 3.28009
2.92739 3.29984
3.37006 3.73214
2.93133 3.30316
3.43724 3.79188
3.2438 3.61866
2.96541 3.35887
3.25242 3.62634
3.41697 3.77387
3.46281 3.81459
3.21862 3.59619
2.93009 3.30225
2.93018 3.30232
3.49301 3.8414
3.24686 3.62097
3.25702 3.63044
3.45647 3.80896
3.25638 3.62987
3.23903 3.61415
2.9256 3.28126
2.97463 3.36719
3.48626 3.83541
3.53117 3.87524
3.25308 3.62677
3.25443 3.62799
3.28817 3.65889
3.25023 3.62502
2.96982 3.3629
3.52509 3.86985
3.52325 3.86822
3.5132 3.85931
2.97224 3.36498
2.97293 3.36631
3.05923 3.44493
3.51102 3.85737
3.17908 3.56086
2.97199 3.36458
3.51451 3.86046
2.97398 3.36638
3.06989 3.45461
2.97283 3.36564
2.92936 3.30165
3.52521 3.86996
3.54883 3.8909
2.92359 3.29726
2.92633 3.2822
2.96176 3.35555
2.9406 3.3365
2.91787 3.27581
3.26659 3.63963
2.92752 3.29603
2.97464 3.33953
3.21102 3.58906
3.13517 3.52196
2.927 3.2957
3.24863 3.62254
3.25383 3.62717
3.23834 3.61439
3.05804 3.44385
2.92466 3.28043
3.2501 3.6249
2.92685 3.29539
3.29134 3.66172
2.96763 3.3609
3.21502 3.59353
2.92818 3.29676
3.15947 3.54376
2.92312 3.27935
2.97434 3.367
3.25332 3.62699
3.2132 3.591
3.25268 3.62642
3.0451 3.43209
3.19475 3.57539
3.28018 3.65176
2.91451 3.27374
3.24805 3.62307
3.25072 3.6244
3.05098 3.43744
2.973 3.36549
3.27326 3.64559
2.97424 3.36682
3.243 3.61772
3.23446 3.61092
2.97525 3.36775
3.2305 3.60737
2.9699 3.3627
3.26327 3.63666
2.9185 3.27627
3.23024 3.60714
2.92521 3.28153
3.2512 3.62525
2.92513 3.28076
2.93204 3.30376
3.23689 3.61309
3.29182 3.66215
3.2546 3.62892
3.25686 3.63094
2.92583 3.28143
2.92017 3.28832
3.2634 3.63678
2.95383 3.30209
3.29536 3.66531
2.92549 3.281
3.2494 3.62365
2.92428 3.2804
3.04316 3.43033
2.97106 3.33659
3.27217 3.64462
2.92531 3.28088
2.97377 3.3664
2.93162 3.30349
3.26538 3.63855
2.93797 3.30914
3.07314 3.45756
3.27658 3.64855
3.24883 3.62315
3.27545 3.64754
2.92416 3.28018
2.92145 3.27819
3.28026 3.65183
2.92509 3.28144
2.9643 3.35786
3.29211 3.66241
2.98749 3.37944
2.94845 3.31796
3.2732 3.64553
3.28553 3.65653
2.96947 3.3623
3.28218 3.65354
2.97036 3.36338
3.06911 3.45391
3.28145 3.6529
3.2522 3.62614
2.97437 3.36694
2.93098 3.30268
2.96572 3.35953
2.96434 3.3579
2.9727 3.36523
2.93068 3.30244
3.28261 3.65393
2.92074 3.27769
2.92819 3.30044
3.28618 3.65712
3.2542 3.62793
2.92763 3.29621
2.92563 3.28136
2.92905 3.28417
3.23895 3.61408
3.28614 3.65708
3.29449 3.66453
2.92705 3.29552
3.29054 3.66101
3.04117 3.42853
3.29446 3.66451
3.20541 3.5844
2.92945 3.28446
3.1787 3.56052
3.23028 3.6066
3.00827 3.39857
3.25881 3.63192
2.9308 3.29978
3.25312 3.62653
3.24477 3.61952
2.97456 3.36721
3.21523 3.59316
2.92384 3.28008
3.20849 3.58714
2.9358 3.30735
3.25834 3.63162
2.92444 3.28051
3.25636 3.62985
3.25643 3.62979
2.98705 3.37903
3.2581 3.63128
3.2417 3.61638
3.25605 3.62944
2.95541 3.30322
3.18503 3.56619
2.98691 3.3789
3.25486 3.62851
3.20868 3.58732
3.25842 3.63157
3.22623 3.60298
2.97519 3.3677
2.97253 3.36525
3.22914 3.6052
3.18867 3.56944
2.92382 3.27984
2.92442 3.29739
3.22509 3.6016
3.25902 3.63222
2.92518 3.28104
3.04995 3.43651
2.91359 3.27291
3.21451 3.59217
3.23514 3.61093
2.93143 3.30305
3.23189 3.60773
3.24774 3.62217
3.23841 3.61385
3.04105 3.42841
3.23954 3.61486
3.24689 3.62122
3.24281 3.61777
2.93096 3.30296
3.25879 3.63202
2.93048 3.29944
2.98601 3.37827
2.97144 3.36424
3.2472 3.62169
3.24274 3.61772
2.92945 3.28445
3.25124 3.62529
3.24771 3.62214
2.92642 3.29902
2.9207 3.29457
2.94084 3.31169
3.25501 3.62822
2.93146 3.30307
3.25387 3.62764
2.93559 3.30717
3.25519 3.62881
2.97358 3.36602
3.2493 3.62314
2.92691 3.29533
3.25814 3.63144
2.92826 3.30076
3.24108 3.61583
3.25836 3.63163
2.92995 3.29887
3.22325 3.59995
2.92802 3.28342
3.24664 3.62078
3.25723 3.6305
2.97365 3.36609
2.92821 3.29679
3.20722 3.58567
2.93068 3.30244
3.23817 3.61324
2.92512 3.28099
3.25407 3.62738
3.23117 3.60701
3.25252 3.62601
2.92808 3.30061
3.20745 3.58587
2.92769 3.29615
3.25291 3.62635
2.92584 3.28143
2.97262 3.36544
2.97119 3.36401
2.92476 3.2979
3.07359 3.45797
2.93003 3.30192
3.22521 3.6017
3.24865 3.62256
2.96602 3.33244
3.25132 3.62494
3.25541 3.62857
2.94612 3.31615
2.96834 3.36192
2.96176 3.32893
3.237 3.6122
2.96063 3.32801
2.92823 3.29685
2.92657 3.29499
3.24174 3.61642
2.92955 3.29844
2.97924 3.34332
2.92538 3.28093
3.23581 3.61114
3.23773 3.61285
2.93036 3.30247
3.25421 3.62751
3.24372 3.61818
2.97451 3.36757
2.97166 3.36429
3.06832 3.45319
2.96541 3.35866
3.24568 3.61993
2.97098 3.36367
3.24628 3.62046
3.24964 3.62344
2.96925 3.3621
3.0633 3.44863
2.92342 3.29659
3.25074 3.62442
3.25232 3.62583
2.92832 3.29691
3.2511 3.62474
2.92319 3.27945
2.92783 3.29629
3.25145 3.62505
3.25251 3.62599
2.9744 3.36697
3.2543 3.62759
3.23772 3.61297
2.93139 3.30302
3.22703 3.60335
2.92765 3.2964
2.96503 3.33163
3.24767 3.62191
2.92383 3.28039
3.25346 3.62712
3.25827 3.63143
2.94305 3.29439
3.22719 3.60349
2.96747 3.36049
3.2575 3.63074
2.96813 3.36118
2.91307 3.28873
3.23102 3.60694
3.25629 3.62966
2.97775 3.37054
2.97013 3.3629
2.92575 3.28137
2.92736 3.29593
2.92786 3.29646
2.93142 3.30333
3.25531 3.62878
2.93074 3.29972
3.24961 3.62366
2.95804 3.35193
2.92826 3.2836
2.93658 3.30799
2.93 3.3019
3.25005 3.62405
3.24738 3.62165
2.98572 3.37782
3.25836 3.63152
2.91991 3.28813
2.93057 3.29953
3.25092 3.62484
2.95527 3.30312
3.25002 3.62403
3.25907 3.63216
2.93176 3.30353
2.97311 3.36578
3.25265 3.62639
3.25464 3.62818
3.2571 3.63039
3.25724 3.63051
2.96039 3.35407
2.97939 3.34344
2.92792 3.29652
3.2589 3.632
2.96638 3.36032
2.96789 3.36087
2.93107 3.30295
3.04437 3.43143
2.97461 3.36725
3.0696 3.45435
2.98734 3.3793
3.05796 3.44378
2.92357 3.27967
2.91295 3.31133
2.92828 3.29686
2.97423 3.36682
2.9583 3.35274
2.96497 3.33157
2.97493 3.36755
3.01612 3.40572
2.97448 3.36713
2.92588 3.28147
3.02583 3.41457
2.92561 3.32297
3.02801 3.41655
2.97516 3.36767
2.9525 3.34711
2.98472 3.3769
3.06827 3.45314
2.97259 3.36513
2.93071 3.30332
2.9928 3.38445
2.97268 3.36538
3.07224 3.45675
2.92673 3.28249
2.91371 3.31203
2.97015 3.3632
2.93168 3.30355
2.93725 3.33364
2.92572 3.28141
2.97799 3.37076
2.97477 3.36731
3.06527 3.45042
2.95394 3.34874
2.97253 3.36595
2.96761 3.36088
2.92417 3.28009
3.05104 3.4375
3.00802 3.39834
2.95074 3.29989
3.01224 3.40219
2.95178 3.34645
2.97528 3.36778
3.01467 3.4044
3.03463 3.42258
2.94196 3.31176
2.93156 3.30336
2.97303 3.36581
2.97492 3.36746
2.96462 3.35792
2.92588 3.28153
2.93817 3.33427
2.9633 3.35672
2.95176 3.34674
2.93344 3.3054
2.97389 3.3663
2.97157 3.36489
3.02788 3.41643
2.92564 3.28129
3.05322 3.43948
2.97501 3.36761
2.92461 3.28052
2.96856 3.36158
2.92634 3.2822
2.98494 3.37711
2.97325 3.36591
2.92818 3.29676
3.06392 3.44919
3.05996 3.44559
2.9277 3.29629
2.97247 3.36502
3.06594 3.45103
2.94858 3.34353
2.92581 3.28141
3.06039 3.44599
2.92305 3.29131
3.06396 3.44923
2.95251 3.30115
2.93111 3.30298
3.07183 3.45638
2.95923 3.35302
2.92987 3.29879
2.93394 3.33039
2.9737 3.36633
2.92673 3.29928
2.92867 3.2975
2.97176 3.36438
2.97503 3.36755
2.97226 3.36551
2.9109 3.28693
2.93164 3.30343
2.986 3.37807
2.91867 3.29291
2.96056 3.35481
2.92553 3.28121
2.94205 3.33783
2.93126 3.3032
2.97333 3.36598
2.92518 3.2935
2.93056 3.30252
2.97311 3.36579
2.92514 3.28077
2.95381 3.34862
2.98228 3.37468
2.92866 3.29749
2.97246 3.36501
2.97998 3.37257
2.97961 3.37224
2.96704 3.36074
2.97078 3.36349
2.90092 3.27867
2.9723 3.36555
2.97463 3.36719
2.96564 3.35945
2.92832 3.29695
2.96785 3.36148
2.92527 3.28101
2.93279 3.30486
2.98616 3.37822
2.92727 3.29995
2.97669 3.36956
2.9281 3.29671
2.93195 3.30369
2.97735 3.37017
2.98108 3.37358
2.93077 3.30252
2.95736 3.32531
2.92833 3.29692
2.93175 3.3036
2.98231 3.3747
2.98626 3.37831
2.92855 3.28381
2.97363 3.36606
2.92994 3.30185
2.97995 3.37255
2.98406 3.37631
2.91352 3.27285
2.98295 3.37528
2.9827 3.37506
2.94639 3.31644
2.93023 3.30275
2.94845 3.34342
2.97384 3.36655
2.98309 3.37542
2.96854 3.36156
2.92917 3.30123
2.97523 3.36781
2.98427 3.37649
2.98704 3.37903
2.96565 3.3591
2.97501 3.36754
2.965 3.35851
2.97048 3.36349
2.96063 3.35452
2.92283 3.27937
2.97492 3.36745
2.96457 3.35788
2.95056 3.34534
2.92775 3.29629
2.93129 3.30314
2.95845 3.35254
2.96527 3.3585
2.92511 3.28074
2.93045 3.30255
2.95838 3.35248
2.92325 3.2801
2.92726 3.30029
2.92501 3.29342
2.96727 3.36057
2.92186 3.27867
2.96619 3.35938
2.94865 3.2984
2.96836 3.36156
2.97435 3.36701
2.97092 3.36376
2.96873 3.36191
2.92542 3.2812
2.97263 3.36545
2.93058 3.29955
2.97146 3.36439
2.96945 3.36229
2.97389 3.3663
2.97351 3.36625
2.97395 3.36665
2.9711 3.36378
2.95796 3.35187
2.96828 3.36122
2.97118 3.36385
2.96595 3.35911
2.97306 3.36555
2.97319 3.36567
2.92786 3.29645
2.96396 3.35731
2.98058 3.34442
2.95996 3.35368
2.97498 3.36751
2.97402 3.36642
2.92312 3.29656
2.96749 3.36051
2.96813 3.36109
2.92499 3.29354
2.97135 3.36415
2.9721 3.36469
2.97306 3.36555
2.94832 3.29817
2.97385 3.36627
2.92411 3.28005
2.92666 3.28244
2.9735 3.36595
2.92947 3.29836
2.95232 3.30102
2.90725 3.28392
2.97338 3.36603
2.93494 3.30428
2.92507 3.28072
2.96944 3.36239
2.96989 3.36281
2.9659 3.35911
2.97399 3.3666
2.92753 3.29598
2.9211 3.27794
2.97209 3.36484
2.92539 3.28118
2.94568 3.29628
2.9709 3.36374
2.91608 3.28396
2.97223 3.36497
2.93195 3.30376
2.97377 3.36639
2.92572 3.28135
2.9511 3.30015
2.97519 3.3677
2.92764 3.30078
2.9379 3.30908
2.92409 3.29257
2.92474 3.28061
2.96663 3.33294
2.93745 3.30889
2.91592 3.2838
2.979 3.34312
2.93592 3.30745
2.9525 3.3213
2.9368 3.30818
2.97858 3.34277
2.93125 3.3032
2.9264 3.299
2.98057 3.34441
2.92648 3.29514
2.92633 3.29483
2.9294 3.30141
2.9013 3.27899
2.92437 3.28023
2.92291 3.27921
2.95421 3.30236
2.91154 3.28728
2.93757 3.30881
2.93183 3.30358
2.95845 3.32621
2.97708 3.34154
2.92512 3.28099
2.92983 3.30176
2.92583 3.2815
2.92851 3.30079
2.93091 3.30349
2.92641 3.29492
2.92141 3.29546
2.98124 3.34496
2.97342 3.33853
2.93332 3.3053
2.9786 3.34279
2.92962 3.30187
2.92825 3.30075
2.96997 3.33569
2.93057 3.30303
2.98101 3.34478
2.95056 3.31971
2.94858 3.31807
2.94494 3.31491
2.95178 3.32071
2.93133 3.30317
2.93191 3.30365
2.93202 3.30382
2.93204 3.30376
2.91353 3.28892
2.92032 3.29455
2.93139 3.30301
2.97346 3.33856
2.95838 3.32615
2.97162 3.33705
2.92814 3.28351
2.96942 3.33524
2.91474 3.28993
2.95252 3.30116
2.93498 3.30668
2.92873 3.30097
2.9259 3.28155
2.96993 3.33566
2.93692 3.30827
2.9764 3.34098
2.92589 3.28147
2.9761 3.34073
2.9273 3.30033
2.97442 3.33935
2.93144 3.30326
2.97406 3.33905
2.97742 3.34182
2.91873 3.29296
2.97642 3.341
2.98036 3.34424
2.92774 3.29633
2.93086 3.30288
2.92477 3.28063
2.92406 3.2971
2.91142 3.28717
2.9319 3.30365
2.93033 3.30216
2.92524 3.28108
2.92861 3.30141
2.93076 3.30279
2.9373 3.30859
2.93744 3.30871
2.92457 3.28037
2.92472 3.2982
2.92541 3.28095
2.93819 3.30932
2.931 3.30289
2.92135 3.2954
2.93443 3.30622
2.92818 3.30043
2.93059 3.30305
2.92836 3.29699
2.92837 3.30121
2.93753 3.30877
2.93132 3.30365
2.9317 3.30396
2.93812 3.30926
2.92581 3.28141
2.9261 3.29875
2.93425 3.30607
2.93312 3.30514
2.9348 3.30652
2.93277 3.30485
2.9356 3.30718
2.9308 3.30254
2.93442 3.30621
2.93648 3.30791
2.93092 3.30293
2.93656 3.306
2.93599 3.30751
2.93659 3.308
2.92589 3.28147
2.92871 3.30096
2.92696 3.29542
2.93731 3.3086
2.93797 3.30914
2.93107 3.30276
2.92968 3.30192
2.9294 3.28442
2.93161 3.30349
2.92918 3.28426
2.92533 3.29836
2.93136 3.30329
2.91908 3.27668
2.92367 3.297
2.92708 3.29954
2.92033 3.29427
2.92715 3.29963
2.93206 3.30385
2.92364 3.29698
2.92787 3.29634
2.92754 3.29996
2.93174 3.30351
2.92661 3.29941
2.93173 3.30358
2.92862 3.30105
2.92881 3.30121
2.92464 3.29757
2.92952 3.30179
2.92935 3.30164
2.93076 3.3028
2.92501 3.28124
2.93017 3.30232
2.9312 3.30315
2.92472 3.28071
2.93191 3.30373
2.92012 3.28827
2.93773 3.29058
2.92907 3.30115
2.93176 3.30353
2.92858 3.30076
2.93123 3.30289
2.92742 3.29982
2.92674 3.29542
2.9385 3.30807
2.91951 3.27724
2.92346 3.29662
2.93104 3.30273
2.93033 3.30216
2.90722 3.2684
2.92839 3.3006
2.9243 3.28028
2.92918 3.30124
2.92851 3.3007
2.93126 3.30291
2.93163 3.30342
2.92951 3.3015
2.92984 3.30177
2.93027 3.30212
2.93049 3.3023
2.93044 3.30225
2.93094 3.30266
2.93004 3.30208
2.93074 3.30249
2.92412 3.2926
2.9316 3.3034
2.93097 3.30268
2.93137 3.303
2.92395 3.28016
2.93127 3.30292
2.93119 3.30285
2.9256 3.28126
2.93017 3.30219
2.93113 3.303
2.92916 3.30134
2.93193 3.30367
2.92553 3.28103
2.92939 3.30153
2.94026 3.30995
2.94221 3.31201
2.92675 3.2993
2.9318 3.30356
2.93208 3.3038
2.93049 3.30246
2.92796 3.29651
2.93056 3.30252
2.9299 3.30196
2.94235 3.31217
2.9299 3.30196
2.93012 3.30214
2.93071 3.30264
2.93207 3.30379
2.931 3.30289
2.92584 3.28144
2.93156 3.30336
2.9227 3.27908
2.92529 3.28087
2.93202 3.30375
2.92821 3.29679
2.93196 3.30369
2.94664 3.29697
2.92914 3.28438
2.92296 3.27927
2.95501 3.30294
2.95407 3.30226
2.93817 3.29089
2.92568 3.28139
2.92773 3.2962
2.94108 3.29299
2.92757 3.29609
2.91887 3.27653
2.91102 3.27119
2.92875 3.28395
2.94686 3.29712
2.95381 3.30208
2.93117 3.28584
2.92565 3.2813
2.95501 3.30293
2.9243 3.28018
2.92469 3.28058
2.92576 3.28138
2.90745 3.26856
2.92533 3.28106
2.95291 3.30144
2.92736 3.2958
2.92456 3.28036
2.92535 3.28107
2.92488 3.28082
2.9132 3.27278
2.92548 3.28125
2.95072 3.29988
2.92722 3.28284
2.92362 3.27992
2.9262 3.29469
2.93574 3.28914
2.93701 3.29005
2.94174 3.29346
2.94779 3.31792
2.93582 3.28919
2.92546 3.28116
2.94372 3.29488
2.92546 3.28157
2.92767 3.29613
2.91478 3.27378
2.91886 3.27676
2.9255 3.28101
2.9417 3.29343
2.94964 3.29911
2.91551 3.27431
2.94628 3.29671
2.9493 3.29887
2.92232 3.2788
2.94565 3.29626
2.9239 3.27999
2.94863 3.29839
2.92882 3.284
2.95132 3.30031
2.95312 3.30158
2.91791 3.27584
2.95145 3.3004
2.95488 3.30284
2.92486 3.28057
2.92377 3.27981
2.92905 3.28417
2.92554 3.28104
2.92913 3.28423
2.9215 3.27869
2.92581 3.28148
2.92958 3.28455
2.92798 3.29654
2.91947 3.27721
2.92486 3.28057
2.92551 3.28119
2.9248 3.28109
2.92762 3.29621
2.92733 3.28292
2.92345 3.2801
2.92427 3.28039
2.92502 3.28125
2.92305 3.27981
2.92369 3.28028
2.92569 3.28173
2.92954 3.28452
2.92494 3.28086
2.92654 3.28235
2.92766 3.28316
2.92754 3.28308
2.92803 3.28343
2.92544 3.28114
2.92732 3.28292
2.92822 3.28356
2.93083 3.29981
2.92522 3.28106
2.92862 3.28385
2.92389 3.27998
2.94493 3.31489
2.92861 3.28385
2.92531 3.28104
2.92054 3.27773
2.92303 3.2795
2.9246 3.28051
2.92448 3.28054
2.92152 3.27843
2.94716 3.31725
2.92507 3.28072
2.92583 3.2815
2.92087 3.27796
2.92262 3.27921
2.92085 3.27795
2.92351 3.27985
2.92477 3.28075
2.92362 3.27993
2.92264 3.27922
2.92546 3.2939
2.92295 3.27945
2.9257 3.2814
2.92438 3.28047
2.92526 3.28101
2.92477 3.28074
2.9255 3.28101
2.92542 3.2812
2.92552 3.28127
2.92564 3.28136
2.92072 3.27767
2.92469 3.28045
2.92525 3.28084
2.92252 3.27894
2.92132 3.27809
2.9237 3.27976
2.92779 3.29655
2.92538 3.28093
2.92358 3.27968
2.92542 3.28096
2.92483 3.28055
2.92463 3.28041
2.92523 3.28083
2.92496 3.28064
2.92493 3.28062
2.92762 3.29615
2.92525 3.28084
2.92543 3.28096
2.92377 3.27989
2.92272 3.27909
2.92563 3.28128
2.92496 3.28078
2.925 3.28081
2.92509 3.28088
2.93028 3.29922
2.93054 3.29957
2.925 3.28081
2.92591 3.28149
2.92546 3.28116
2.92571 3.28134
2.92572 3.28135
2.92683 3.29525
2.92661 3.29535
2.93071 3.29969
2.94731 3.31741
2.94725 3.31735
2.92369 3.292
2.91846 3.28655
2.92383 3.29216
2.94699 3.31707
2.92806 3.29666
2.93189 3.30102
2.92787 3.29642
2.94778 3.31791
2.92731 3.29576
2.92078 3.28907
2.92893 3.29778
2.92829 3.29687
2.93981 3.30947
2.92749 3.29594
2.92792 3.29676
2.94805 3.3182
2.947 3.31708
2.94354 3.31343
2.92837 3.29697
2.94796 3.3181
2.93578 3.30518
2.93894 3.30854
2.93499 3.30433
2.93627 3.30569
2.92809 3.29666
2.94157 3.31133
2.92794 3.29654
2.92612 3.29449
2.92832 3.29691
2.92097 3.28918
2.92368 3.29212
2.92811 3.29659
2.93891 3.30851
2.9442 3.31413
2.94332 3.3132
2.92145 3.28971
2.94154 3.31131
2.94353 3.31341
2.93032 3.29927
2.94599 3.31602
2.94532 3.31531
2.92757 3.29602
2.94518 3.31516
2.94652 3.31658
2.94541 3.31541
2.927 3.29555
2.94612 3.31616
2.92801 3.29657
2.9477 3.31783
2.92686 3.29539
2.92888 3.29772
2.9279 3.2965
2.92778 3.29654
2.93048 3.29943
2.93053 3.29949
2.92545 3.29402
2.92174 3.29002
2.928 3.29656
2.92812 3.29669
2.92979 3.2987
2.92933 3.2982
2.9269 3.2956
2.92808 3.29687
2.92823 3.29703
2.92813 3.29661
2.92926 3.29812
2.9288 3.29764
2.92979 3.2987
2.92807 3.29664
2.92932 3.2982
2.93015 3.29908
2.92992 3.29884
2.93019 3.29913
2.92704 3.29551
2.93019 3.29912
2.93074 3.29972
2.9248 3.2932
2.92302 3.29129
2.92646 3.29497
2.92799 3.29646
2.92833 3.29696
2.9282 3.29682
2.92769 3.29615
2.92345 3.29174
2.92569 3.29414
2.92502 3.29343
2.92619 3.29468
2.92639 3.29478
2.92838 3.29701
2.92679 3.29531
2.92825 3.29687
2.92708 3.29563
2.9273 3.29586
2.92541 3.29374
2.92759 3.29617
2.92729 3.29585
2.92811 3.2966
2.92804 3.29664
2.92806 3.29667
2.92812 3.29674
2.92718 3.29562
2.92833 3.29696
2.9282 3.29682
2.92599 3.29436
2.92755 3.29601
2.92826 3.29684
2.92699 3.29541
2.92803 3.29651
2.92805 3.29653
2.92652 3.29492
2.92494 3.29324
2.92797 3.29645
2.92612 3.2945
2.92787 3.29634
2.92532 3.29365
2.92814 3.29662
2.92723 3.29566
2.92683 3.29524
2.92696 3.29538
2.92806 3.29654
2.92749 3.29594
2.92775 3.29622
2.92783 3.2963
2.92793 3.29641
2.92785 3.29632
2.92794 3.29642
2.9281 3.29659
2.92806 3.29654
2.92803 3.29651
2.92625 3.29464
2.92722 3.29571
2.92731 3.29581
2.92834 3.29693
2.92626 3.29465
2.92651 3.29493
2.9282 3.29678
2.92839 3.29699
2.92813 3.29671
2.92778 3.29632
2.92751 3.29603
2.9276 3.29613
2.92833 3.29693
2.92784 3.29639
2.92778 3.29632
2.92838 3.29698
2.92795 3.29651
2.92809 3.29666
2.92825 3.29684
2.92826 3.29685
2.92836 3.29696
2.92837 3.29697
