2.42809 2.28952
2.37464 2.34661
2.33432 2.18044
2.46354 2.20123
2.38896 2.24062
2.47927 2.20243
2.4794 2.30967
2.47747 2.30938
2.45657 2.30062
2.44136 2.10963
2.3568 2.1667
2.42028 2.31634
2.3534 2.27246
2.42755 2.19377
2.43203 2.28239
2.40815 2.22969
2.40144 2.14811
2.40264 2.23861
2.42123 2.28604
2.43918 2.30851
2.47671 2.30346
2.48274 2.16969
2.38934 2.17907
2.46253 2.20171
2.49667 2.29066
2.47073 2.14425
2.4439 2.2657
2.35573 2.33511
2.3976 2.28596
2.48243 2.28082
2.41995 2.26858
2.43249 2.32625
2.35442 2.32765
2.41063 2.31611
2.47539 2.29603
2.37612 2.32808
2.37423 2.3115
2.36317 2.3055
2.47422 2.27779
2.34054 2.24191
2.34287 2.31822
2.48834 2.28475
2.38666 2.32312
2.38066 2.34289
2.47451 2.141
2.36898 2.35492
2.43842 2.32864
2.39446 2.30754
2.48137 2.29141
2.41667 2.31028
2.45353 2.30759
2.41299 2.28646
2.41141 2.33863
2.37742 2.25655
2.40051 2.11714
2.35731 2.34075
2.36904 2.23976
2.3909 2.33866
2.39779 2.20636
2.48581 2.28204
2.37223 2.28958
2.39795 2.11068
2.4652 2.31338
2.36152 2.3171
2.39087 2.2833
2.47719 2.29634
2.33961 2.35402
2.425 2.19444
2.4593 2.28485
2.34308 2.12683
2.46496 2.27278
2.39092 2.29355
2.49442 2.07694
2.3348 2.23754
2.46532 2.30152
2.47734 2.269
2.34966 2.30663
2.48677 2.25438
2.41063 2.26498
2.35581 2.25818
2.48597 2.27748
2.49601 2.17527
2.34946 2.31619
2.38867 2.31564
2.34919 2.3158
2.39593 2.19375
2.39826 2.14228
2.34748 2.32803
2.4441 2.22209
2.34977 2.31549
2.48559 2.29723
2.49214 2.13949
2.36174 2.14739
2.38071 2.34271
2.41509 2.30662
2.43038 2.19918
2.44023 2.12645
2.38262 2.3282
2.33666 2.37212
2.39885 2.2087
