2.94041 2.13602
2.93984 2.10618
2.9394 2.07463
2.94079 2.15417
2.93999 2.11196
2.94095 2.16344
2.94096 2.16593
2.94094 2.16482
2.94071 2.15265
2.94055 2.13111
2.93964 2.08688
2.94032 2.13199
2.93961 2.09227
2.9404 2.13259
2.94045 2.13815
2.94019 2.12279
2.94012 2.1125
2.94014 2.1199
2.94033 2.13199
2.94053 2.14276
2.94093 2.16429
2.94099 2.16403
2.93999 2.10861
2.94078 2.1536
2.94114 2.17559
2.94086 2.15508
2.94058 2.14466
2.93963 2.09509
2.94008 2.11831
2.94099 2.16723
2.94032 2.13086
2.94045 2.13917
2.93962 2.0942
2.94022 2.12642
2.94091 2.16342
2.93985 2.10673
2.93983 2.10533
2.93971 2.09881
2.9409 2.16244
2.93947 2.08354
2.9395 2.08734
2.94105 2.1707
2.93996 2.11272
2.9399 2.10958
2.9409 2.1571
2.93978 2.10304
2.94052 2.14262
2.94005 2.11694
2.94098 2.16679
2.94029 2.12981
2.94068 2.15101
2.94025 2.12723
2.94023 2.12722
2.93987 2.10577
2.94011 2.10442
2.93965 2.0961
2.93978 2.10024
2.94001 2.11542
2.94008 2.11561
2.94102 2.1692
2.93981 2.10369
2.94008 2.0996
2.9408 2.15781
2.9397 2.0981
2.94001 2.11435
2.94093 2.16446
2.93946 2.08611
2.94037 2.13111
2.94074 2.15395
2.9395 2.06299
2.9408 2.157
2.94001 2.11461
2.94112 2.15861
2.93941 2.07993
2.94081 2.1577
2.94093 2.16407
2.93957 2.09101
2.94103 2.16923
2.94022 2.12536
2.93963 2.0932
2.94103 2.16921
2.94113 2.17216
2.93957 2.09111
2.93999 2.11375
2.93956 2.09094
2.94006 2.11373
2.94009 2.10949
2.93955 2.0902
2.94058 2.14356
2.93957 2.09127
2.94102 2.16931
2.94109 2.16767
2.9397 2.08631
2.9399 2.10961
2.94027 2.12884
2.94043 2.13455
2.94054 2.13391
2.93992 2.11048
2.93943 2.08469
2.94009 2.11636
