2.94675 1.90159
2.9463 1.87731
2.94595 1.85153
2.94706 1.91636
2.94642 1.88202
2.94719 1.9239
2.94719 1.92591
2.94718 1.925
2.947 1.91511
2.94687 1.89723
2.94615 1.86147
2.94669 1.89831
2.94612 1.86601
2.94675 1.89879
2.94679 1.90332
2.94658 1.89083
2.94653 1.88232
2.94654 1.88848
2.9467 1.89831
2.94685 1.90706
2.94717 1.92458
2.94722 1.92437
2.94642 1.87925
2.94705 1.91589
2.94734 1.93377
2.94712 1.91706
2.94689 1.90862
2.94614 1.86829
2.94649 1.88718
2.94722 1.92697
2.94669 1.89739
2.94679 1.90415
2.94613 1.86757
2.94661 1.89378
2.94716 1.92387
2.94631 1.87776
2.94629 1.87662
2.9462 1.87132
2.94715 1.92307
2.94601 1.8589
2.94603 1.86199
2.94727 1.92979
2.9464 1.88263
2.94635 1.88008
2.94715 1.91869
2.94625 1.87475
2.94684 1.90695
2.94647 1.88607
2.94721 1.92661
2.94666 1.89653
2.94697 1.91377
2.94663 1.89444
2.94661 1.89442
2.94632 1.87699
2.94652 1.87525
2.94615 1.86911
2.94625 1.87249
2.94644 1.88482
2.9465 1.88498
2.94725 1.92857
2.94628 1.87529
2.9465 1.87097
2.94707 1.9193
2.94619 1.87074
2.94644 1.88396
2.94717 1.92472
2.946 1.86099
2.94673 1.89759
2.94702 1.91617
2.94603 1.84047
2.94707 1.91865
2.94644 1.88417
2.94732 1.91939
2.94596 1.85596
2.94707 1.91922
2.94717 1.92441
2.94609 1.86498
2.94726 1.92861
2.94661 1.89292
2.94614 1.86676
2.94725 1.92858
2.94733 1.93098
2.94608 1.86505
2.94642 1.88347
2.94608 1.86492
2.94648 1.88345
2.9465 1.87981
2.94607 1.86432
2.94689 1.90773
2.94609 1.86519
2.94725 1.92866
2.9473 1.92731
2.94619 1.86082
2.94635 1.8801
2.94664 1.89574
2.94677 1.90039
2.94686 1.8997
2.94637 1.88081
2.94597 1.85982
2.9465 1.8856
