2.77848 1.78571
2.8802 1.69428
2.78629 1.77228
2.86975 1.70497
2.82168 1.7511
2.96264 1.6103
2.87647 1.69777
2.77876 1.78125
2.88822 1.68612
2.77814 1.78725
2.93994 1.63349
2.77839 1.7871
2.9629 1.61003
2.93706 1.63643
2.77691 1.78345
2.87715 1.69719
2.87249 1.70186
2.79161 1.78096
2.82165 1.75367
2.94892 1.62432
2.79155 1.78102
2.88741 1.68702
2.95223 1.62093
2.7925 1.78007
2.8685 1.70599
2.77478 1.78596
2.96504 1.60784
2.79189 1.78068
2.94496 1.62837
2.9622 1.61074
2.87681 1.6975
2.96583 1.60704
2.77693 1.78328
2.87696 1.69735
2.86247 1.71227
2.87555 1.69882
2.77464 1.79114
2.77823 1.78592
2.91451 1.65943
2.79299 1.7797
2.87703 1.69731
2.88874 1.68558
2.87072 1.70362
2.77822 1.78592
2.77808 1.78732
2.8765 1.69773
2.79242 1.78013
2.92325 1.65052
2.77958 1.78568
2.79218 1.78037
2.90745 1.66662
2.92914 1.64452
2.79139 1.78118
2.78319 1.78184
2.79153 1.78096
2.83305 1.74216
2.85725 1.71742
2.87767 1.69663
2.77987 1.79278
2.87381 1.70053
2.82234 1.75298
2.87775 1.69655
2.77777 1.78229
2.88625 1.68812
2.7901 1.77447
2.86887 1.70552
2.77592 1.78968
2.87291 1.70139
2.81631 1.75648
2.80971 1.76308
2.94059 1.63283
2.77835 1.78589
2.86791 1.70659
2.96144 1.61152
2.79123 1.78126
2.7918 1.78069
2.84435 1.73062
2.77794 1.78621
2.79208 1.78048
2.87563 1.69899
2.87087 1.70358
2.79144 1.78113
2.87541 1.69892
2.77838 1.78575
2.87625 1.6981
2.89352 1.68081
2.77792 1.78614
2.87743 1.69687
2.96502 1.60787
2.79528 1.77742
2.77817 1.78593
2.84078 1.73423
2.87085 1.7036
2.87729 1.69702
2.84352 1.73156
2.79255 1.78002
2.9132 1.66076
2.87658 1.69765
2.95874 1.61428
2.77936 1.78584
2.87369 1.7006
2.87332 1.70109
2.87653 1.69779
2.79094 1.78163
2.77625 1.78423
2.77924 1.78603
2.79198 1.78051
2.83961 1.73552
2.7923 1.78025
2.92521 1.64852
2.87383 1.70051
2.79421 1.77849
2.77798 1.78743
2.85854 1.71625
2.77748 1.78652
2.77942 1.78583
2.79238 1.78017
2.77675 1.78348
2.94594 1.62736
2.78918 1.78332
2.87614 1.6981
2.96623 1.60662
2.86887 1.70562
2.79572 1.77698
2.84654 1.72841
2.87528 1.69935
2.78721 1.78535
2.79213 1.78056
2.79205 1.78044
2.79209 1.78048
2.95217 1.621
2.77754 1.78257
2.96149 1.61147
2.85658 1.71824
2.8764 1.69792
2.8745 1.69978
2.90722 1.66686
2.88715 1.68721
2.78026 1.79234
2.77725 1.78287
2.77822 1.78711
2.91102 1.66299
2.7794 1.78586
2.93117 1.64244
2.87314 1.70127
2.78962 1.78294
2.87573 1.69864
2.92509 1.64864
2.93884 1.63461
2.86559 1.70895
2.77903 1.78629
2.77905 1.78626
2.9479 1.62536
2.87406 1.70022
2.87711 1.69724
2.93694 1.63655
2.87691 1.69743
2.87171 1.70266
2.77768 1.7824
2.79239 1.78016
2.94588 1.62742
2.95935 1.61366
2.87592 1.6984
2.87633 1.69799
2.88645 1.68792
2.87507 1.69948
2.79095 1.78162
2.95753 1.61552
2.95697 1.61609
2.95396 1.61917
2.79167 1.78086
2.79188 1.78086
2.81777 1.75502
2.95331 1.61984
2.85372 1.721
2.7916 1.78089
2.95435 1.61877
2.79219 1.78029
2.82097 1.75182
2.79185 1.78072
2.77881 1.78653
2.95756 1.61549
2.96465 1.60824
2.77708 1.78851
2.7779 1.78228
2.78853 1.78403
2.78218 1.79043
2.77536 1.78521
2.87998 1.6945
2.77826 1.78588
2.79239 1.77198
2.86331 1.71117
2.84055 1.73446
2.7781 1.78608
2.87459 1.69968
2.87615 1.69809
2.8715 1.7031
2.81741 1.75538
2.7774 1.78269
2.87503 1.69952
2.77806 1.78606
2.8874 1.68695
2.79029 1.78228
2.86451 1.7102
2.77845 1.78572
2.84784 1.72709
2.77694 1.78326
2.7923 1.78027
2.876 1.69833
2.86396 1.71051
2.8758 1.69852
2.81353 1.75926
2.85843 1.71637
2.88406 1.69035
2.77435 1.78652
2.87442 1.70015
2.87522 1.69904
2.81529 1.7575
2.7919 1.78059
2.88198 1.69246
2.79227 1.78027
2.8729 1.70145
2.87034 1.70428
2.79257 1.77997
2.86915 1.70549
2.79097 1.78152
2.87898 1.69551
2.77555 1.78499
2.86907 1.70557
2.77756 1.78272
2.87536 1.69901
2.77754 1.78252
2.77961 1.78563
2.87107 1.70354
2.88755 1.6868
2.87638 1.69815
2.87706 1.69746
2.77775 1.78233
2.77605 1.78776
2.87902 1.69547
2.78615 1.77245
2.88861 1.68572
2.77765 1.78239
2.87482 1.69956
2.77728 1.78291
2.81295 1.75984
2.79132 1.77315
2.88165 1.6928
2.77759 1.78246
2.79213 1.78041
2.77949 1.78579
2.87961 1.69487
2.78139 1.78385
2.82194 1.75084
2.88297 1.69145
2.87465 1.69974
2.88263 1.6918
2.77725 1.78291
2.77644 1.78387
2.88408 1.69033
2.77753 1.78276
2.78929 1.78327
2.88763 1.68671
2.79625 1.77646
2.78454 1.7805
2.88196 1.69248
2.88566 1.68872
2.79084 1.78165
2.88465 1.68974
2.79111 1.78146
2.82073 1.75205
2.88443 1.68997
2.87566 1.69871
2.79231 1.78023
2.77929 1.78591
2.78972 1.78295
2.7893 1.78326
2.79181 1.78067
2.7792 1.78601
2.88478 1.68961
2.77622 1.78412
2.77846 1.78683
2.88585 1.68852
2.87626 1.6981
2.77829 1.78587
2.77769 1.78242
2.77872 1.7813
2.87169 1.70268
2.88584 1.68854
2.88835 1.68599
2.77811 1.78599
2.88716 1.68719
2.81235 1.76044
2.88834 1.686
2.86162 1.71298
2.77883 1.78116
2.85361 1.72112
2.86908 1.7054
2.80248 1.77029
2.87764 1.69666
2.77924 1.78513
2.87594 1.69831
2.87343 1.70098
2.79237 1.7802
2.86457 1.70999
2.77715 1.78306
2.86255 1.71204
2.78074 1.78456
2.8775 1.69683
2.77733 1.78285
2.87691 1.69744
2.87693 1.69738
2.79612 1.77659
2.87743 1.69687
2.87251 1.7018
2.87682 1.6975
2.78662 1.77187
2.85551 1.71919
2.79607 1.77663
2.87646 1.6979
2.86261 1.71198
2.87753 1.69678
2.86787 1.70663
2.79256 1.77999
2.79176 1.78078
2.86874 1.70564
2.8566 1.71808
2.77715 1.783
2.77733 1.78808
2.86753 1.70688
2.87771 1.69663
2.77756 1.78258
2.81499 1.7578
2.77408 1.7868
2.86435 1.71011
2.87054 1.70392
2.77943 1.78576
2.86957 1.70482
2.87432 1.70007
2.87152 1.70292
2.81231 1.76048
2.87186 1.70257
2.87407 1.70027
2.87284 1.70157
2.77929 1.78601
2.87764 1.6967
2.77914 1.78521
2.7958 1.77695
2.79143 1.7811
2.87416 1.70024
2.87282 1.70159
2.77883 1.78116
2.87537 1.699
2.87431 1.70008
2.77793 1.78742
2.77621 1.78936
2.78225 1.78297
2.8765 1.69773
2.77944 1.78575
2.87616 1.6982
2.78068 1.78462
2.87656 1.69779
2.79207 1.78041
2.87479 1.69948
2.77807 1.78601
2.87744 1.6969
2.77848 1.78689
2.87232 1.70199
2.87751 1.69683
2.77899 1.78534
2.86697 1.70744
2.77841 1.78167
2.87399 1.70029
2.87717 1.69714
2.7921 1.78039
2.77846 1.78571
2.86217 1.71233
2.7792 1.78601
2.87145 1.70288
2.77754 1.7826
2.87622 1.69802
2.86935 1.70502
2.87576 1.69849
2.77842 1.78695
2.86223 1.71226
2.77831 1.78582
2.87587 1.69837
2.77775 1.78232
2.79179 1.78078
2.79136 1.78117
2.77743 1.78803
2.82208 1.7507
2.77901 1.78623
2.86756 1.70684
2.87459 1.69968
2.78981 1.77479
2.8754 1.69886
2.87662 1.69761
2.78384 1.78129
2.7905 1.78218
2.78853 1.77617
2.8711 1.70324
2.78819 1.77654
2.77847 1.78572
2.77797 1.78611
2.87252 1.70179
2.77887 1.78544
2.79377 1.77048
2.77761 1.78243
2.87074 1.7036
2.87132 1.70301
2.77911 1.7862
2.87626 1.69797
2.87312 1.70118
2.79235 1.78033
2.7915 1.78099
2.8205 1.75229
2.78962 1.78288
2.87371 1.70058
2.79129 1.78119
2.87388 1.7004
2.87489 1.69937
2.79077 1.78172
2.81899 1.75379
2.77703 1.78841
2.87522 1.69904
2.8757 1.69855
2.7785 1.78568
2.87533 1.69893
2.77696 1.78325
2.77835 1.78578
2.87544 1.69882
2.87575 1.6985
2.79232 1.78022
2.87629 1.69795
2.87132 1.70305
2.77942 1.78578
2.86811 1.70629
2.77829 1.78591
2.78951 1.77511
2.8743 1.70004
2.77715 1.78316
2.87604 1.69828
2.87748 1.69682
2.78291 1.77633
2.86816 1.70624
2.79024 1.78225
2.87725 1.69706
2.79044 1.78208
2.77392 1.79198
2.86931 1.70508
2.87689 1.69742
2.79333 1.77937
2.79104 1.78145
2.77772 1.78235
2.77821 1.78594
2.77836 1.78581
2.77943 1.78585
2.87659 1.69772
2.77922 1.78514
2.87488 1.69945
2.78741 1.78508
2.77848 1.78158
2.78097 1.7843
2.779 1.78624
2.87501 1.69932
2.87421 1.70013
2.79572 1.77699
2.87751 1.69679
2.77597 1.78785
2.77917 1.78519
2.87528 1.69905
2.78658 1.77192
2.87501 1.69933
2.87772 1.69658
2.77953 1.78572
2.79193 1.78061
2.8758 1.69853
2.87639 1.69792
2.87713 1.69718
2.87717 1.69714
2.78812 1.78438
2.79382 1.77044
2.77838 1.78579
2.87767 1.69663
2.78991 1.78281
2.79037 1.78212
2.77932 1.78594
2.81331 1.75948
2.79238 1.78018
2.82088 1.7519
2.7962 1.7765
2.81739 1.7554
2.77707 1.78309
2.77388 1.79872
2.77848 1.78569
2.79227 1.78027
2.78749 1.78517
2.78949 1.77513
2.79248 1.78009
2.80484 1.76794
2.79234 1.78022
2.77776 1.78231
2.80775 1.76504
2.77768 1.79495
2.8084 1.76438
2.79255 1.78
2.78575 1.7868
2.79542 1.77729
2.82048 1.7523
2.79178 1.78071
2.77921 1.78626
2.79784 1.77492
2.7918 1.78073
2.82167 1.75111
2.77802 1.78213
2.77411 1.79849
2.79105 1.78152
2.77951 1.78577
2.78117 1.79149
2.77772 1.78239
2.7934 1.77929
2.79243 1.78011
2.81958 1.7532
2.78618 1.78647
2.79176 1.78098
2.79028 1.78228
2.77725 1.78287
2.81531 1.75748
2.80241 1.77037
2.78522 1.77356
2.80367 1.76911
2.78553 1.78702
2.79258 1.77996
2.8044 1.76838
2.81039 1.7624
2.78259 1.78235
2.77947 1.78578
2.79191 1.78066
2.79248 1.78007
2.78939 1.78311
2.77776 1.78233
2.78145 1.79116
2.78899 1.7835
2.78553 1.78712
2.78003 1.78532
2.79217 1.78032
2.79147 1.78121
2.80836 1.76442
2.77769 1.78239
2.81597 1.75682
2.7925 1.78007
2.77738 1.78275
2.79057 1.78195
2.7779 1.78227
2.79548 1.77722
2.79197 1.78056
2.77845 1.78572
2.81918 1.75361
2.81799 1.7548
2.77831 1.78585
2.79174 1.78074
2.81978 1.753
2.78457 1.78797
2.77774 1.78233
2.81812 1.75467
2.77691 1.78701
2.81919 1.7536
2.78575 1.77292
2.77933 1.78593
2.82155 1.75123
2.78777 1.78473
2.77896 1.78536
2.78018 1.79241
2.79211 1.78043
2.77802 1.78732
2.7786 1.78566
2.79153 1.78096
2.79251 1.78004
2.79168 1.78101
2.77327 1.79268
2.77949 1.78576
2.7958 1.7769
2.7756 1.79002
2.78817 1.78449
2.77766 1.78243
2.78261 1.79
2.77938 1.78591
2.792 1.78054
2.77755 1.78645
2.77917 1.7861
2.79193 1.7806
2.77754 1.78252
2.78614 1.7865
2.79468 1.77801
2.7786 1.78566
2.79174 1.78075
2.79399 1.7787
2.79388 1.77881
2.79011 1.78256
2.79124 1.78125
2.77028 1.79591
2.79169 1.78099
2.79239 1.78015
2.78969 1.78298
2.7785 1.78569
2.79036 1.78232
2.77758 1.78252
2.77984 1.78553
2.79585 1.77685
2.77818 1.78721
2.79301 1.77968
2.77843 1.78575
2.77958 1.78566
2.7932 1.77949
2.79432 1.77837
2.77923 1.78598
2.78721 1.77761
2.7785 1.78568
2.77953 1.78575
2.79469 1.77801
2.79588 1.77683
2.77857 1.78148
2.79209 1.7804
2.77898 1.78626
2.79399 1.77871
2.79522 1.77748
2.77406 1.78683
2.79488 1.77781
2.79481 1.77789
2.78392 1.78122
2.77907 1.78636
2.78454 1.78801
2.79215 1.78042
2.79493 1.77777
2.79056 1.78196
2.77875 1.78651
2.79257 1.78
2.79528 1.77742
2.79611 1.77659
2.78969 1.78287
2.7925 1.78004
2.7895 1.78306
2.79114 1.78142
2.78819 1.78437
2.77685 1.78343
2.79248 1.78007
2.78937 1.78313
2.78517 1.78738
2.77833 1.78582
2.77939 1.78587
2.78754 1.78503
2.78958 1.78291
2.77753 1.78253
2.77914 1.78617
2.78752 1.78504
2.77697 1.78342
2.77818 1.78732
2.7775 1.78653
2.79018 1.78239
2.77656 1.78378
2.78986 1.78265
2.78459 1.77432
2.79051 1.78206
2.7923 1.78026
2.79128 1.78125
2.79062 1.78195
2.77763 1.78249
2.79179 1.78078
2.77918 1.78518
2.79144 1.78113
2.79084 1.78165
2.79217 1.78032
2.79205 1.78051
2.79219 1.78038
2.79133 1.78116
2.78739 1.78511
2.79048 1.78201
2.79135 1.78113
2.78978 1.78271
2.79192 1.78057
2.79196 1.78053
2.77836 1.78581
2.78919 1.78331
2.79417 1.77005
2.78799 1.78451
2.79249 1.78005
2.79221 1.78028
2.77694 1.78857
2.79025 1.78224
2.79044 1.78205
2.7775 1.78657
2.7914 1.78113
2.79163 1.78086
2.79192 1.78057
2.7845 1.77444
2.79215 1.78033
2.77723 1.7829
2.778 1.78216
2.79205 1.78043
2.77884 1.78546
2.7857 1.77299
2.77218 1.79386
2.79201 1.78053
2.78048 1.78412
2.77752 1.78254
2.79083 1.78169
2.79097 1.78156
2.78977 1.78274
2.7922 1.78034
2.77826 1.78586
2.77633 1.78399
2.79163 1.78091
2.77762 1.78251
2.78371 1.77538
2.79127 1.78126
2.77482 1.78879
2.79167 1.78087
2.77958 1.78568
2.79213 1.78041
2.77772 1.78236
2.78533 1.77343
2.79256 1.77999
2.77829 1.78726
2.78137 1.78387
2.77723 1.78679
2.77742 1.78271
2.78999 1.77459
2.78124 1.78407
2.77478 1.78883
2.7937 1.77056
2.78078 1.78452
2.78575 1.77918
2.78104 1.78423
2.79357 1.7707
2.77938 1.78591
2.77792 1.78742
2.79417 1.77006
2.77794 1.7862
2.7779 1.78619
2.77882 1.78644
2.77039 1.79579
2.77731 1.7828
2.77687 1.78333
2.78626 1.77231
2.77346 1.79241
2.78127 1.78398
2.77955 1.7857
2.78754 1.77725
2.79312 1.77119
2.77754 1.7826
2.77895 1.78629
2.77775 1.78234
2.77855 1.78676
2.77927 1.7862
2.77792 1.78617
2.77642 1.78922
2.79437 1.76984
2.79203 1.77238
2.78 1.78536
2.79358 1.77069
2.77889 1.78644
2.77847 1.78689
2.79099 1.77351
2.77917 1.78625
2.7943 1.76991
2.78517 1.77981
2.78457 1.78046
2.78348 1.78159
2.78553 1.77942
2.7794 1.78586
2.77957 1.78567
2.77961 1.78566
2.77961 1.78563
2.77406 1.79177
2.7761 1.78957
2.77942 1.78578
2.79204 1.77237
2.78752 1.77727
2.79149 1.77297
2.77844 1.78163
2.79083 1.77368
2.77442 1.79138
2.78576 1.77292
2.7805 1.78482
2.77862 1.78669
2.77777 1.78232
2.79098 1.77352
2.78108 1.78419
2.79292 1.77141
2.77777 1.7823
2.79283 1.77151
2.77819 1.78731
2.79233 1.77205
2.77943 1.78582
2.79222 1.77217
2.79323 1.77108
2.77562 1.79
2.79293 1.7714
2.79411 1.77012
2.77832 1.78584
2.77926 1.78604
2.77743 1.7827
2.77722 1.7882
2.77343 1.79245
2.77957 1.78567
2.7791 1.78613
2.77757 1.78256
2.77858 1.78689
2.77923 1.78607
2.78119 1.78407
2.78123 1.78402
2.77737 1.78273
2.77742 1.78815
2.77762 1.78242
2.78146 1.78378
2.7793 1.78596
2.7764 1.78924
2.78033 1.785
2.77845 1.78684
2.77918 1.78624
2.77851 1.78568
2.77851 1.78696
2.78126 1.78399
2.7794 1.78601
2.77951 1.78589
2.78143 1.7838
2.77774 1.78233
2.77783 1.78753
2.78028 1.78506
2.77994 1.78543
2.78044 1.78488
2.77983 1.78554
2.78068 1.78462
2.77924 1.78597
2.78033 1.785
2.78094 1.78434
2.77928 1.78602
2.78097 1.78371
2.7808 1.78449
2.78098 1.7843
2.77777 1.7823
2.77861 1.78669
2.77809 1.78601
2.78119 1.78406
2.78139 1.78385
2.77932 1.78588
2.77891 1.78642
2.77882 1.78118
2.77948 1.78579
2.77875 1.78126
2.7776 1.78785
2.77941 1.78587
2.77573 1.78478
2.7771 1.78839
2.77812 1.7872
2.7761 1.78948
2.77815 1.78719
2.77962 1.78565
2.77709 1.7884
2.77836 1.78577
2.77826 1.78706
2.77952 1.78572
2.77798 1.78743
2.77952 1.78575
2.77859 1.78677
2.77864 1.78671
2.77739 1.78801
2.77886 1.78648
2.7788 1.78653
2.77923 1.78607
2.7775 1.78274
2.77905 1.78626
2.77936 1.78593
2.77742 1.78275
2.77957 1.78569
2.77604 1.78777
2.78132 1.77824
2.77872 1.78654
2.77953 1.78572
2.77858 1.7867
2.77937 1.78583
2.77823 1.78709
2.77802 1.78614
2.78155 1.78322
2.77585 1.7847
2.77704 1.78839
2.77931 1.78589
2.7791 1.78613
2.77217 1.78911
2.77852 1.78677
2.77729 1.78286
2.77875 1.78651
2.77855 1.78673
2.77938 1.78582
2.77949 1.78576
2.77885 1.7864
2.77895 1.78629
2.77908 1.78615
2.77915 1.78607
2.77913 1.78609
2.77928 1.78592
2.77901 1.78627
2.77922 1.78599
2.77724 1.78679
2.77948 1.78577
2.77929 1.78591
2.77941 1.78578
2.77719 1.78302
2.77938 1.78581
2.77936 1.78584
2.77768 1.7824
2.77905 1.78623
2.77934 1.78592
2.77875 1.78655
2.77958 1.78566
2.77766 1.78238
2.77882 1.78648
2.78208 1.78278
2.78266 1.78228
2.77803 1.78731
2.77954 1.7857
2.77962 1.78561
2.77915 1.78612
2.77839 1.78577
2.77917 1.7861
2.77897 1.78631
2.78271 1.78225
2.77897 1.78631
2.77904 1.78624
2.77921 1.78605
2.77962 1.78562
2.7793 1.78596
2.77775 1.78232
2.77947 1.78578
2.77681 1.78341
2.77759 1.78246
2.77961 1.78563
2.77846 1.78571
2.77959 1.78565
2.78399 1.77504
2.77874 1.78132
2.77689 1.78333
2.7865 1.77202
2.78622 1.77236
2.78145 1.77808
2.7777 1.7824
2.77832 1.78581
2.78232 1.77704
2.77827 1.78587
2.77566 1.78485
2.77331 1.78776
2.77862 1.78141
2.78406 1.77496
2.78614 1.77245
2.77935 1.78059
2.7777 1.78239
2.7865 1.77202
2.77729 1.78283
2.77741 1.78272
2.77773 1.78235
2.77223 1.78902
2.7776 1.7825
2.78587 1.77278
2.77821 1.7859
2.77737 1.78273
2.7776 1.78249
2.77746 1.78269
2.77396 1.78699
2.77765 1.78247
2.78522 1.77357
2.77817 1.78196
2.77708 1.78315
2.77786 1.78623
2.78072 1.77895
2.7811 1.7785
2.78252 1.7768
2.78434 1.78087
2.78074 1.77893
2.77764 1.78245
2.78312 1.77609
2.77764 1.78258
2.7783 1.78582
2.77444 1.78638
2.77566 1.78493
2.77765 1.78239
2.78251 1.77682
2.78489 1.77396
2.77465 1.78612
2.78388 1.77517
2.78479 1.77408
2.7767 1.78355
2.78369 1.7754
2.77717 1.783
2.78459 1.77432
2.77865 1.78139
2.7854 1.77335
2.78594 1.7727
2.77537 1.7852
2.78544 1.77331
2.78647 1.77207
2.77746 1.78262
2.77713 1.78302
2.77871 1.7813
2.77766 1.78237
2.77874 1.78127
2.77645 1.78399
2.77774 1.78235
2.77887 1.78111
2.7784 1.78577
2.77584 1.78471
2.77746 1.78262
2.77765 1.78244
2.77744 1.78282
2.77829 1.78587
2.7782 1.78192
2.77703 1.7833
2.77728 1.78291
2.77751 1.78274
2.77691 1.78344
2.77711 1.78321
2.77771 1.7825
2.77886 1.78113
2.77748 1.78267
2.77796 1.7822
2.7783 1.7818
2.77826 1.78184
2.77841 1.78167
2.77763 1.78246
2.7782 1.78192
2.77847 1.7816
2.77925 1.78512
2.77757 1.78257
2.77859 1.78146
2.77717 1.783
2.78348 1.7816
2.77858 1.78146
2.77759 1.78251
2.77616 1.78425
2.77691 1.78336
2.77738 1.78275
2.77734 1.78283
2.77646 1.7839
2.78415 1.78103
2.77752 1.78254
2.77775 1.78234
2.77626 1.78414
2.77679 1.7835
2.77625 1.78414
2.77705 1.78318
2.77743 1.78273
2.77709 1.78314
2.77679 1.7835
2.77764 1.78641
2.77689 1.78338
2.77771 1.78239
2.77731 1.78287
2.77758 1.78252
2.77743 1.78273
2.77765 1.78239
2.77763 1.78249
2.77766 1.78246
2.77769 1.78241
2.77622 1.78413
2.77741 1.78268
2.77758 1.78248
2.77676 1.78348
2.7764 1.78391
2.77711 1.78305
2.77834 1.78588
2.77761 1.78243
2.77707 1.78309
2.77763 1.78241
2.77745 1.78263
2.77739 1.78271
2.77757 1.78248
2.77749 1.78258
2.77748 1.7826
2.77829 1.78585
2.77758 1.78248
2.77763 1.78241
2.77713 1.78304
2.77682 1.78341
2.77769 1.78239
2.77749 1.78263
2.7775 1.78261
2.77753 1.78258
2.77908 1.78526
2.77916 1.78522
2.7775 1.78261
2.77777 1.7823
2.77764 1.78245
2.77771 1.78237
2.77772 1.78236
2.77805 1.78603
2.77798 1.7862
2.77921 1.78515
2.78419 1.78099
2.78418 1.781
2.77711 1.78685
2.77554 1.78821
2.77715 1.78682
2.7841 1.78107
2.77842 1.78576
2.77957 1.78488
2.77836 1.78579
2.78433 1.78087
2.77819 1.78591
2.77624 1.78763
2.77868 1.7856
2.77849 1.78569
2.78194 1.78289
2.77825 1.78587
2.77838 1.78587
2.78442 1.7808
2.7841 1.78107
2.78306 1.78195
2.77851 1.78567
2.78439 1.78082
2.78073 1.78391
2.78168 1.78311
2.7805 1.7841
2.78088 1.78378
2.77843 1.78574
2.78247 1.78245
2.77838 1.78579
2.77784 1.78622
2.7785 1.78568
2.77629 1.78756
2.77711 1.7869
2.77843 1.78571
2.78167 1.78312
2.78326 1.78178
2.783 1.782
2.77644 1.78744
2.78246 1.78245
2.78306 1.78195
2.7791 1.78525
2.7838 1.78132
2.7836 1.78149
2.77827 1.78585
2.78355 1.78153
2.78396 1.78119
2.78362 1.78147
2.7781 1.78603
2.78384 1.78129
2.7784 1.78576
2.78431 1.78089
2.77806 1.78606
2.77867 1.78561
2.77837 1.7858
2.77834 1.78588
2.77914 1.78521
2.77916 1.7852
2.77763 1.78646
2.77652 1.78737
2.7784 1.78576
2.77844 1.78573
2.77894 1.78538
2.7788 1.7855
2.77807 1.7861
2.77843 1.78581
2.77847 1.78577
2.77844 1.7857
2.77878 1.78552
2.77864 1.78563
2.77894 1.78538
2.77842 1.78574
2.7788 1.7855
2.77904 1.78529
2.77898 1.78535
2.77906 1.78528
2.77811 1.78599
2.77906 1.78528
2.77922 1.78514
2.77744 1.78658
2.77691 1.78702
2.77794 1.78616
2.7784 1.78574
2.7785 1.78569
2.77846 1.78572
2.77831 1.78582
2.77703 1.78692
2.77771 1.78636
2.77751 1.78652
2.77786 1.78623
2.77792 1.78615
2.77851 1.78568
2.77804 1.78608
2.77847 1.78571
2.77812 1.78601
2.77819 1.78595
2.77762 1.78639
2.77828 1.78588
2.77819 1.78595
2.77843 1.78571
2.77841 1.78577
2.77842 1.78576
2.77844 1.78574
2.77816 1.78594
2.7785 1.78569
2.77846 1.78572
2.7778 1.78625
2.77827 1.78585
2.77848 1.7857
2.7781 1.78599
2.77841 1.78573
2.77841 1.78572
2.77796 1.78611
2.77748 1.78651
2.77839 1.78574
2.77784 1.78621
2.77836 1.78577
2.7776 1.78642
2.77844 1.7857
2.77817 1.78593
2.77805 1.78604
2.77809 1.786
2.77842 1.78572
2.77825 1.78587
2.77833 1.7858
2.77835 1.78578
2.77838 1.78575
2.77836 1.78577
2.77838 1.78575
2.77843 1.78571
2.77842 1.78572
2.77841 1.78573
2.77787 1.78618
2.77817 1.78595
2.77819 1.78593
2.7785 1.78568
2.77788 1.78618
2.77795 1.78612
2.77846 1.78571
2.77852 1.78567
2.77844 1.78573
2.77833 1.78582
2.77825 1.78588
2.77828 1.78586
2.7785 1.78568
2.77835 1.7858
2.77833 1.78582
2.77851 1.78567
2.77839 1.78577
2.77843 1.78574
2.77848 1.7857
2.77848 1.7857
2.77851 1.78567
2.77851 1.78567
