2.95301 1.93386
2.95266 1.95918
2.95239 1.97227
2.95325 1.91601
2.95275 1.95099
2.95335 1.90887
2.95335 1.91035
2.95334 1.91124
2.9532 1.92083
2.9531 1.91902
2.95254 1.96138
2.95296 1.93777
2.95251 1.96794
2.95301 1.9321
2.95304 1.93196
2.95288 1.94197
2.95283 1.9407
2.95284 1.9447
2.95296 1.93698
2.95308 1.92895
2.95333 1.91154
2.95337 1.90635
2.95275 1.94844
2.95324 1.91648
2.95347 1.90218
2.95329 1.91053
2.95312 1.92626
2.95253 1.96781
2.95281 1.94787
2.95337 1.90867
2.95296 1.93732
2.95304 1.93221
2.95252 1.96833
2.95289 1.94223
2.95332 1.91208
2.95267 1.95831
2.95265 1.95899
2.95258 1.96401
2.95332 1.91243
2.95243 1.97303
2.95244 1.97354
2.95341 1.90598
2.95274 1.95338
2.9527 1.95636
2.95332 1.90867
2.95262 1.96187
2.95308 1.92949
2.95279 1.9496
2.95336 1.90926
2.95293 1.93937
2.95318 1.9223
2.95291 1.94079
2.9529 1.94209
2.95267 1.95662
2.95283 1.93541
2.95254 1.96714
2.95262 1.96004
2.95276 1.95158
2.95281 1.94596
2.95339 1.90712
2.95264 1.9596
2.95281 1.93382
2.95326 1.91696
2.95257 1.96492
2.95276 1.95093
2.95334 1.91125
2.95242 1.97546
2.95299 1.93327
2.95322 1.9194
2.95245 1.95465
2.95326 1.91664
2.95276 1.95106
2.95345 1.89215
2.95239 1.97548
2.95326 1.91679
2.95334 1.91088
2.95249 1.97025
2.9534 1.90635
2.95289 1.94155
2.95253 1.96653
2.95339 1.90699
2.95346 1.90053
2.95249 1.97047
2.95275 1.95237
2.95249 1.97059
2.9528 1.94629
2.95281 1.94131
2.95247 1.97153
2.95312 1.92538
2.95249 1.97032
2.95339 1.90737
2.95344 1.90082
2.95257 1.95658
2.9527 1.95634
2.95292 1.94006
2.95303 1.931
2.95309 1.9221
2.95271 1.95531
2.9524 1.97699
2.95282 1.94557
