2.78565 2.10515
2.85347 2.23929
2.79086 2.11116
2.8465 2.22637
2.81445 2.16494
2.90843 2.34148
2.85098 2.23447
2.78584 2.1027
2.85881 2.24924
2.78543 2.10554
2.89329 2.31338
2.78559 2.1059
2.9086 2.3418
2.89137 2.30982
2.78461 2.10062
2.85143 2.23539
2.84833 2.22958
2.79441 2.12715
2.81444 2.16657
2.89928 2.3245
2.79437 2.12707
2.85828 2.2483
2.90149 2.32861
2.795 2.12827
2.84567 2.22467
2.78319 2.09822
2.91003 2.34445
2.79459 2.1275
2.89664 2.3196
2.90814 2.34094
2.85121 2.23495
2.91055 2.34542
2.78462 2.10054
2.85131 2.23513
2.84165 2.21728
2.85037 2.23341
2.78309 2.10141
2.78549 2.10481
2.87634 2.28189
2.79533 2.12896
2.85136 2.23525
2.85916 2.2499
2.84715 2.22735
2.78548 2.1048
2.78539 2.10547
2.851 2.23451
2.79495 2.12814
2.88217 2.29272
2.78639 2.10725
2.79478 2.12784
2.87163 2.27314
2.88609 2.30001
2.79426 2.12687
2.7888 2.11162
2.79436 2.127
2.82204 2.18076
2.83817 2.2107
2.85178 2.23601
2.78658 2.11251
2.84921 2.23122
2.8149 2.16743
2.85183 2.23612
2.78518 2.10151
2.8575 2.2468
2.7934 2.11996
2.84591 2.22506
2.78395 2.10288
2.84861 2.23007
2.81087 2.15821
2.80648 2.14996
2.89373 2.31419
2.78557 2.10503
2.84527 2.22393
2.90763 2.34
2.79416 2.12662
2.79453 2.12733
2.82957 2.19475
2.78529 2.10445
2.79472 2.12774
2.85042 2.23368
2.84725 2.2276
2.79429 2.12694
2.85028 2.23321
2.78559 2.10499
2.85084 2.23428
2.86235 2.25587
2.78528 2.10438
2.85162 2.23572
2.91001 2.34442
2.79686 2.13184
2.78545 2.1047
2.82719 2.19031
2.84723 2.22758
2.85153 2.23554
2.82902 2.19379
2.79503 2.12832
2.87547 2.28027
2.85106 2.23461
2.90583 2.33666
2.78624 2.10692
2.84913 2.23103
2.84888 2.23065
2.85102 2.23459
2.79396 2.12631
2.78417 2.09987
2.78616 2.10682
2.79465 2.12756
2.82641 2.18892
2.79486 2.12799
2.88348 2.29515
2.84922 2.23124
2.79614 2.13049
2.78532 2.10534
2.83903 2.2124
2.78499 2.10377
2.78628 2.10704
2.79492 2.12809
2.7845 2.10034
2.89729 2.32082
2.79278 2.12405
2.85076 2.23407
2.91082 2.34593
2.84591 2.22512
2.79715 2.13238
2.83103 2.19747
2.85019 2.23324
2.79147 2.12163
2.79475 2.12787
2.7947 2.12764
2.79473 2.12775
2.90145 2.32852
2.78503 2.10124
2.90766 2.34006
2.83772 2.20996
2.85093 2.23443
2.84967 2.23203
2.87148 2.27285
2.8581 2.24792
2.78684 2.11296
2.78483 2.10089
2.78548 2.10558
2.87401 2.27756
2.78627 2.10701
2.88745 2.30253
2.84876 2.23042
2.79308 2.12466
2.85048 2.23363
2.8834 2.295
2.89256 2.31203
2.84373 2.22105
2.78602 2.10659
2.78604 2.10662
2.8986 2.32325
2.84937 2.23148
2.85141 2.23534
2.8913 2.30968
2.85128 2.2351
2.84781 2.2286
2.78512 2.1014
2.79493 2.12811
2.89725 2.32074
2.90624 2.33741
2.85062 2.23384
2.85089 2.23435
2.85763 2.24705
2.85005 2.23293
2.79397 2.12632
2.90502 2.33516
2.90465 2.33447
2.90264 2.33074
2.79445 2.1272
2.79459 2.1276
2.81185 2.16004
2.90221 2.32993
2.83582 2.20632
2.7944 2.12708
2.9029 2.33123
2.7948 2.12783
2.81398 2.16404
2.79457 2.12745
2.78587 2.10633
2.90504 2.3352
2.90977 2.34397
2.78472 2.10433
2.78527 2.10173
2.79235 2.12329
2.78812 2.11537
2.78357 2.09882
2.85332 2.23902
2.7855 2.10483
2.79493 2.1227
2.8422 2.21815
2.82704 2.19002
2.7854 2.10467
2.84973 2.23214
2.85077 2.23407
2.84767 2.2285
2.81161 2.15959
2.78493 2.10105
2.85002 2.23288
2.78537 2.10458
2.85827 2.24823
2.79353 2.1255
2.84301 2.2198
2.78564 2.10511
2.8319 2.19909
2.78462 2.10054
2.79487 2.12802
2.85067 2.23393
2.84264 2.21897
2.85054 2.2337
2.80902 2.15474
2.83895 2.21225
2.85604 2.24408
2.7829 2.09776
2.84961 2.23211
2.85015 2.23292
2.8102 2.15694
2.7946 2.12746
2.85465 2.2415
2.79485 2.12796
2.8486 2.23008
2.84689 2.22705
2.79505 2.12834
2.8461 2.22557
2.79398 2.1263
2.85266 2.23778
2.7837 2.09904
2.84605 2.22548
2.78504 2.10139
2.85024 2.23317
2.78503 2.10121
2.78641 2.10727
2.84738 2.22796
2.85837 2.24841
2.85092 2.23455
2.85137 2.23539
2.78517 2.10148
2.78404 2.10186
2.85268 2.23783
2.79077 2.111
2.85907 2.24973
2.7851 2.10132
2.84988 2.2325
2.78486 2.10097
2.80863 2.15401
2.79421 2.12141
2.85444 2.2411
2.78506 2.10127
2.79476 2.12779
2.78632 2.10714
2.85308 2.23857
2.7876 2.1095
2.81463 2.16526
2.85532 2.24274
2.84977 2.23229
2.85509 2.24232
2.78483 2.10091
2.78429 2.09998
2.85605 2.24411
2.78502 2.10134
2.79286 2.12424
2.85842 2.24852
2.7975 2.13305
2.78969 2.1133
2.85464 2.24148
2.85711 2.24607
2.79389 2.12613
2.85644 2.24482
2.79407 2.12652
2.81382 2.16375
2.85629 2.24455
2.85044 2.23354
2.79487 2.12801
2.7862 2.10685
2.79315 2.12485
2.79287 2.12426
2.79454 2.12735
2.78614 2.10674
2.85652 2.24498
2.78415 2.09975
2.78564 2.10586
2.85724 2.24631
2.85084 2.23429
2.78553 2.10489
2.78513 2.10143
2.78581 2.10265
2.84779 2.22857
2.85723 2.2463
2.8589 2.2494
2.78541 2.10464
2.85811 2.24793
2.80824 2.15326
2.85889 2.24939
2.84108 2.21613
2.78589 2.10278
2.83574 2.20618
2.84606 2.22539
2.80166 2.1409
2.85176 2.23598
2.78616 2.10623
2.85062 2.23381
2.84896 2.23078
2.79491 2.1281
2.84305 2.21978
2.78477 2.10083
2.8417 2.21727
2.78716 2.10872
2.85167 2.23583
2.78489 2.10103
2.85127 2.23509
2.85129 2.2351
2.79741 2.13288
2.85162 2.23572
2.84834 2.22956
2.85121 2.23495
2.79108 2.11153
2.83701 2.20854
2.79738 2.13283
2.85097 2.23453
2.84174 2.21735
2.85169 2.23584
2.84525 2.22388
2.79504 2.12832
2.79451 2.12731
2.84583 2.22489
2.83774 2.20989
2.78476 2.10077
2.78489 2.10452
2.84502 2.22339
2.85181 2.23608
2.78504 2.10128
2.80999 2.15656
2.78272 2.09742
2.8429 2.21945
2.84703 2.2272
2.78629 2.10701
2.84638 2.22593
2.84955 2.23189
2.84768 2.22841
2.80821 2.15321
2.84791 2.22883
2.84938 2.23153
2.84856 2.23005
2.78619 2.1069
2.85176 2.236
2.7861 2.10609
2.7972 2.13252
2.79429 2.1269
2.84944 2.23168
2.84855 2.23003
2.78589 2.10278
2.85025 2.23319
2.84954 2.23187
2.78529 2.10523
2.78414 2.10323
2.78817 2.11057
2.851 2.23451
2.78629 2.10702
2.85078 2.23417
2.78712 2.10864
2.85104 2.23466
2.79472 2.12767
2.84986 2.23239
2.78538 2.10457
2.85163 2.23575
2.78565 2.10594
2.84822 2.22934
2.85167 2.23584
2.78599 2.10588
2.84465 2.2227
2.7856 2.1023
2.84933 2.2314
2.85145 2.23539
2.79473 2.1277
2.78564 2.10512
2.84144 2.21674
2.78614 2.10674
2.84764 2.22825
2.78503 2.10126
2.85081 2.23416
2.84624 2.22565
2.85051 2.23359
2.78562 2.10587
2.84149 2.21682
2.78554 2.10489
2.85058 2.23373
2.78517 2.10148
2.79453 2.12737
2.79424 2.12681
2.78495 2.10468
2.81472 2.16543
2.78601 2.10651
2.84504 2.22343
2.84973 2.23215
2.79321 2.11961
2.85027 2.23314
2.85108 2.23466
2.78922 2.11249
2.79367 2.12583
2.79235 2.11808
2.8474 2.22782
2.79213 2.11767
2.78565 2.10514
2.78532 2.10444
2.84835 2.22958
2.78591 2.10571
2.79585 2.12435
2.78508 2.10129
2.84716 2.22738
2.84755 2.22809
2.78607 2.10669
2.85084 2.23422
2.84875 2.23032
2.7949 2.12816
2.79433 2.12696
2.81367 2.16345
2.79308 2.12462
2.84914 2.23105
2.7942 2.1267
2.84926 2.23127
2.84993 2.23252
2.79385 2.12605
2.81266 2.16157
2.78469 2.10416
2.85015 2.23293
2.85047 2.23351
2.78566 2.10517
2.85022 2.23306
2.78464 2.10057
2.78557 2.10495
2.85029 2.23319
2.8505 2.23358
2.79488 2.12802
2.85086 2.23425
2.84755 2.22811
2.78628 2.107
2.84541 2.22412
2.78553 2.10493
2.79301 2.11925
2.84953 2.23182
2.78477 2.10089
2.85069 2.23399
2.85165 2.23578
2.78861 2.10739
2.84544 2.22417
2.79349 2.12538
2.8515 2.23549
2.79363 2.12565
2.78261 2.10058
2.84621 2.22561
2.85126 2.23504
2.79555 2.12938
2.79403 2.12638
2.78515 2.10145
2.78547 2.10478
2.78557 2.10499
2.78629 2.10707
2.85106 2.23468
2.78615 2.1062
2.84992 2.23255
2.79161 2.12184
2.78565 2.10238
2.78732 2.109
2.786 2.1065
2.85001 2.23271
2.84948 2.23172
2.79714 2.13238
2.85167 2.23582
2.78398 2.10177
2.78611 2.10613
2.85019 2.23304
2.79106 2.11149
2.85001 2.2327
2.85182 2.23608
2.78635 2.10717
2.79462 2.12753
2.85053 2.23369
2.85093 2.23443
2.85142 2.23535
2.85145 2.2354
2.79208 2.12273
2.79588 2.1244
2.78559 2.10501
2.85178 2.23602
2.79328 2.12513
2.79358 2.12554
2.78621 2.10692
2.80888 2.15446
2.79492 2.12812
2.81392 2.16393
2.79747 2.13299
2.81159 2.15957
2.78472 2.10069
2.78259 2.10498
2.78566 2.10515
2.79485 2.12796
2.79166 2.12205
2.79299 2.11923
2.79499 2.12824
2.80323 2.14385
2.7949 2.12807
2.78518 2.10149
2.80517 2.1475
2.78512 2.10976
2.8056 2.14832
2.79503 2.12831
2.7905 2.11981
2.79694 2.132
2.81366 2.16343
2.79452 2.1273
2.78614 2.10693
2.79856 2.13508
2.79454 2.12737
2.81445 2.16493
2.78535 2.10187
2.78274 2.10527
2.79403 2.12644
2.78634 2.10716
2.78745 2.11415
2.78514 2.10145
2.7956 2.12947
2.79495 2.12816
2.81305 2.16231
2.79079 2.12041
2.79451 2.12745
2.79352 2.12549
2.78484 2.10089
2.81021 2.15697
2.8016 2.1408
2.79015 2.10997
2.80245 2.14239
2.79036 2.11953
2.79506 2.12835
2.80294 2.1433
2.80693 2.15081
2.78839 2.1108
2.78631 2.1071
2.79461 2.12752
2.79499 2.12822
2.79292 2.12432
2.78518 2.10151
2.78763 2.11446
2.79266 2.12382
2.79035 2.11958
2.78669 2.10787
2.79478 2.12779
2.79432 2.12705
2.80558 2.14827
2.78513 2.10141
2.81065 2.15779
2.795 2.12827
2.78492 2.10106
2.79371 2.12581
2.78527 2.10174
2.79699 2.13209
2.79465 2.12759
2.78564 2.10511
2.81278 2.1618
2.81199 2.16031
2.78554 2.10492
2.79449 2.12726
2.81319 2.16256
2.78972 2.11833
2.78516 2.10147
2.81208 2.16048
2.78461 2.10302
2.81279 2.16182
2.7905 2.11056
2.78622 2.10693
2.81437 2.16477
2.79185 2.12229
2.78598 2.10585
2.78679 2.11286
2.79474 2.12776
2.78535 2.10534
2.78574 2.10535
2.79435 2.12699
2.79501 2.12826
2.79445 2.12731
2.78218 2.0998
2.78633 2.10713
2.7972 2.13248
2.78374 2.10251
2.79211 2.1229
2.78511 2.10138
2.78841 2.11592
2.78625 2.10701
2.79467 2.12762
2.78504 2.10387
2.78611 2.10673
2.79462 2.12754
2.78503 2.10121
2.79076 2.12036
2.79646 2.13108
2.78573 2.10535
2.79449 2.12726
2.796 2.13022
2.79592 2.13008
2.79341 2.12534
2.79416 2.12663
2.78018 2.09621
2.79446 2.12733
2.79493 2.12811
2.79313 2.12481
2.78567 2.10517
2.79357 2.12565
2.78505 2.10129
2.78656 2.10764
2.79723 2.13254
2.78545 2.10558
2.79534 2.12898
2.78562 2.10508
2.78639 2.10724
2.79547 2.12923
2.79622 2.13063
2.78616 2.10678
2.79147 2.1165
2.78567 2.10517
2.78635 2.10718
2.79646 2.13109
2.79725 2.13258
2.78571 2.10248
2.79473 2.12769
2.78599 2.10648
2.79599 2.13021
2.79681 2.13176
2.7827 2.09739
2.79659 2.13133
2.79654 2.13124
2.78928 2.11259
2.78605 2.10672
2.78969 2.11828
2.79477 2.12783
2.79662 2.13139
2.79371 2.1258
2.78584 2.10621
2.79505 2.12835
2.79685 2.13183
2.79741 2.13288
2.79313 2.12475
2.795 2.12825
2.793 2.12451
2.7941 2.12657
2.79213 2.12286
2.78457 2.10049
2.79499 2.12822
2.79291 2.1243
2.79011 2.11908
2.78555 2.10493
2.78626 2.107
2.79169 2.12204
2.79305 2.12456
2.78502 2.1012
2.78609 2.10672
2.79168 2.12202
2.78465 2.10072
2.78545 2.10565
2.785 2.10382
2.79345 2.12536
2.78437 2.10016
2.79324 2.12491
2.78973 2.10927
2.79367 2.12577
2.79487 2.12802
2.79419 2.12671
2.79375 2.12591
2.78508 2.10135
2.79453 2.12738
2.78612 2.10614
2.79429 2.12693
2.79389 2.12613
2.79478 2.12779
2.7947 2.12771
2.79479 2.12787
2.79422 2.12675
2.79159 2.12182
2.79366 2.12569
2.79424 2.12677
2.79319 2.12481
2.79461 2.12748
2.79464 2.12753
2.78557 2.10498
2.79279 2.12407
2.79612 2.12483
2.79199 2.12257
2.795 2.12824
2.79481 2.12784
2.78463 2.1041
2.7935 2.12539
2.79363 2.12563
2.785 2.10384
2.79427 2.12687
2.79442 2.12712
2.79461 2.12748
2.78966 2.10916
2.79477 2.12778
2.78482 2.10087
2.78533 2.10184
2.7947 2.12764
2.7859 2.10568
2.79047 2.1105
2.78145 2.09849
2.79468 2.12764
2.78699 2.10793
2.78502 2.10119
2.79389 2.12614
2.79398 2.12632
2.79318 2.1248
2.7948 2.12787
2.78551 2.10483
2.78422 2.09987
2.79442 2.12715
2.78508 2.10134
2.78914 2.10828
2.79418 2.1267
2.78322 2.10019
2.79445 2.1272
2.78639 2.10725
2.79475 2.12778
2.78515 2.10144
2.79022 2.11009
2.79504 2.12832
2.78553 2.10582
2.78758 2.10947
2.78482 2.10347
2.78495 2.1011
2.79333 2.11983
2.78749 2.10935
2.78319 2.10012
2.7958 2.12426
2.78718 2.10876
2.7905 2.11476
2.78736 2.10908
2.79572 2.12411
2.78625 2.10701
2.78528 2.10522
2.79611 2.12482
2.7853 2.10445
2.78527 2.10436
2.78588 2.10629
2.78026 2.09635
2.78488 2.10096
2.78458 2.10047
2.79084 2.11113
2.78231 2.09999
2.78752 2.10936
2.78637 2.10719
2.79169 2.11689
2.79542 2.12357
2.78502 2.10125
2.78597 2.10644
2.78517 2.10149
2.7857 2.10599
2.78618 2.107
2.78528 2.1044
2.78428 2.10355
2.79625 2.12507
2.79469 2.12226
2.78667 2.10783
2.79572 2.12412
2.78593 2.10642
2.78565 2.10593
2.79399 2.12102
2.78612 2.10684
2.7962 2.12499
2.79011 2.11406
2.78972 2.11335
2.78899 2.11201
2.79036 2.11449
2.78627 2.10701
2.78638 2.10722
2.78641 2.10728
2.78641 2.10727
2.78271 2.10071
2.78407 2.10316
2.78628 2.107
2.79469 2.12228
2.79168 2.11687
2.79433 2.12162
2.78563 2.10234
2.79389 2.12083
2.78295 2.10115
2.79051 2.11057
2.787 2.10843
2.78575 2.10607
2.78518 2.10152
2.79399 2.12101
2.78738 2.10912
2.79528 2.12333
2.78518 2.1015
2.79522 2.12322
2.78546 2.10567
2.79489 2.12262
2.78629 2.10705
2.79481 2.12249
2.79548 2.12369
2.78375 2.10253
2.79529 2.12334
2.79607 2.12475
2.78555 2.10494
2.78617 2.10687
2.78495 2.10111
2.78481 2.10439
2.78228 2.09995
2.78638 2.10722
2.78607 2.10662
2.78505 2.10129
2.78572 2.10614
2.78615 2.10683
2.78746 2.10926
2.78749 2.10931
2.78491 2.10102
2.78495 2.10474
2.78508 2.1013
2.78764 2.10958
2.7862 2.1069
2.78427 2.10352
2.78689 2.10823
2.78564 2.10585
2.78612 2.10685
2.78567 2.10519
2.78568 2.10605
2.78751 2.10934
2.78627 2.10711
2.78634 2.10725
2.78762 2.10955
2.78516 2.10147
2.78522 2.10511
2.78685 2.10816
2.78662 2.10776
2.78696 2.10836
2.78655 2.10763
2.78712 2.10865
2.78616 2.10678
2.78689 2.10823
2.7873 2.10896
2.78619 2.10689
2.78731 2.10859
2.7872 2.10879
2.78732 2.109
2.78518 2.1015
2.78574 2.10606
2.78539 2.1046
2.78746 2.10926
2.78759 2.1095
2.78622 2.10688
2.78594 2.10645
2.78588 2.10277
2.78632 2.10713
2.78584 2.10269
2.78507 2.10489
2.78627 2.10705
2.78382 2.09923
2.78473 2.10429
2.78542 2.10546
2.78407 2.1031
2.78543 2.1055
2.78641 2.10729
2.78473 2.10428
2.78558 2.10497
2.78551 2.10564
2.78635 2.10716
2.78532 2.10535
2.78635 2.10717
2.78573 2.10607
2.78576 2.10613
2.78493 2.1046
2.78591 2.10639
2.78587 2.10632
2.78615 2.10683
2.785 2.10129
2.78604 2.10662
2.78624 2.10699
2.78494 2.10112
2.78638 2.10724
2.78403 2.10184
2.78755 2.10561
2.78581 2.10617
2.78635 2.10717
2.78572 2.106
2.78625 2.10694
2.78548 2.10558
2.78535 2.10456
2.7877 2.10939
2.7839 2.09943
2.78469 2.10418
2.78621 2.10687
2.78607 2.10662
2.78144 2.09529
2.78568 2.10593
2.78486 2.10095
2.78584 2.10621
2.7857 2.10597
2.78625 2.10695
2.78633 2.10712
2.7859 2.10633
2.78597 2.10644
2.78606 2.1066
2.7861 2.10668
2.78609 2.10666
2.78619 2.10684
2.78601 2.10655
2.78615 2.10676
2.78483 2.10348
2.78632 2.10711
2.7862 2.10685
2.78627 2.10699
2.78479 2.10086
2.78626 2.10695
2.78624 2.10693
2.78512 2.1014
2.78603 2.10659
2.78623 2.10694
2.78583 2.10623
2.78639 2.10723
2.78511 2.10134
2.78588 2.10631
2.78805 2.1101
2.78844 2.1109
2.78535 2.10535
2.78636 2.10719
2.78642 2.10729
2.7861 2.10671
2.78559 2.10502
2.78611 2.10674
2.78598 2.1065
2.78847 2.11095
2.78598 2.10649
2.78602 2.10657
2.78614 2.10679
2.78641 2.10728
2.7862 2.10689
2.78517 2.10148
2.78631 2.1071
2.78454 2.1004
2.78506 2.10126
2.78641 2.10727
2.78564 2.10512
2.78639 2.10724
2.78933 2.1086
2.78583 2.10271
2.78459 2.10049
2.791 2.1114
2.79081 2.11108
2.78763 2.10575
2.78514 2.10144
2.78555 2.10491
2.78822 2.10673
2.78552 2.10486
2.78377 2.09916
2.7822 2.09658
2.78575 2.10255
2.78937 2.10867
2.79076 2.111
2.78624 2.1034
2.78513 2.10142
2.791 2.1114
2.78486 2.10093
2.78494 2.10109
2.78515 2.10145
2.78149 2.09537
2.78507 2.10131
2.79058 2.1107
2.78547 2.10476
2.78491 2.10102
2.78507 2.10131
2.78498 2.10118
2.78264 2.09732
2.7851 2.10138
2.79015 2.10996
2.78544 2.10203
2.78472 2.10075
2.78524 2.10431
2.78715 2.10493
2.7874 2.10536
2.78835 2.10695
2.78956 2.11316
2.78716 2.10496
2.78509 2.10135
2.78875 2.10762
2.78509 2.10144
2.78553 2.10488
2.78296 2.09782
2.78377 2.09921
2.7851 2.10133
2.78834 2.10694
2.78993 2.1096
2.7831 2.09807
2.78926 2.10848
2.78986 2.10949
2.78447 2.10028
2.78913 2.10826
2.78478 2.10082
2.78973 2.10926
2.78576 2.10257
2.79027 2.11016
2.79062 2.11076
2.78358 2.09884
2.79029 2.11021
2.79098 2.11136
2.78497 2.10112
2.78476 2.10076
2.78581 2.10265
2.78511 2.10134
2.78583 2.10268
2.7843 2.1001
2.78516 2.10149
2.78592 2.10283
2.7856 2.10503
2.7839 2.09941
2.78497 2.10112
2.7851 2.10137
2.78496 2.10122
2.78553 2.10489
2.78547 2.10207
2.78469 2.10076
2.78486 2.10097
2.78501 2.10129
2.78461 2.10062
2.78474 2.10084
2.78514 2.10151
2.78591 2.10281
2.78499 2.10119
2.78531 2.1018
2.78553 2.10218
2.78551 2.10214
2.78561 2.1023
2.78509 2.10135
2.78546 2.10207
2.78564 2.10237
2.78617 2.10624
2.78504 2.10129
2.78572 2.1025
2.78478 2.10081
2.78899 2.112
2.78572 2.1025
2.78506 2.1013
2.78411 2.09972
2.78461 2.10055
2.78492 2.10106
2.7849 2.10104
2.78431 2.10005
2.78943 2.11291
2.78502 2.10119
2.78517 2.10149
2.78417 2.09983
2.78453 2.10042
2.78417 2.09982
2.7847 2.10072
2.78496 2.10114
2.78473 2.10075
2.78453 2.10042
2.78509 2.10401
2.78459 2.10053
2.78514 2.10145
2.78488 2.10101
2.78505 2.10128
2.78496 2.10114
2.7851 2.10133
2.78508 2.10135
2.7851 2.10139
2.78513 2.10143
2.78415 2.09974
2.78494 2.10106
2.78505 2.10125
2.78451 2.10034
2.78426 2.09994
2.78474 2.10073
2.78556 2.10499
2.78508 2.10129
2.78472 2.10069
2.78509 2.1013
2.78497 2.10111
2.78493 2.10104
2.78505 2.10124
2.78499 2.10115
2.78499 2.10114
2.78553 2.10488
2.78505 2.10125
2.78509 2.10131
2.78476 2.10077
2.78454 2.10041
2.78513 2.10141
2.78499 2.10118
2.785 2.1012
2.78502 2.10123
2.78606 2.10601
2.78611 2.10613
2.785 2.10119
2.78518 2.1015
2.78509 2.10135
2.78514 2.10144
2.78515 2.10144
2.78537 2.10454
2.78532 2.10452
2.78614 2.10619
2.78946 2.11297
2.78945 2.11295
2.78474 2.10328
2.78369 2.10117
2.78477 2.10334
2.7894 2.11284
2.78561 2.10507
2.78638 2.10669
2.78557 2.10498
2.78956 2.11316
2.78546 2.10474
2.78416 2.10213
2.78579 2.10546
2.78566 2.10515
2.78796 2.10992
2.7855 2.10481
2.78558 2.10506
2.78961 2.11327
2.7894 2.11284
2.78871 2.11144
2.78568 2.10519
2.78959 2.11323
2.78716 2.10828
2.78779 2.10956
2.787 2.10795
2.78725 2.10847
2.78562 2.10507
2.78831 2.11064
2.78559 2.10502
2.78522 2.10425
2.78566 2.10517
2.78419 2.10219
2.78474 2.1033
2.78562 2.10506
2.78778 2.10955
2.78884 2.11171
2.78867 2.11135
2.78429 2.10239
2.78831 2.11062
2.78871 2.11143
2.78607 2.10603
2.7892 2.11244
2.78907 2.11216
2.78551 2.10484
2.78904 2.1121
2.78931 2.11265
2.78908 2.1122
2.7854 2.10464
2.78923 2.11249
2.7856 2.10504
2.78954 2.11313
2.78537 2.10458
2.78578 2.10544
2.78558 2.105
2.78556 2.10499
2.7861 2.10609
2.78611 2.10612
2.78509 2.10403
2.78435 2.10251
2.7856 2.10503
2.78562 2.10508
2.78596 2.10581
2.78587 2.10562
2.78538 2.10463
2.78562 2.10511
2.78565 2.10517
2.78563 2.10507
2.78585 2.10559
2.78576 2.10541
2.78596 2.10581
2.78562 2.10506
2.78587 2.10562
2.78603 2.10596
2.78599 2.10587
2.78604 2.10598
2.78541 2.10464
2.78604 2.10597
2.78615 2.1062
2.78496 2.10374
2.78461 2.10301
2.78529 2.10442
2.7856 2.10501
2.78567 2.10518
2.78564 2.10512
2.78554 2.10489
2.78469 2.10318
2.78514 2.1041
2.78501 2.10383
2.78524 2.1043
2.78528 2.10436
2.78568 2.1052
2.78536 2.10455
2.78565 2.10514
2.78542 2.10467
2.78546 2.10476
2.78508 2.10396
2.78552 2.10488
2.78546 2.10475
2.78562 2.10506
2.78561 2.10506
2.78561 2.10507
2.78563 2.10509
2.78544 2.10469
2.78567 2.10518
2.78564 2.10513
2.7852 2.1042
2.78551 2.10484
2.78565 2.10514
2.7854 2.10461
2.78561 2.10503
2.78561 2.10504
2.78531 2.10442
2.78499 2.10377
2.7856 2.10501
2.78523 2.10426
2.78557 2.10496
2.78507 2.10393
2.78563 2.10507
2.78545 2.1047
2.78537 2.10454
2.78539 2.10459
2.78561 2.10504
2.7855 2.10481
2.78555 2.10492
2.78557 2.10495
2.78559 2.10499
2.78557 2.10496
2.78559 2.10499
2.78562 2.10506
2.78561 2.10504
2.78561 2.10503
2.78525 2.10431
2.78545 2.10471
2.78546 2.10475
2.78567 2.10517
2.78525 2.10431
2.7853 2.10442
2.78564 2.10512
2.78568 2.10519
2.78563 2.10509
2.78556 2.10494
2.7855 2.10483
2.78552 2.10487
2.78567 2.10517
2.78557 2.10497
2.78556 2.10494
2.78568 2.10519
2.78559 2.10502
2.78562 2.10507
2.78565 2.10514
2.78565 2.10514
2.78567 2.10518
2.78568 2.10519
