2.96642 2.10066
2.96624 2.10893
2.96611 2.11186
2.96654 2.09461
2.96629 2.10598
2.9666 2.09234
2.9666 2.09313
2.96659 2.09341
2.96652 2.09649
2.96647 2.09363
2.96618 2.10822
2.9664 2.10198
2.96617 2.11155
2.96642 2.09967
2.96644 2.10003
2.96636 2.10304
2.96633 2.10156
2.96634 2.10396
2.9664 2.10166
2.96646 2.09912
2.96659 2.0935
2.96661 2.09133
2.96629 2.10461
2.96654 2.09476
2.96666 2.09046
2.96657 2.09236
2.96648 2.09815
2.96618 2.11169
2.96632 2.10515
2.96661 2.09253
2.9664 2.10171
2.96644 2.1002
2.96617 2.11184
2.96636 2.10341
2.96658 2.09366
2.96625 2.10862
2.96624 2.1088
2.9662 2.1104
2.96658 2.09373
2.96613 2.113
2.96613 2.11349
2.96663 2.09167
2.96628 2.10702
2.96626 2.10802
2.96658 2.09173
2.96622 2.10982
2.96646 2.09933
2.96631 2.10577
2.9666 2.09274
2.96638 2.10248
2.96651 2.09698
2.96637 2.10288
2.96637 2.10341
2.96625 2.10785
2.96633 2.098
2.96618 2.11149
2.96622 2.10886
2.9663 2.10647
2.96632 2.10415
2.96662 2.09203
2.96623 2.10893
2.96632 2.09635
2.96655 2.09526
2.9662 2.11072
2.9663 2.10613
2.96659 2.09339
2.96612 2.11419
2.96641 2.10004
2.96653 2.09599
2.96614 2.10074
2.96655 2.09508
2.9663 2.1062
2.96665 2.0842
2.96611 2.11374
2.96655 2.09519
2.96659 2.09322
2.96616 2.1124
2.96662 2.09172
2.96636 2.10306
2.96618 2.11103
2.96662 2.09198
2.96665 2.08953
2.96616 2.1125
2.96629 2.10668
2.96616 2.11254
2.96631 2.10414
2.96632 2.10152
2.96615 2.11287
2.96648 2.09771
2.96616 2.11245
2.96662 2.09214
2.96664 2.08927
2.9662 2.10592
2.96626 2.10801
2.96638 2.1027
2.96643 2.09936
2.96646 2.0954
2.96627 2.10765
2.96611 2.11472
2.96632 2.10405
