2.96751 1.93157
2.96734 1.95055
2.96722 1.96175
2.96763 1.91844
2.96739 1.94477
2.96768 1.91301
2.96768 1.91372
2.96767 1.91439
2.9676 1.92167
2.96756 1.92214
2.96729 1.95362
2.96749 1.93444
2.96728 1.95747
2.96751 1.93075
2.96753 1.93015
2.96745 1.93799
2.96743 1.938
2.96743 1.94001
2.96749 1.93394
2.96755 1.92779
2.96767 1.91463
2.96769 1.91133
2.96739 1.94341
2.96762 1.9188
2.96773 1.90759
2.96765 1.91481
2.96756 1.92589
2.96728 1.95711
2.96742 1.94219
2.96769 1.91252
2.96749 1.93426
2.96753 1.93021
2.96728 1.95753
2.96746 1.93782
2.96766 1.91506
2.96735 1.94995
2.96734 1.95051
2.96731 1.95434
2.96766 1.91538
2.96724 1.96153
2.96724 1.96151
2.9677 1.91048
2.96738 1.94624
2.96736 1.94843
2.96766 1.91343
2.96733 1.95257
2.96755 1.92815
2.96741 1.94342
2.96768 1.91295
2.96748 1.93567
2.96759 1.92277
2.96747 1.93682
2.96746 1.93765
2.96735 1.94896
2.96743 1.93478
2.96729 1.95659
2.96733 1.95166
2.9674 1.94483
2.96742 1.94121
2.9677 1.91135
2.96734 1.95106
2.96742 1.93372
2.96763 1.91871
2.9673 1.95499
2.9674 1.94451
2.96767 1.91443
2.96723 1.96285
2.9675 1.93163
2.96761 1.92063
2.96724 1.9492
2.96763 1.91858
2.9674 1.94457
2.96772 1.90212
2.96722 1.96343
2.96763 1.91861
2.96767 1.91424
2.96726 1.95906
2.9677 1.91085
2.96746 1.93749
2.96728 1.95648
2.9677 1.91127
2.96773 1.90685
2.96726 1.95919
2.96739 1.94549
2.96726 1.95929
2.96741 1.94158
2.96742 1.93862
2.96726 1.95996
2.96756 1.92543
2.96727 1.95908
2.9677 1.9115
2.96772 1.90742
2.9673 1.9504
2.96736 1.94841
2.96747 1.9362
2.96752 1.92986
2.96755 1.92406
2.96737 1.94768
2.96722 1.96396
2.96742 1.94089
