2.9695 2.1044
2.96935 2.10321
2.96923 2.09953
2.9696 2.10471
2.96939 2.10292
2.96964 2.1052
2.96964 2.10587
2.96963 2.10582
2.96958 2.10522
2.96953 2.10045
2.9693 2.09989
2.96947 2.10431
2.96929 2.10218
2.96949 2.10349
2.96951 2.10447
2.96944 2.10337
2.96942 2.10109
2.96942 2.1033
2.96948 2.10419
2.96953 2.10479
2.96963 2.10578
2.96965 2.10488
2.96939 2.10183
2.96959 2.10469
2.96969 2.10626
2.96962 2.10391
2.96954 2.1047
2.96929 2.10265
2.96941 2.10354
2.96965 2.10583
2.96947 2.10405
2.96951 2.10468
2.96929 2.10258
2.96945 2.10405
2.96963 2.10571
2.96935 2.10317
2.96935 2.10304
2.96931 2.1027
2.96962 2.1056
2.96925 2.10145
2.96926 2.10221
2.96966 2.10601
2.96938 2.10344
2.96936 2.10336
2.96963 2.10396
2.96933 2.10309
2.96952 2.10485
2.9694 2.10357
2.96964 2.10585
2.96946 2.10419
2.96957 2.10517
2.96945 2.10396
2.96945 2.10417
2.96935 2.10274
2.96942 2.09782
2.9693 2.10272
2.96933 2.1023
2.96939 2.10362
2.96941 2.10273
2.96966 2.10593
2.96934 2.10285
2.96941 2.09592
2.9696 2.10551
2.96931 2.10272
2.96939 2.10333
2.96963 2.10576
2.96925 2.1023
2.96949 2.10342
2.96958 2.10522
2.96926 2.09088
2.9696 2.10532
2.96939 2.1034
2.96968 2.10054
2.96924 2.1012
2.9696 2.10546
2.96963 2.10564
2.96928 2.10233
2.96966 2.10582
2.96945 2.10376
2.96929 2.10212
2.96966 2.10591
2.96969 2.10538
2.96928 2.10238
2.96939 2.10345
2.96928 2.10237
2.96941 2.10243
2.96941 2.10056
2.96927 2.10239
2.96954 2.10436
2.96928 2.10239
2.96966 2.10599
2.96968 2.10458
2.96931 2.09867
2.96936 2.10336
2.96946 2.10413
2.9695 2.10366
2.96953 2.10181
2.96937 2.10335
2.96924 2.1023
2.96941 2.1028
