2.97166 2.04949
2.97153 2.01466
2.97143 1.98593
2.97174 2.07219
2.97156 2.02345
2.97178 2.08256
2.97178 2.08322
2.97178 2.08196
2.97173 2.06822
2.97169 2.05439
2.97149 2.00046
2.97164 2.04448
2.97148 2.00033
2.97166 2.04836
2.97167 2.05204
2.97161 2.03599
2.97159 2.02974
2.9716 2.03244
2.97164 2.04497
2.97168 2.05685
2.97177 2.08144
2.97179 2.08448
2.97156 2.02274
2.97174 2.07153
2.97182 2.09449
2.97176 2.07604
2.9717 2.05975
2.97148 2.00221
2.97158 2.02946
2.97179 2.08511
2.97164 2.04404
2.97167 2.05252
2.97148 2.00131
2.97162 2.03814
2.97177 2.08055
2.97153 2.01555
2.97153 2.01424
2.9715 2.00695
2.97177 2.07971
2.97145 1.99156
2.97145 1.99369
2.9718 2.089
2.97156 2.02245
2.97154 2.01859
2.97177 2.07847
2.97151 2.01097
2.97168 2.05641
2.97158 2.0275
2.97179 2.08446
2.97163 2.04209
2.97172 2.06625
2.97162 2.03956
2.97162 2.03874
2.97154 2.016
2.97159 2.02621
2.97149 2.00327
2.97152 2.01032
2.97157 2.02529
2.97158 2.02888
2.9718 2.08733
2.97152 2.01281
2.97158 2.02283
2.97175 2.07393
2.9715 2.00593
2.97157 2.02502
2.97178 2.08173
2.97144 1.99171
2.97165 2.04669
2.97173 2.06995
2.97145 1.98346
2.97175 2.07361
2.97157 2.02511
2.97182 2.08799
2.97143 1.98771
2.97175 2.07396
2.97178 2.08172
2.97147 1.99809
2.9718 2.08784
2.97162 2.03789
2.97148 2.00179
2.9718 2.08742
2.97182 2.09331
2.97147 1.99801
2.97156 2.02374
2.97147 1.99783
2.97158 2.02744
2.97159 2.02726
2.97146 1.99677
2.9717 2.05959
2.97147 1.99821
2.9718 2.08724
2.97181 2.09016
2.9715 2.0025
2.97154 2.01862
2.97163 2.04104
2.97166 2.0503
2.97169 2.0549
2.97155 2.01982
2.97144 1.98983
2.97159 2.02961
