2.97518 1.93069
2.97508 1.94448
2.975 1.95297
2.97524 1.92123
2.9751 1.94037
2.97527 1.91726
2.97527 1.91767
2.97527 1.91816
2.97523 1.92347
2.9752 1.92428
2.97504 1.94707
2.97516 1.93276
2.97504 1.94958
2.97517 1.93022
2.97518 1.92966
2.97514 1.93544
2.97513 1.93569
2.97513 1.9369
2.97516 1.93242
2.9752 1.92792
2.97527 1.91834
2.97528 1.91609
2.9751 1.93952
2.97524 1.92148
2.9753 1.91322
2.97525 1.91871
2.9752 1.92657
2.97504 1.94926
2.97512 1.93843
2.97528 1.91682
2.97516 1.93267
2.97518 1.92968
2.97504 1.94957
2.97514 1.93522
2.97526 1.91866
2.97508 1.94405
2.97508 1.94447
2.97506 1.94727
2.97526 1.9189
2.97501 1.9526
2.97502 1.95248
2.97529 1.91533
2.9751 1.94135
2.97509 1.94293
2.97526 1.91771
2.97507 1.94594
2.97519 1.92817
2.97511 1.93931
2.97527 1.91712
2.97515 1.93366
2.97522 1.92426
2.97515 1.93452
2.97514 1.93508
2.97508 1.9434
2.97512 1.93352
2.97504 1.94888
2.97507 1.9454
2.97511 1.94031
2.97512 1.93783
2.97528 1.91596
2.97507 1.94489
2.97512 1.93272
2.97524 1.9213
2.97505 1.94773
2.97511 1.94013
2.97527 1.9182
2.97501 1.95343
2.97517 1.93087
2.97523 1.92273
2.97502 1.94363
2.97524 1.92124
2.97511 1.94016
2.9753 1.90975
2.975 1.954
2.97524 1.92124
2.97527 1.91808
2.97503 1.9507
2.97528 1.91562
2.97514 1.93502
2.97504 1.94888
2.97528 1.91591
2.9753 1.91281
2.97503 1.95079
2.9751 1.94081
2.97503 1.95086
2.97512 1.93814
2.97512 1.93618
2.97503 1.95134
2.97521 1.92629
2.97503 1.95071
2.97528 1.91606
2.97529 1.91332
2.97505 1.94483
2.97509 1.94292
2.97515 1.93405
2.97518 1.92957
2.9752 1.92558
2.97509 1.94239
2.97501 1.95423
2.97512 1.93759
