2.97663 2.02782
2.97654 2.05284
2.97647 2.07
2.97668 2.01095
2.97656 2.04577
2.97671 2.00366
2.97671 2.004
2.97671 2.0049
2.97667 2.01461
2.97665 2.01892
2.97651 2.05938
2.97661 2.03153
2.9765 2.06244
2.97663 2.02753
2.97663 2.02597
2.97659 2.0368
2.97658 2.03862
2.97658 2.03941
2.97661 2.031
2.97664 2.02271
2.97671 2.00524
2.97672 2.0018
2.97656 2.04492
2.97668 2.01142
2.97674 1.99592
2.9767 2.00699
2.97665 2.02039
2.97651 2.06161
2.97658 2.04198
2.97672 2.00252
2.97661 2.03153
2.97663 2.02587
2.97651 2.06219
2.9766 2.03602
2.9767 2.00584
2.97654 2.0521
2.97654 2.05293
2.97652 2.05805
2.9767 2.00633
2.97648 2.06819
2.97649 2.06753
2.97672 1.99979
2.97656 2.04719
2.97655 2.05003
2.9767 2.0052
2.97653 2.05549
2.97664 2.02312
2.97657 2.04351
2.97671 2.00304
2.97661 2.03319
2.97667 2.01604
2.9766 2.03483
2.9766 2.03571
2.97654 2.05121
2.97658 2.03685
2.97651 2.06088
2.97653 2.05499
2.97657 2.04525
2.97658 2.0414
2.97672 2.00096
2.97653 2.05378
2.97658 2.03668
2.97669 2.01062
2.97652 2.05886
2.97657 2.0451
2.97671 2.005
2.97648 2.06915
2.97662 2.02872
2.97668 2.01329
2.97649 2.05928
2.97669 2.01063
2.97657 2.04511
2.97673 1.99331
2.97647 2.07081
2.97669 2.01054
2.97671 2.00486
2.9765 2.06434
2.97672 2.00042
2.9766 2.03584
2.97651 2.06125
2.97672 2.00087
2.97674 1.99572
2.9765 2.06446
2.97656 2.04623
2.9765 2.06459
2.97657 2.04212
2.97658 2.03981
2.97649 2.06542
2.97665 2.02009
2.9765 2.06432
2.97672 2.0011
2.97673 1.99709
2.97652 2.05619
2.97655 2.05
2.9766 2.03391
2.97663 2.02627
2.97665 2.02037
2.97655 2.04908
2.97648 2.07057
2.97658 2.04094
