2.89221 1.86522
2.89034 1.83587
2.88892 1.79019
2.89346 1.87995
2.89084 1.83716
2.89401 1.89
2.89401 1.89733
2.89395 1.89616
2.89321 1.88312
2.89268 1.84404
2.88971 1.80215
2.89194 1.86196
2.88959 1.818
2.89219 1.85601
2.89235 1.86718
2.89151 1.84809
2.89128 1.82861
2.89132 1.84555
2.89197 1.86082
2.8926 1.873
2.89392 1.89543
2.89413 1.88825
2.89085 1.82818
2.89342 1.87937
2.89462 1.90687
2.89371 1.87596
2.89277 1.87336
2.88967 1.82383
2.89114 1.84636
2.89412 1.89775
2.89193 1.85886
2.89237 1.86982
2.88963 1.82262
2.8916 1.8561
2.89387 1.89427
2.89039 1.83582
2.89032 1.83372
2.88994 1.82658
2.89383 1.8926
2.88914 1.80657
2.88922 1.815
2.89433 1.90154
2.89076 1.84195
2.89055 1.83932
2.89384 1.87783
2.89014 1.83284
2.89258 1.8735
2.89103 1.84581
2.89408 1.89766
2.89181 1.85946
2.89311 1.88163
2.89168 1.85581
2.89163 1.85767
2.89044 1.83151
2.89125 1.81463
2.88973 1.8251
2.89014 1.82447
2.89091 1.8453
2.89115 1.83857
2.89424 1.89987
2.89025 1.83104
2.89116 1.80828
2.89352 1.88895
2.88988 1.82632
2.89091 1.84205
2.89394 1.89538
2.88911 1.81506
2.89211 1.85446
2.89331 1.88393
2.88923 1.76966
2.89351 1.88668
2.89091 1.84278
2.89454 1.87048
2.88894 1.8023
2.89352 1.88846
2.89394 1.89399
2.88946 1.81838
2.89427 1.89885
2.8916 1.85285
2.88968 1.81813
2.89424 1.89972
2.8946 1.89752
2.88945 1.8189
2.89083 1.84275
2.88945 1.81871
2.89109 1.83538
2.89117 1.82433
2.88939 1.81842
2.89278 1.8699
2.88947 1.81904
2.89423 1.90049
2.89446 1.8894
2.88989 1.79856
2.89055 1.83934
2.89176 1.8583
2.89229 1.85858
2.89264 1.84983
2.89062 1.83977
2.88901 1.81414
2.89119 1.83958
