2.89773 1.98045
2.89604 1.91111
2.89477 1.8371
2.89885 2.02211
2.89649 1.9237
2.89935 2.04381
2.89935 2.05057
2.89929 2.04797
2.89863 2.01944
2.89815 1.97112
2.89548 1.86587
2.89748 1.97125
2.89537 1.87792
2.89771 1.97159
2.89785 1.98537
2.8971 1.94895
2.89689 1.92557
2.89693 1.94225
2.89751 1.97098
2.89808 1.99637
2.89926 2.0467
2.89946 2.04495
2.89651 1.91571
2.89882 2.02078
2.89989 2.07303
2.89908 2.0241
2.89823 2.00046
2.89544 1.88508
2.89677 1.93898
2.89945 2.05338
2.89747 1.96818
2.89787 1.98813
2.8954 1.88293
2.89718 1.95822
2.89922 2.0446
2.89609 1.91225
2.89603 1.90884
2.89568 1.89352
2.89919 2.04215
2.89496 1.85724
2.89504 1.86679
2.89963 2.06153
2.89642 1.92623
2.89623 1.91905
2.8992 2.02881
2.89586 1.90384
2.89806 1.9962
2.89667 1.93597
2.89941 2.05245
2.89737 1.9661
2.89853 2.01566
2.89725 1.95984
2.8972 1.96027
2.89613 1.90937
2.89686 1.91148
2.89549 1.88749
2.89586 1.89627
2.89655 1.93266
2.89677 1.93199
2.89955 2.058
2.89597 1.9048
2.89678 1.90335
2.8989 2.03162
2.89563 1.89197
2.89655 1.92969
2.89928 2.04704
2.89494 1.86424
2.89763 1.96816
2.89871 2.02236
2.89504 1.82395
2.89889 2.02937
2.89656 1.93038
2.89982 2.03726
2.89478 1.84876
2.8989 2.03127
2.89928 2.0459
2.89525 1.87529
2.89958 2.05785
2.89718 1.95527
2.89545 1.87995
2.89956 2.058
2.89987 2.06398
2.89525 1.8756
2.89648 1.92857
2.89524 1.87521
2.89671 1.92758
2.89679 1.91904
2.89518 1.87358
2.89823 1.99748
2.89526 1.87597
2.89954 2.05839
2.89975 2.05342
2.89563 1.86629
2.89623 1.91911
2.89732 1.96379
2.8978 1.97621
2.89811 1.97576
2.89629 1.92102
2.89484 1.86104
2.89681 1.93376
