2.91856 1.87113
2.91749 1.86174
2.91669 1.83954
2.91927 1.87445
2.91778 1.86031
2.91959 1.87807
2.91959 1.88244
2.91955 1.88203
2.91913 1.87745
2.91883 1.85405
2.91714 1.84311
2.91841 1.87036
2.91707 1.85433
2.91855 1.86555
2.91864 1.8717
2.91816 1.8639
2.91803 1.85215
2.91805 1.86324
2.91842 1.86955
2.91878 1.87407
2.91953 1.88172
2.91965 1.87638
2.91779 1.85443
2.91925 1.87426
2.91993 1.8855
2.91941 1.87055
2.91888 1.87358
2.91711 1.85746
2.91795 1.86453
2.91965 1.88225
2.9184 1.86858
2.91865 1.87317
2.91709 1.85694
2.91821 1.86834
2.91951 1.88124
2.91752 1.8615
2.91748 1.86055
2.91726 1.85798
2.91948 1.88043
2.91681 1.84937
2.91686 1.85416
2.91977 1.8836
2.91773 1.86355
2.91761 1.86289
2.91949 1.87107
2.91738 1.8608
2.91877 1.87446
2.91789 1.86467
2.91963 1.88235
2.91833 1.86942
2.91907 1.87702
2.91826 1.86782
2.91823 1.86914
2.91755 1.85872
2.91801 1.84153
2.91715 1.85797
2.91738 1.85575
2.91782 1.8649
2.91796 1.85967
2.91972 1.88299
2.91744 1.85925
2.91796 1.83687
2.9193 1.8796
2.91723 1.85807
2.91782 1.86298
2.91954 1.88162
2.91679 1.85468
2.9185 1.86501
2.91919 1.87753
2.91686 1.82007
2.9193 1.87831
2.91782 1.86341
2.91989 1.86081
2.9167 1.84766
2.91931 1.8793
2.91955 1.88079
2.91699 1.85515
2.91974 1.88225
2.91821 1.86641
2.91712 1.85401
2.91972 1.88288
2.91992 1.87994
2.91699 1.85548
2.91777 1.86373
2.91698 1.85541
2.91792 1.85795
2.91797 1.84975
2.91695 1.85549
2.91888 1.87145
2.917 1.85552
2.91971 1.88339
2.91984 1.87538
2.91724 1.83921
2.91761 1.86289
2.9183 1.86898
2.91861 1.86669
2.9188 1.85872
2.91765 1.86287
2.91673 1.85456
2.91798 1.86014
