2.93663 1.91615
2.93598 1.87758
2.9355 1.83847
2.93706 1.93989
2.93616 1.88543
2.93725 1.95179
2.93725 1.9546
2.93723 1.95317
2.93697 1.93752
2.93679 1.91222
2.93577 1.85437
2.93654 1.91089
2.93573 1.85996
2.93662 1.91226
2.93668 1.91892
2.93639 1.89941
2.93631 1.88737
2.93632 1.89564
2.93655 1.91097
2.93676 1.92477
2.93722 1.9525
2.93729 1.9528
2.93616 1.88176
2.93705 1.93916
2.93746 1.96708
2.93715 1.94165
2.93682 1.92736
2.93575 1.86334
2.93626 1.89338
2.93729 1.95634
2.93653 1.90958
2.93668 1.92011
2.93574 1.86221
2.93642 1.90372
2.9372 1.9514
2.936 1.87834
2.93598 1.87659
2.93584 1.86822
2.93719 1.95019
2.93557 1.84894
2.9356 1.85341
2.93736 1.9608
2.93613 1.88607
2.93606 1.88198
2.93719 1.94427
2.93592 1.87352
2.93676 1.92454
2.93622 1.89155
2.93727 1.95576
2.93649 1.9081
2.93694 1.93539
2.93645 1.90485
2.93643 1.90469
2.93602 1.87739
2.9363 1.87861
2.93577 1.86462
2.93592 1.87039
2.93618 1.8895
2.93626 1.89038
2.93733 1.95887
2.93595 1.87456
2.93627 1.8732
2.93708 1.94414
2.93582 1.86727
2.93618 1.88829
2.93722 1.95274
2.93556 1.85174
2.93659 1.91037
2.93701 1.93924
2.9356 1.82741
2.93708 1.9432
2.93618 1.88859
2.93743 1.9483
2.9355 1.84434
2.93708 1.94403
2.93723 1.95232
2.93568 1.85818
2.93734 1.95901
2.93642 1.90252
2.93576 1.86122
2.93733 1.95891
2.93745 1.96317
2.93568 1.85827
2.93615 1.88741
2.93568 1.85806
2.93624 1.88811
2.93627 1.88372
2.93566 1.85707
2.93682 1.92614
2.93568 1.85848
2.93733 1.95898
2.9374 1.9578
2.93583 1.85435
2.93606 1.88201
2.93647 1.90686
2.93666 1.91473
2.93678 1.9151
2.93608 1.88317
2.93552 1.84985
2.93628 1.89132
