2.94213 2.12356
2.94159 2.13763
2.94119 2.13966
2.94249 2.11266
2.94174 2.13177
2.94265 2.10897
2.94265 2.11123
2.94263 2.1117
2.94242 2.11674
2.94227 2.10827
2.94141 2.13344
2.94205 2.12592
2.94138 2.14129
2.94213 2.12073
2.94217 2.12246
2.94193 2.12683
2.94186 2.12235
2.94188 2.12845
2.94206 2.12517
2.94224 2.12115
2.94262 2.11181
2.94268 2.10678
2.94174 2.12828
2.94248 2.11292
2.94282 2.1067
2.94256 2.10781
2.94229 2.11922
2.9414 2.14212
2.94182 2.13094
2.94268 2.11006
2.94205 2.12511
2.94218 2.12305
2.94139 2.14231
2.94196 2.1283
2.94261 2.11203
2.94161 2.13699
2.94159 2.13716
2.94148 2.13975
2.9426 2.11203
2.94125 2.14321
2.94127 2.14496
2.94274 2.10867
2.94171 2.13431
2.94165 2.13609
2.9426 2.10672
2.94154 2.13915
2.94224 2.12162
2.94179 2.13213
2.94267 2.11048
2.94202 2.12672
2.94239 2.11759
2.94198 2.12719
2.94196 2.12843
2.94162 2.13505
2.94185 2.11528
2.94142 2.14182
2.94154 2.13645
2.94176 2.1335
2.94183 2.12823
2.94271 2.10925
2.94157 2.13719
2.94183 2.11263
2.94251 2.11479
2.94146 2.14038
2.94176 2.13252
2.94263 2.11159
2.94124 2.14639
2.9421 2.12135
2.94245 2.11582
2.94127 2.12122
2.9425 2.11421
2.94176 2.13273
2.9428 2.09222
2.94119 2.14433
2.94251 2.1146
2.94263 2.11111
2.94134 2.14307
2.94272 2.10852
2.94196 2.12729
2.9414 2.14026
2.94272 2.10913
2.94282 2.10397
2.94134 2.14331
2.94173 2.13369
2.94134 2.14337
2.94181 2.12792
2.94183 2.122
2.94132 2.14402
2.94229 2.11801
2.94134 2.14322
2.94271 2.10953
2.94278 2.10278
2.94146 2.12893
2.94165 2.13608
2.942 2.12705
2.94215 2.12034
2.94225 2.11188
2.94167 2.13539
2.94121 2.14737
2.94184 2.12811
