2.95705 2.12522
2.95675 2.11694
2.95653 2.10555
2.95724 2.12982
2.95683 2.11797
2.95733 2.13252
2.95733 2.13384
2.95732 2.13352
2.95721 2.13002
2.95712 2.11985
2.95665 2.10882
2.957 2.12419
2.95663 2.11255
2.95704 2.12342
2.95707 2.1258
2.95694 2.121
2.9569 2.11613
2.95691 2.12025
2.95701 2.12405
2.95711 2.12723
2.95732 2.13335
2.95735 2.13231
2.95683 2.116
2.95724 2.12966
2.95743 2.13652
2.95728 2.12917
2.95714 2.12757
2.95665 2.11373
2.95688 2.12013
2.95735 2.1341
2.957 2.12363
2.95707 2.12627
2.95664 2.11344
2.95695 2.12259
2.95731 2.13307
2.95676 2.11702
2.95675 2.11655
2.95669 2.11465
2.9573 2.13272
2.95656 2.10971
2.95657 2.11143
2.95738 2.1351
2.95682 2.11871
2.95678 2.11789
2.95731 2.12969
2.95672 2.11607
2.95711 2.12726
2.95686 2.11985
2.95734 2.13402
2.95698 2.12354
2.95719 2.12958
2.95696 2.12269
2.95696 2.12291
2.95677 2.11632
2.95689 2.11086
2.95666 2.11404
2.95672 2.11455
2.95684 2.11954
2.95688 2.11862
2.95737 2.13467
2.95674 2.11596
2.95688 2.10787
2.95725 2.13154
2.95668 2.11451
2.95684 2.11898
2.95732 2.13337
2.95656 2.11124
2.95703 2.123
2.95722 2.13032
2.95658 2.0945
2.95725 2.13114
2.95684 2.11911
2.95742 2.12649
2.95653 2.10859
2.95725 2.13146
2.95732 2.13315
2.95661 2.11242
2.95737 2.13455
2.95695 2.12203
2.95665 2.1127
2.95737 2.13465
2.95742 2.13476
2.95661 2.1125
2.95683 2.11897
2.95661 2.11245
2.95687 2.11786
2.95688 2.11485
2.9566 2.1123
2.95714 2.12695
2.95661 2.11254
2.95737 2.13476
2.9574 2.13284
2.95668 2.10741
2.95678 2.1179
2.95698 2.12324
2.95706 2.12407
2.95712 2.12193
2.9568 2.11809
2.95654 2.1109
2.95689 2.11888
