2.95795 2.07041
2.95767 2.09613
2.95745 2.11059
2.95814 2.0525
2.95774 2.0881
2.95822 2.04517
2.95822 2.04636
2.95821 2.04727
2.9581 2.05708
2.95802 2.05685
2.95757 2.09956
2.95791 2.07434
2.95755 2.10531
2.95795 2.06903
2.95797 2.06849
2.95784 2.07893
2.95781 2.07846
2.95782 2.08167
2.95791 2.07361
2.95801 2.06535
2.95821 2.04759
2.95824 2.04279
2.95774 2.08597
2.95813 2.05297
2.95832 2.03806
2.95818 2.04733
2.95803 2.06271
2.95757 2.10497
2.95779 2.08474
2.95824 2.0447
2.95791 2.07401
2.95797 2.06865
2.95756 2.10552
2.95786 2.0789
2.9582 2.04815
2.95767 2.09529
2.95766 2.09602
2.95761 2.10117
2.9582 2.04855
2.95749 2.11068
2.9575 2.11087
2.95827 2.04195
2.95773 2.09027
2.9577 2.09326
2.9582 2.04545
2.95764 2.09887
2.95801 2.06586
2.95777 2.08644
2.95823 2.04529
2.95789 2.07599
2.95809 2.05857
2.95787 2.0775
2.95786 2.0787
2.95768 2.09379
2.9578 2.07391
2.95757 2.10427
2.95764 2.09738
2.95775 2.08839
2.95779 2.08317
2.95826 2.04312
2.95765 2.09672
2.95779 2.07261
2.95815 2.0531
2.9576 2.10207
2.95775 2.08787
2.95821 2.0473
2.95748 2.11274
2.95793 2.07023
2.95812 2.05565
2.9575 2.09421
2.95815 2.05287
2.95775 2.08797
2.9583 2.02976
2.95745 2.11322
2.95815 2.05295
2.95821 2.04699
2.95753 2.10754
2.95826 2.0424
2.95786 2.07835
2.95757 2.10393
2.95826 2.043
2.95831 2.03678
2.95753 2.10774
2.95774 2.08925
2.95753 2.10787
2.95778 2.0836
2.95779 2.07923
2.95752 2.10879
2.95804 2.06198
2.95753 2.10759
2.95826 2.04334
2.95829 2.03737
2.9576 2.09507
2.9577 2.09324
2.95788 2.0767
2.95796 2.06787
2.95802 2.05959
2.95771 2.09222
2.95746 2.11427
2.9578 2.08275
