2.96585 2.09692
2.96566 2.07108
2.96552 2.04816
2.96597 2.11348
2.96571 2.07724
2.96603 2.12126
2.96603 2.12215
2.96602 2.12121
2.96595 2.11093
2.9659 2.09822
2.9656 2.05887
2.96582 2.09326
2.96559 2.06011
2.96585 2.09554
2.96586 2.0988
2.96578 2.08655
2.96576 2.08071
2.96576 2.08395
2.96583 2.09353
2.96589 2.10247
2.96602 2.1208
2.96604 2.12244
2.96571 2.07607
2.96597 2.11299
2.96609 2.13051
2.966 2.11578
2.96591 2.1045
2.9656 2.06176
2.96574 2.08195
2.96604 2.12348
2.96582 2.09277
2.96587 2.09928
2.96559 2.06107
2.96579 2.08853
2.96602 2.12012
2.96567 2.0717
2.96566 2.07067
2.96562 2.06521
2.96601 2.11944
2.96554 2.05334
2.96555 2.05535
2.96606 2.1264
2.9657 2.07683
2.96568 2.074
2.96601 2.11757
2.96564 2.06835
2.96589 2.10219
2.96573 2.08056
2.96604 2.12302
2.96581 2.09146
2.96594 2.10948
2.9658 2.0895
2.96579 2.08903
2.96567 2.07175
2.96575 2.07647
2.9656 2.06257
2.96564 2.06739
2.96572 2.07899
2.96574 2.08103
2.96605 2.12514
2.96565 2.06953
2.96574 2.07315
2.96598 2.11522
2.96562 2.06448
2.96572 2.07862
2.96602 2.121
2.96554 2.05397
2.96584 2.0943
2.96596 2.11218
2.96555 2.04247
2.96598 2.11488
2.96572 2.07873
2.96608 2.12263
2.96552 2.05041
2.96598 2.11522
2.96602 2.12092
2.96557 2.05859
2.96606 2.12544
2.96579 2.08816
2.9656 2.06112
2.96605 2.1252
2.96609 2.12912
2.96557 2.05857
2.96571 2.07777
2.96557 2.05843
2.96574 2.07982
2.96574 2.07862
2.96557 2.05768
2.96591 2.10417
2.96557 2.05871
2.96605 2.12512
2.96607 2.12637
2.96562 2.05969
2.96568 2.07403
2.9658 2.09066
2.96586 2.09706
2.96589 2.09931
2.96569 2.07488
2.96553 2.05262
2.96575 2.08161
