2.97205 2.10074
2.97193 2.09056
2.97183 2.08049
2.97214 2.1071
2.97196 2.09277
2.97217 2.11022
2.97217 2.1108
2.97217 2.11043
2.97212 2.10633
2.97208 2.09961
2.97189 2.08466
2.97203 2.09933
2.97188 2.08604
2.97205 2.09988
2.97206 2.10148
2.97201 2.09645
2.97199 2.09334
2.97199 2.09544
2.97204 2.09939
2.97208 2.10298
2.97217 2.11026
2.97218 2.11054
2.97196 2.0919
2.97213 2.10691
2.97221 2.1141
2.97215 2.10766
2.97209 2.10371
2.97188 2.08683
2.97198 2.09478
2.97218 2.11129
2.97203 2.09905
2.97206 2.10174
2.97188 2.08655
2.97201 2.09745
2.97216 2.10998
2.97193 2.09078
2.97193 2.09034
2.9719 2.08815
2.97216 2.10968
2.97185 2.08321
2.97185 2.08425
2.97219 2.11246
2.97196 2.09281
2.97194 2.09171
2.97216 2.10835
2.97191 2.08948
2.97208 2.1029
2.97197 2.09427
2.97218 2.11113
2.97203 2.0986
2.97211 2.10577
2.97202 2.09778
2.97201 2.09768
2.97193 2.09063
2.97199 2.0903
2.97189 2.08716
2.97191 2.08883
2.97197 2.09369
2.97198 2.09413
2.97219 2.11196
2.97192 2.08984
2.97198 2.08813
2.97214 2.10806
2.9719 2.08789
2.97197 2.09345
2.97217 2.11033
2.97185 2.08377
2.97205 2.09938
2.97213 2.1068
2.97185 2.0741
2.97214 2.10786
2.97197 2.09351
2.97221 2.10875
2.97183 2.08201
2.97214 2.10804
2.97217 2.11025
2.97187 2.08552
2.97219 2.11203
2.97201 2.0972
2.97188 2.08639
2.97219 2.11197
2.97221 2.11325
2.97187 2.08553
2.97196 2.09317
2.97187 2.08547
2.97198 2.09355
2.97198 2.09234
2.97186 2.0852
2.97209 2.10346
2.97187 2.08559
2.97219 2.11197
2.9722 2.1119
2.9719 2.08444
2.97194 2.09172
2.97202 2.09828
2.97206 2.10052
2.97208 2.10061
2.97195 2.09204
2.97184 2.08325
2.97198 2.09437
