2.97578 1.99726
2.97568 1.9633
2.97561 1.93585
2.97584 2.01948
2.97571 1.97201
2.97587 2.02956
2.97587 2.03007
2.97586 2.02884
2.97583 2.01547
2.9758 2.00282
2.97565 1.95004
2.97576 1.99236
2.97565 1.94945
2.97578 1.99634
2.97578 1.99975
2.97574 1.98422
2.97573 1.97854
2.97573 1.98075
2.97577 1.99287
2.9758 2.0044
2.97586 2.02834
2.97587 2.03151
2.97571 1.97153
2.97584 2.01884
2.9759 2.04105
2.97585 2.02342
2.97581 2.00727
2.97565 1.9512
2.97572 1.97777
2.97587 2.03193
2.97576 1.99198
2.97578 2.00017
2.97565 1.95034
2.97575 1.98619
2.97586 2.02748
2.97569 1.96419
2.97568 1.96293
2.97566 1.95585
2.97586 2.02668
2.97562 1.94099
2.97563 1.94293
2.97588 2.03571
2.9757 1.97091
2.97569 1.96713
2.97586 2.0258
2.97567 1.95971
2.9758 2.00396
2.97572 1.97584
2.97587 2.03128
2.97576 1.99003
2.97582 2.01355
2.97575 1.9876
2.97575 1.98675
2.97569 1.96472
2.97573 1.97562
2.97565 1.95222
2.97567 1.95924
2.97571 1.97366
2.97572 1.97737
2.97588 2.03409
2.97568 1.96157
2.97572 1.97257
2.97584 2.02102
2.97566 1.95484
2.97571 1.97346
2.97586 2.02863
2.97562 1.94096
2.97577 1.99471
2.97583 2.01717
2.97563 1.93453
2.97584 2.02075
2.97571 1.97353
2.97589 2.03573
2.97561 1.93727
2.97584 2.02106
2.97586 2.02864
2.97564 1.94722
2.97588 2.03462
2.97575 1.986
2.97565 1.9509
2.97588 2.03418
2.9759 2.04007
2.97564 1.94713
2.97571 1.97217
2.97564 1.94696
2.97572 1.97602
2.97572 1.9762
2.97563 1.94591
2.97581 2.00718
2.97564 1.94733
2.97588 2.03399
2.97589 2.03715
2.97566 1.95225
2.97569 1.96716
2.97575 1.98901
2.97578 1.99821
2.9758 2.00308
2.9757 1.96834
2.97562 1.93912
2.97573 1.97807
