2.97716 1.92232
2.97708 1.91546
2.97701 1.90864
2.97722 1.92661
2.9771 1.91695
2.97724 1.92871
2.97724 1.92911
2.97724 1.92885
2.9772 1.92609
2.97718 1.92144
2.97705 1.91144
2.97715 1.92137
2.97704 1.91241
2.97716 1.92174
2.97717 1.92282
2.97713 1.91943
2.97712 1.9173
2.97712 1.91875
2.97715 1.92141
2.97718 1.92383
2.97724 1.92874
2.97725 1.92892
2.9771 1.91635
2.97721 1.92648
2.97727 1.93133
2.97723 1.92697
2.97718 1.92433
2.97705 1.91295
2.97711 1.9183
2.97725 1.92943
2.97715 1.92118
2.97717 1.923
2.97704 1.91276
2.97713 1.92011
2.97723 1.92855
2.97708 1.91561
2.97708 1.91531
2.97706 1.91384
2.97723 1.92835
2.97702 1.91051
2.97703 1.91121
2.97725 1.93022
2.97709 1.91698
2.97709 1.91624
2.97723 1.92744
2.97707 1.91474
2.97718 1.92378
2.97711 1.91796
2.97724 1.92932
2.97714 1.92088
2.9772 1.92571
2.97714 1.92033
2.97713 1.92026
2.97708 1.91551
2.97712 1.91505
2.97705 1.91317
2.97707 1.91429
2.9771 1.91757
2.97711 1.91786
2.97725 1.92988
2.97707 1.91498
2.97711 1.91339
2.97722 1.92725
2.97706 1.91366
2.9771 1.91741
2.97724 1.92879
2.97702 1.91089
2.97716 1.9214
2.97721 1.92641
2.97703 1.90332
2.97722 1.92712
2.9771 1.91745
2.97726 1.92752
2.97701 1.9097
2.97722 1.92724
2.97724 1.92873
2.97704 1.91207
2.97725 1.92993
2.97713 1.91994
2.97705 1.91265
2.97725 1.92989
2.97727 1.93075
2.97704 1.91207
2.9771 1.91722
2.97704 1.91204
2.97711 1.91747
2.97711 1.9166
2.97703 1.91185
2.97719 1.92416
2.97704 1.91211
2.97725 1.92989
2.97726 1.92983
2.97706 1.91123
2.97709 1.91625
2.97714 1.92067
2.97716 1.92217
2.97718 1.92219
2.97709 1.91646
2.97702 1.91054
2.97711 1.91803
