2.97929 2.08499
2.97922 2.07293
2.97917 2.06247
2.97933 2.09277
2.97924 2.07587
2.97935 2.09638
2.97935 2.09672
2.97935 2.09628
2.97933 2.09151
2.97931 2.0858
2.9792 2.06746
2.97928 2.08327
2.97919 2.06788
2.97929 2.08444
2.97929 2.08587
2.97926 2.08022
2.97925 2.07764
2.97926 2.079
2.97928 2.08342
2.9793 2.08756
2.97935 2.0961
2.97936 2.09697
2.97924 2.07542
2.97933 2.09254
2.97938 2.10062
2.97934 2.09392
2.97931 2.08853
2.9792 2.0686
2.97925 2.07803
2.97936 2.09736
2.97928 2.08307
2.97929 2.08607
2.97919 2.06828
2.97927 2.08107
2.97935 2.09578
2.97922 2.07323
2.97922 2.07276
2.97921 2.07022
2.97935 2.09548
2.97918 2.06476
2.97918 2.06563
2.97937 2.09871
2.97924 2.07562
2.97923 2.07429
2.97935 2.09475
2.97921 2.07166
2.9793 2.08742
2.97925 2.07737
2.97936 2.09714
2.97927 2.08243
2.97932 2.09083
2.97927 2.08154
2.97927 2.08129
2.97922 2.07331
2.97925 2.07559
2.9792 2.06897
2.97921 2.0713
2.97924 2.07662
2.97925 2.07768
2.97936 2.09813
2.97922 2.07224
2.97925 2.07384
2.97934 2.0935
2.9792 2.06988
2.97924 2.07648
2.97935 2.09619
2.97918 2.06497
2.97928 2.08386
2.97933 2.09209
2.97918 2.05869
2.97934 2.09336
2.97924 2.07652
2.97937 2.09713
2.97917 2.06341
2.97934 2.0935
2.97935 2.09617
2.97919 2.06714
2.97936 2.09828
2.97927 2.08093
2.9792 2.06836
2.97936 2.09816
2.97938 2.10007
2.97919 2.06712
2.97924 2.07606
2.97919 2.06706
2.97925 2.07714
2.97925 2.07668
2.97919 2.0667
2.97931 2.08842
2.97919 2.06719
2.97936 2.09811
2.97937 2.09884
2.9792 2.06786
2.97923 2.07431
2.97927 2.08207
2.97929 2.08513
2.9793 2.08631
2.97923 2.07471
2.97917 2.06433
2.97925 2.07794
